non-bleached_44_01	non-bleached_44_02	non-bleached_44_03	non-bleached_k4_01	non-bleached_k4_02	non-bleached_k4_03
TRINITY_GG_13496_c0_g3	1.29989647479318	0.80826217645422	1.25642781254574	-1.12152882126438	-1.12152882126438	-1.12152882126438
TRINITY_GG_31353_c0_g1	0.254769243061768	0.963157714318351	1.3748376228614	-0.864254860080506	-0.864254860080506	-0.864254860080506
TRINITY_GG_72023_c47_g1	0.584396130391457	1.21056693359206	0.95425470401358	-0.916405922665701	-0.916405922665701	-0.916405922665701
TRINITY_GG_39409_c0_g1	1.66265449020934	2.31454054324189	-0.617932809297124	-1.11975407471803	-1.11975407471803	-1.11975407471803
TRINITY_GG_7459_c11_g2	-0.968190264071218	-0.968190264071218	-0.968190264071218	0.955909621569524	0.830067668573282	1.11859350207085
TRINITY_GG_19196_c37_g1	1.67070971483133	-0.272724723004761	1.47060485575339	-0.956196615859988	-0.956196615859988	-0.956196615859988
TRINITY_GG_29613_c18_g1	-0.88143879715559	-0.88143879715559	-0.88143879715559	1.72784338276098	0.860567413711147	0.0559055949946429
TRINITY_GG_74627_c22_g1	-1.03614154609463	-1.03614154609463	-1.03614154609463	0.871902744130254	0.835702102414683	1.40081979173897
TRINITY_GG_81815_c16_g1	1.64416600556934	1.67895622845751	0.119196923378779	-1.14743971913521	-1.14743971913521	-1.14743971913521
TRINITY_GG_94167_c0_g1	1.98477530480396	1.20364419024079	0.674668074869025	-1.28769585663793	-1.28769585663793	-1.28769585663793
TRINITY_GG_101499_c1_g1	1.28840792816873	2.58917117292044	-0.0467425152474756	-1.2769455286139	-1.2769455286139	-1.2769455286139
TRINITY_GG_41491_c0_g1	-1.29147620575108	-1.29147620575108	-1.29147620575108	2.0171176628332	0.449235527648023	1.40807542677201
TRINITY_GG_18282_c1_g1	0.413656965266663	1.16203793930481	1.26526980700918	-0.946988237193553	-0.946988237193553	-0.946988237193553
TRINITY_GG_13337_c1_g1	1.32301702094119	1.13586468888372	0.804718558938263	-1.08786675625439	-1.08786675625439	-1.08786675625439
TRINITY_GG_24032_c0_g1	1.00757981463372	1.05966037969786	0.759185394476812	-0.942141862936128	-0.942141862936128	-0.942141862936128
TRINITY_GG_90137_c0_g1	1.64938516127543	0.540866731786809	1.57070743345023	-1.25365310883749	-1.25365310883749	-1.25365310883749
TRINITY_GG_21875_c2_g1	0.583530380214653	1.98752740440521	0.45769516419002	-1.00958431626996	-1.00958431626996	-1.00958431626996
TRINITY_GG_46504_c1_g1	0.678673522241141	0.779279985993351	1.20720180393967	-0.888385104058054	-0.888385104058054	-0.888385104058054
TRINITY_GG_33714_c0_g1	-1.18312852435816	-1.18312852435816	-1.18312852435816	1.98438997937705	1.10611576079848	0.458879832898959
TRINITY_GG_46631_c0_g1	0.730338391717085	1.22386869868277	0.525169474227124	-0.826458854875658	-0.826458854875658	-0.826458854875658
TRINITY_GG_14717_c5_g1	-0.990079207910841	-0.990079207910841	-0.990079207910841	-0.0527348157606089	0.980774446429642	2.04219799306349
TRINITY_GG_24743_c1_g1	1.100588371827	1.28937397090777	0.28331422821362	-0.891092190316129	-0.891092190316129	-0.891092190316129
TRINITY_GG_88085_c27_g1	0.644162518182466	0.569389172800388	1.23540216458978	-0.816317951857545	-0.816317951857545	-0.816317951857545
TRINITY_GG_16307_c10_g1	0.984939004968448	0.787950240851707	0.886641986305501	-0.886510410708552	-0.886510410708552	-0.886510410708552
TRINITY_GG_72755_c3_g1	0.926097475309658	0.351610418247064	1.61242030810763	-0.963376067221451	-0.963376067221451	-0.963376067221451
TRINITY_GG_19593_c0_g1	-1.28623446670128	-1.04886783066982	-1.30253627903038	0.877372810984551	2.06246053774886	0.697805227668072
TRINITY_GG_102490_c0_g1	-1.04519632707028	-1.04519632707028	-1.04519632707028	1.10341244313494	0.433516675371444	1.59865986270445
TRINITY_GG_37908_c0_g1	-1.46359593190652	-1.46359593190652	-1.46359593190652	0.82918581732133	2.83996565607457	0.721636322323645
TRINITY_GG_44062_c0_g1	0.674370864899902	1.3302960333606	0.719888516081978	-0.908185138114159	-0.908185138114159	-0.908185138114159
TRINITY_GG_75250_c1_g1	0.362695263238169	0.744744350563102	1.32577579969434	-0.811071804498538	-0.811071804498538	-0.811071804498538
TRINITY_GG_22881_c6_g1	1.02899709862046	0.636654446622766	0.759976062033601	-0.808542535758943	-0.808542535758943	-0.808542535758943
TRINITY_GG_69963_c4_g1	-0.910337299970721	-0.910337299970721	-0.910337299970721	1.44834027134451	0.985740755426344	0.296930873141308
TRINITY_GG_74274_c0_g1	0.961405747399332	0.958502614979103	1.68347135014794	-1.20112657084213	-1.20112657084213	-1.20112657084213
TRINITY_GG_8738_c0_g1	-1.09631200013669	-1.09631200013669	-1.09631200013669	1.15131175605956	2.03544209084812	0.102182153502392
TRINITY_GG_62450_c3_g1	-1.26672021871608	-1.26672021871608	-1.26672021871608	1.10929226901366	1.17980070157711	1.51106768555747
TRINITY_GG_31107_c14_g1	-0.99110536517404	-0.99110536517404	-0.99110536517404	1.4373050601833	1.07136177832667	0.46464925701215
TRINITY_GG_44883_c0_g1	-0.953407493298584	-0.953407493298584	-0.953407493298584	-0.314638548881634	1.84464302146893	1.33021800730846
TRINITY_GG_69372_c0_g1	-1.00635849417396	-1.00635849417396	-1.00635849417396	1.79480016191974	0.437778462413628	0.786496858188526
TRINITY_GG_87197_c8_g2	1.17203999274986	0.632767081128418	0.837363919500817	-0.8807236644597	-0.8807236644597	-0.8807236644597
TRINITY_GG_97096_c6_g1	1.3425397641471	1.49256285933668	1.90558425282628	-1.58022895877002	-1.58022895877002	-1.58022895877002
TRINITY_GG_29817_c1_g1	0.414607203584201	1.15101951105489	1.33938328331528	-0.96833666598479	-0.96833666598479	-0.96833666598479
TRINITY_GG_57298_c0_g1	-0.861316069214416	-0.861316069214416	-0.861316069214416	0.574845770100034	1.31117144629572	0.697930991247497
TRINITY_GG_53451_c0_g1	1.37572174297138	1.09347246876068	0.736051429116567	-1.06841521361621	-1.06841521361621	-1.06841521361621
TRINITY_GG_82542_c10_g2	0.163444858863695	0.593897410529226	1.85497030002973	-0.870770856474218	-0.870770856474218	-0.870770856474218
TRINITY_GG_97192_c0_g1	1.7385657452625	2.3834284233843	0.0313204577301738	-1.38443820879232	-1.38443820879232	-1.38443820879232
TRINITY_GG_2302_c1_g1	1.98039227325689	2.11746176922755	1.62617609369646	-1.90801004539363	-1.90801004539363	-1.90801004539363
TRINITY_GG_15780_c70_g1	0.190036650819202	1.06814966642218	1.27646368334849	-0.844883333529957	-0.844883333529957	-0.844883333529957
TRINITY_GG_93075_c10_g1	-1.12354132555849	-1.12354132555849	-1.12354132555849	2.00425701280734	0.201845089101288	1.16452187476683
TRINITY_GG_3333_c2_g1	-0.703596112135511	2.28369501036615	2.19224534271927	-1.25744808031664	-1.25744808031664	-1.25744808031664
TRINITY_GG_7174_c11_g2	0.263922090106917	1.2863840277507	1.37061876677466	-0.973641628210758	-0.973641628210758	-0.973641628210758
TRINITY_GG_49537_c1_g1	-1.04282549634462	-1.04282549634462	-1.04282549634462	1.67350698394337	0.936102280036783	0.518867225053693
TRINITY_GG_12799_c27_g1	1.52510040789673	0.743682790856549	1.07291729482951	-1.1139001645276	-1.1139001645276	-1.1139001645276
TRINITY_GG_29735_c4_g1	0.888289707032418	0.690339641167546	1.72391855280748	-1.10084930033581	-1.10084930033581	-1.10084930033581
TRINITY_GG_104573_c18_g1	-1.0176869294055	-1.0176869294055	-1.0176869294055	1.23932368880053	0.198923139336945	1.61481396007902
TRINITY_GG_13761_c64_g1	-0.810790977193793	-0.810790977193793	-0.810790977193793	1.05868565677161	1.07478338717763	0.298903887632137
TRINITY_GG_24743_c2_g1	1.33508346555152	1.0764546177703	0.228383362737359	-0.879973815353059	-0.879973815353059	-0.879973815353059
TRINITY_GG_40168_c1_g1	1.4047493654743	0.188134814565544	1.28658502042483	-0.959823066821557	-0.959823066821557	-0.959823066821557
TRINITY_GG_98196_c4_g1	0.360897080697693	1.80897869735312	0.662718011856201	-0.944197929969004	-0.944197929969004	-0.944197929969004
TRINITY_GG_75402_c0_g3	1.2735778541291	1.04730826023366	0.218440610097951	-0.846442241486903	-0.846442241486903	-0.846442241486903
TRINITY_GG_4413_c1_g1	-1.11246293144028	-1.11246293144028	-1.11246293144028	1.84878995261793	0.931581401265746	0.55701744043715
TRINITY_GG_18677_c20_g2	1.76283204792477	1.87460296257839	0.0442105044439114	-1.22721517164902	-1.22721517164902	-1.22721517164902
TRINITY_GG_87769_c0_g1	1.25427889274625	0.318347037796978	1.66738406710373	-1.08000333254899	-1.08000333254899	-1.08000333254899
TRINITY_GG_19144_c1_g3	1.21918245448219	0.663019801823264	0.886510269100561	-0.922904175135338	-0.922904175135338	-0.922904175135338
TRINITY_GG_52150_c0_g1	-1.33414724789381	-1.33414724789381	-1.33414724789381	1.4791722070284	0.519848399282586	2.00342113737044
TRINITY_GG_13276_c3_g1	0.614224037283065	1.53538014982821	0.480974062194299	-0.876859416435191	-0.876859416435191	-0.876859416435191
TRINITY_GG_19852_c0_g1	0.901446613683125	3.00941087480312	3.32540998850459	-2.53498177436943	-2.40141824862832	-2.29986745399307
TRINITY_GG_17543_c0_g1	1.19955018975301	1.28776564773109	0.095213529938276	-0.860843122474127	-0.860843122474127	-0.860843122474127
TRINITY_GG_15887_c7_g1	-1.51631989021136	-1.51631989021136	-1.51631989021136	2.15372728913845	0.442708328732338	1.95252405276328
TRINITY_GG_66169_c2_g1	-1.01261927734278	-1.01261927734278	-1.01261927734278	1.65118073818898	1.30844294073102	0.0782341531083339
TRINITY_GG_10887_c32_g1	0.92293278130101	0.506467577758308	1.06004707125905	-0.829815810106124	-0.829815810106124	-0.829815810106124
TRINITY_GG_31644_c17_g2	0.874757829491687	0.565399556293306	0.851875958990794	-0.764011114925263	-0.764011114925263	-0.764011114925263
TRINITY_GG_98105_c11_g1	0.337494698960063	1.44613164971235	1.34275244061452	-1.04212626309565	-1.04212626309565	-1.04212626309565
TRINITY_GG_76820_c1_g1	-1.23625647243885	-1.23625647243885	-1.23625647243885	1.77201526552469	0.38057169416608	1.55618245762579
TRINITY_GG_92665_c0_g1	0.907647409610229	1.45067002318809	0.675043886346441	-1.01112043971492	-1.01112043971492	-1.01112043971492
TRINITY_GG_97193_c0_g1	2.59769839805276	3.00370511733623	1.88737615323374	-2.57290771524233	-2.47125763914789	-2.44461431423251
TRINITY_GG_85769_c0_g3	2.20605453255722	0.598722598121531	1.97089965558515	-1.59189226208797	-1.59189226208797	-1.59189226208797
TRINITY_GG_78374_c16_g2	0.47663616541665	1.1911670544695	1.19474977342322	-0.954184331103122	-0.954184331103122	-0.954184331103122
TRINITY_GG_5710_c0_g1	-1.59974828089878	-1.59974828089878	-1.59974828089878	2.03681834068846	0.641786860896933	2.12063964111096
TRINITY_GG_7561_c0_g1	-0.806313811463976	-0.806313811463976	-0.806313811463976	0.726751110405662	0.783928896598615	0.90826142738765
TRINITY_GG_87467_c0_g2	0.709898339934226	1.42812737151885	0.798834500341892	-0.978953403931655	-0.978953403931655	-0.978953403931655
TRINITY_GG_75902_c19_g1	-1.20392348591735	-1.08268444350223	-1.25772992961314	1.29193924111335	1.45111944749204	0.801279170427322
TRINITY_GG_66429_c0_g1	0.455507948000517	1.85049181683414	0.752731040010137	-1.01957693494827	-1.01957693494827	-1.01957693494827
TRINITY_GG_93059_c1_g2	1.87102335973177	0.225623063303195	1.26096987804778	-1.11920543369425	-1.11920543369425	-1.11920543369425
TRINITY_GG_63115_c0_g1	-0.910330656046385	-0.910330656046385	-0.910330656046385	1.36557034689315	-0.155870682420906	1.52129230366691
TRINITY_GG_34018_c1_g1	0.72947803248002	0.396447484024249	1.34572189606165	-0.823882470855307	-0.823882470855307	-0.823882470855307
TRINITY_GG_34813_c16_g1	-1.01902630316721	-1.01902630316721	-1.01902630316721	1.09534072178479	0.0095428490295586	1.95219533868729
TRINITY_GG_54216_c1_g1	-1.4151051133244	-1.4151051133244	-1.4151051133244	1.88443262624838	1.08467700682291	1.2762057069019
TRINITY_GG_101740_c2_g1	-1.00484695286709	-1.00484695286709	-1.00484695286709	1.52597291704643	0.710167797043806	0.778400144511029
TRINITY_GG_81642_c9_g3	1.15100175262712	1.19031323867849	1.49974631553356	-1.28035376894639	-1.28035376894639	-1.28035376894639
TRINITY_GG_68023_c0_g2	-0.854718412280013	-0.854718412280013	-0.854718412280013	0.790522100365252	1.57315589451267	0.200477241962112
TRINITY_GG_12030_c37_g1	-0.976298883786831	-0.976298883786831	-0.976298883786831	0.808205099142736	1.84663516424154	0.274056387976217
TRINITY_GG_87883_c0_g1	-0.938182117740415	-0.938182117740415	-0.938182117740415	-0.173496265218282	1.02010378318284	1.96793883525668
TRINITY_GG_7121_c0_g4	1.218174151927	1.033848356617	1.32040562396723	-1.19080937750374	-1.19080937750374	-1.19080937750374
TRINITY_GG_11630_c40_g1	-1.1735011488628	-1.1735011488628	-1.1735011488628	1.70050885667767	0.192751114836762	1.62724347507398
TRINITY_GG_27704_c0_g2	2.72636801474942	1.79107173189386	2.91099042764076	-2.34759312239309	-2.54041852594548	-2.54041852594548
TRINITY_GG_5918_c1_g1	-1.47190302296993	-1.47190302296993	-1.47190302296993	0.384883523318149	0.383289384989222	3.64753616060243
TRINITY_GG_12144_c33_g1	1.30196919074242	1.32185960287313	1.56024835291293	-1.39469238217616	-1.39469238217616	-1.39469238217616
TRINITY_GG_77718_c41_g1	-0.816295134344797	-0.816295134344797	-0.816295134344797	0.68959579538516	0.925279713073999	0.834009894575231
TRINITY_GG_78969_c0_g2	-0.948070917654671	-0.948070917654671	-0.948070917654671	0.429330513131123	0.958050035342429	1.45683220449046
TRINITY_GG_11605_c70_g1	0.644407790295848	0.675098859003586	0.966879990428539	-0.762128879909324	-0.762128879909324	-0.762128879909324
TRINITY_GG_81920_c25_g1	0.385753703619738	1.40268804264677	1.78980744307816	-1.22258244672792	-1.13308429588882	-1.22258244672792
TRINITY_GG_12833_c9_g1	-0.886086911463331	-0.886086911463331	-0.886086911463331	1.42017532826452	0.552738201712294	0.685347204413178
TRINITY_GG_94587_c0_g1	1.38335320999345	1.77032547865045	1.74228776866165	-1.67738594786423	-1.54119456157709	-1.67738594786423
TRINITY_GG_73672_c9_g1	-0.578858970678103	2.38276026331409	1.25393778166862	-1.01927969143487	-1.01927969143487	-1.01927969143487
TRINITY_GG_21811_c19_g1	-0.808104194729062	-0.808104194729062	-0.808104194729062	0.708415302932034	0.831127968520215	0.884769312734937
TRINITY_GG_72540_c53_g1	-0.773714526978679	-0.773714526978679	-0.773714526978679	1.08585752983857	0.836513062566014	0.398772988531455
TRINITY_GG_18508_c93_g1	1.06446563960826	1.41683667558501	0.122618325642369	-0.867973546945214	-0.867973546945214	-0.867973546945214
TRINITY_GG_78359_c38_g1	-1.49494466140411	-1.49494466140411	-1.49494466140411	1.9935703475537	1.60603298632071	0.885230650337916
TRINITY_GG_54890_c1_g1	0.475758585466802	1.00683438920849	0.830267570519887	-0.770953515065059	-0.770953515065059	-0.770953515065059
TRINITY_GG_62960_c0_g1	-1.04936558351609	-1.04936558351609	-1.04936558351609	1.84108110916381	0.704238952763901	0.60277668862057
TRINITY_GG_80373_c0_g2	1.49056247503003	0.850321373146867	0.854141060421532	-1.06500830286614	-1.06500830286614	-1.06500830286614
TRINITY_GG_49550_c1_g1	-0.850885779498296	-0.850885779498296	-0.850885779498296	1.19070766916089	1.03077883982205	0.331170829511954
TRINITY_GG_47136_c0_g1	-0.844319508779007	-0.844319508779007	-0.844319508779007	1.58569807794865	0.799536680995718	0.14772376739265
TRINITY_GG_68678_c0_g2	-0.166654144934471	1.43605182738249	1.51952444699713	-0.929640709815048	-0.929640709815048	-0.929640709815048
TRINITY_GG_101056_c0_g1	-1.07783890619577	-1.07783890619577	-1.07783890619577	0.951790661367297	1.53215238901691	0.749573668203091
TRINITY_GG_7557_c2_g1	-1.24569474590274	-1.24569474590274	-1.24569474590274	1.44494583271296	0.914902799977817	1.37723560501744
TRINITY_GG_87197_c8_g1	1.62757968319528	1.00603381443406	0.0850849432678131	-0.906232813632386	-0.906232813632386	-0.906232813632386
TRINITY_GG_75789_c55_g1	0.134143263625016	3.3274896890108	-0.0569633041451527	-1.13488988283022	-1.13488988283022	-1.13488988283022
TRINITY_GG_96540_c0_g1	-1.3261625779918	-1.25181523653172	-1.39516536561223	1.01349168579194	1.31117887009126	1.64847262425255
TRINITY_GG_99274_c0_g1	0.0146287898603679	3.42394109902709	4.75051654414647	-2.98863076391064	-2.69725173238289	-2.5032039367404
TRINITY_GG_71712_c0_g1	1.98585243786142	1.40378148411747	1.53888797289607	-2.51447662902523	-1.53071018686972	-0.883335078980003
TRINITY_GG_13634_c131_g1	-0.966544484501117	-0.966544484501117	-0.966544484501117	1.08621917270845	0.68100028520785	1.13241399558705
TRINITY_GG_91865_c10_g2	-1.45604185816339	-1.45604185816339	-1.45604185816339	1.14968950765233	2.1501634547791	1.06827261205876
TRINITY_GG_34743_c0_g2	-1.02638003289808	-1.02638003289808	-1.02638003289808	1.47773183111075	0.685555324080843	0.915852943502638
TRINITY_GG_28509_c0_g1	1.282884804762	0.44477570974578	1.39120024376288	-1.03962025275689	-1.03962025275689	-1.03962025275689
TRINITY_GG_101652_c4_g2	-2.23280528511927	-1.93909750338714	-1.0707137616827	3.05607288336266	0.821024308760692	1.36551935806576
TRINITY_GG_15262_c11_g1	-0.980654165741851	-0.980654165741851	-0.980654165741851	0.166652533038442	1.17509506693609	1.60021489725102
TRINITY_GG_48539_c0_g1	1.68934948608682	1.36113286847102	2.31877275394417	-1.789751702834	-1.789751702834	-1.789751702834
TRINITY_GG_45115_c3_g1	0.355518380516611	1.88796615366259	1.46212563430049	-1.23520338949323	-1.23520338949323	-1.23520338949323
TRINITY_GG_37388_c0_g1	-1.15693487155503	-1.15693487155503	-1.15693487155503	0.640078106281113	1.20483348786412	1.62589302051986
TRINITY_GG_76511_c23_g3	1.65149007601471	1.11967092220455	0.386328585326904	-1.05249652784872	-1.05249652784872	-1.05249652784872
TRINITY_GG_106637_c1_g2	0.647818984443023	0.989981563070439	0.9242062954202	-0.854002280977887	-0.854002280977887	-0.854002280977887
TRINITY_GG_74949_c38_g1	-0.235792820547877	1.50389680571491	1.98086003624478	-1.08298800713727	-1.08298800713727	-1.08298800713727
TRINITY_GG_56274_c0_g1	-1.10910576036749	-1.10910576036749	-1.10910576036749	2.10501904498536	1.0065933930641	0.215704843052997
TRINITY_GG_15780_c10_g1	-1.47953049865485	-1.47953049865485	-1.47953049865485	0.635169673750634	-0.972623944074153	4.77604576628806
TRINITY_GG_84828_c0_g1	0.92573157591998	0.870896769029403	0.590951123616817	-0.7958598228554	-0.7958598228554	-0.7958598228554
TRINITY_GG_28029_c27_g1	0.407591714649652	2.35933654604243	0.822510566365545	-1.19647960901921	-1.19647960901921	-1.19647960901921
TRINITY_GG_84346_c3_g3	0.613053406655678	1.16010945123195	1.60981212234264	-1.12765832674342	-1.12765832674342	-1.12765832674342
TRINITY_GG_17861_c14_g1	0.338251111238145	0.332698718082358	1.99936769956821	-0.890105842962903	-0.890105842962903	-0.890105842962903
TRINITY_GG_86831_c1_g1	0.239674328869044	0.607993579171513	1.61760090684555	-0.821756271628703	-0.821756271628703	-0.821756271628703
TRINITY_GG_46245_c1_g1	-0.885147738197318	-0.885147738197318	-0.885147738197318	0.783425278278571	1.45968075880012	0.412337177513257
TRINITY_GG_7881_c1_g1	-0.989593644143493	-0.989593644143493	-0.989593644143493	0.173905088139386	1.34697539762562	1.44790044666547
TRINITY_GG_76550_c0_g1	-1.26726618076542	-1.60216514873101	-1.1058027580713	0.747993605431831	1.65269117330286	1.57454930883303
TRINITY_GG_69523_c7_g1	0.226982135828795	1.35923506599956	0.843928583520164	-0.810048595116172	-0.810048595116172	-0.810048595116172
TRINITY_GG_85624_c67_g2	0.554092507800269	0.938540734845692	1.1519750161095	-0.881536086251821	-0.881536086251821	-0.881536086251821
TRINITY_GG_13615_c78_g2	0.0675708453913988	1.36044726275412	1.0691163142493	-0.832378140798273	-0.832378140798273	-0.832378140798273
TRINITY_GG_84420_c0_g2	-0.909633800295034	-0.909633800295034	-0.909633800295034	0.629897271179117	1.1947028595197	0.904301270186283
TRINITY_GG_77101_c0_g1	0.361211687664744	0.744035579536514	1.39148676705326	-0.832244678084841	-0.832244678084841	-0.832244678084841
TRINITY_GG_92343_c0_g1	2.68857051077454	1.0272039076987	1.61663327924045	-1.77746923257123	-1.77746923257123	-1.77746923257123
TRINITY_GG_6980_c155_g1	1.79540230776713	0.57651849443059	0.390211100873328	-0.920710634357016	-0.920710634357016	-0.920710634357016
TRINITY_GG_29264_c1_g1	2.29079254641413	2.60388936715555	2.43986659505435	-2.44235317659528	-2.49893670496164	-2.39325862706711
TRINITY_GG_56007_c0_g2	0.940750731576007	0.95138054255306	0.890491537461304	-0.92754093719679	-0.92754093719679	-0.92754093719679
TRINITY_GG_68573_c0_g1	3.61014470220773	-1.8042682646075	4.50712061509198	-2.03739579970514	-2.16867298533191	-2.10692826765516
TRINITY_GG_33473_c4_g1	1.35796785850294	0.848401242422309	0.871047529441217	-1.02580554345549	-1.02580554345549	-1.02580554345549
TRINITY_GG_31644_c20_g1	0.171114252086486	1.12943308650201	1.15134598232641	-0.817297773638302	-0.817297773638302	-0.817297773638302
TRINITY_GG_83313_c24_g1	0.517623279998386	1.76969861712852	0.525493976229351	-0.937605291118753	-0.937605291118753	-0.937605291118753
TRINITY_GG_36494_c0_g1	2.61340431128499	4.35766752870737	-0.937402785029336	-2.01122301832101	-2.01122301832101	-2.01122301832101
TRINITY_GG_81143_c42_g1	-0.848879773888605	-0.848879773888605	-0.848879773888605	1.09822527767927	0.0339588818786454	1.4144551621079
TRINITY_GG_16432_c49_g1	-2.06559967215594	-2.24727039126744	-2.11510317089287	2.51009950537139	2.86831296520282	1.04956076374206
TRINITY_GG_106200_c0_g1	1.56366691908205	2.29631234519948	1.26846848815382	-1.43589741881562	-2.05435098460613	-1.6381993490136
TRINITY_GG_93575_c75_g1	-1.7959444663357	-1.7959444663357	-1.7959444663357	1.67094363327252	1.63420696972553	2.08268279600905
TRINITY_GG_78641_c8_g1	-2.49690633447153	-2.49690633447153	-2.49690633447153	2.37439521611514	2.37409944046163	2.74222434683782
TRINITY_GG_19938_c4_g1	0.626797921757139	1.29112428871211	0.461918372197454	-0.793280194222235	-0.793280194222235	-0.793280194222235
TRINITY_GG_26179_c0_g1	-1.41992062042497	-1.73748917593358	-0.859914147149621	1.29688290467295	1.38037779694563	1.34006324188959
TRINITY_GG_22538_c0_g1	1.27159491310834	1.0219434061823	1.62196887440372	-1.30516906456479	-1.30516906456479	-1.30516906456479
TRINITY_GG_29105_c0_g1	0.744131254742553	2.54227961184694	0.454059950373828	-1.24682360565444	-1.24682360565444	-1.24682360565444
TRINITY_GG_65382_c0_g1	1.41861033746688	0.950461501728478	0.865251112209517	-1.07810765046829	-1.07810765046829	-1.07810765046829
TRINITY_GG_102423_c1_g1	0.418002855861036	0.770069583413192	1.62296778580131	-0.937013408358514	-0.937013408358514	-0.937013408358514
TRINITY_GG_64427_c23_g1	0.739673884338054	0.601018324240957	1.38153877629369	-0.9074103282909	-0.9074103282909	-0.9074103282909
TRINITY_GG_58062_c0_g1	-1.34596455381862	-1.34596455381862	-1.34596455381862	1.10002693709582	1.12808204550069	1.80978467885933
TRINITY_GG_98548_c0_g1	0.330431553271711	1.16711717918228	0.905925060715281	-0.801157931056425	-0.801157931056425	-0.801157931056425
TRINITY_GG_83924_c0_g1	1.41102685318009	1.66575335763615	0.137349734572854	-1.08977519987707	-1.03457954563495	-1.08977519987707
TRINITY_GG_12003_c19_g2	0.423861944416389	1.96124108076712	0.932024464289009	-1.10570916315751	-1.10570916315751	-1.10570916315751
TRINITY_GG_85520_c0_g1	1.10369735261106	0.799026581208501	0.950729439334102	-0.951151124384556	-0.951151124384556	-0.951151124384556
TRINITY_GG_72174_c0_g1	0.816248735544667	0.881343763766552	0.778299381317351	-0.825297293542857	-0.825297293542857	-0.825297293542857
TRINITY_GG_52355_c0_g1	0.85238012519377	1.67484576393867	1.41674390163871	-1.31465659692372	-1.31465659692372	-1.31465659692372
TRINITY_GG_73716_c1_g2	-1.20731626803016	-1.20731626803016	-1.20731626803016	1.52299761826362	0.599626396547605	1.49932478927925
TRINITY_GG_100814_c3_g1	-0.926975955062521	-0.926975955062521	-0.926975955062521	0.564620639347928	1.53873736453344	0.67756986130619
TRINITY_GG_12611_c0_g1	-1.48987875012855	-1.48987875012855	-1.48987875012855	1.84626178957091	1.74308893040309	0.880285530411655
TRINITY_GG_16632_c1_g1	2.44955728016472	3.26320197079028	1.88454300094433	-1.99327001589812	-2.61220563697275	-2.99182659902845
TRINITY_GG_7062_c2_g1	0.332144028840945	2.03255088414355	1.90609953852884	-1.42359815050444	-1.42359815050444	-1.42359815050444
TRINITY_GG_72701_c88_g1	0.830531462426246	0.273391625709412	1.41700353223029	-0.840308873455316	-0.840308873455316	-0.840308873455316
TRINITY_GG_67260_c0_g1	-0.963583916917496	-0.963583916917496	-0.963583916917496	0.824684165949341	0.373841747365192	1.69222583743796
TRINITY_GG_27315_c39_g1	1.37632771478121	1.39214011321592	1.04172833131595	-1.27006538643769	-1.27006538643769	-1.27006538643769
TRINITY_GG_19727_c16_g3	-1.22190415784249	-1.22190415784249	-1.22190415784249	1.03631323169353	1.32899650680503	1.3004027350289
TRINITY_GG_56163_c0_g3	-0.801605835941864	-0.801605835941864	-0.801605835941864	0.650989598761005	1.21060524800901	0.543222661055577
TRINITY_GG_11865_c85_g1	0.108063470722795	1.65490544702489	1.03656961677957	-0.933179511509087	-0.933179511509087	-0.933179511509087
TRINITY_GG_89008_c0_g1	-0.00525742314561017	0.590691739501803	2.15100973990619	-0.912148018754129	-0.912148018754129	-0.912148018754129
TRINITY_GG_55821_c0_g1	-1.56880749898985	-1.56880749898985	-1.56880749898985	0.828447846604575	1.95249455661933	1.92548009374565
TRINITY_GG_4204_c0_g2	0.66982553401423	0.659548054818403	1.93349985781855	-1.08762448221706	-1.08762448221706	-1.08762448221706
TRINITY_GG_100791_c7_g2	-0.878584617961233	-0.878584617961233	-0.878584617961233	0.571372865666771	1.21091353287787	0.853467455339057
TRINITY_GG_24424_c0_g1	0.930139624173656	1.34720082281769	0.430303229806278	-0.902547892265876	-0.902547892265876	-0.902547892265876
TRINITY_GG_62407_c0_g1	0.355648306293257	0.466599776129529	2.37265841563352	-1.06496883268543	-1.06496883268543	-1.06496883268543
TRINITY_GG_73809_c0_g2	1.32833095831166	1.62057166307755	1.85547749683159	-1.60146003940694	-1.60146003940694	-1.60146003940694
TRINITY_GG_97415_c0_g1	-0.886584443675691	-0.886584443675691	-0.886584443675691	1.12491119516214	0.866592183646432	0.668249952218502
TRINITY_GG_22363_c12_g1	2.02280529671196	-0.412389566661388	1.78890169749698	-1.13310580918252	-1.13310580918252	-1.13310580918252
TRINITY_GG_15158_c8_g1	-0.890896318477188	-0.890896318477188	-0.890896318477188	0.69694869077709	1.34207136205446	0.633668902600012
TRINITY_GG_88140_c5_g1	0.801814852918966	1.35284858910105	2.09578973388199	-1.14235165514481	-1.69504273226295	-1.41305878849424
TRINITY_GG_12833_c12_g1	0.258080144309613	2.54808362233871	1.58568213413137	-1.46394863359323	-1.46394863359323	-1.46394863359323
TRINITY_GG_66897_c2_g1	0.813290966149364	1.8751506195059	1.33407401826719	-1.34083853464082	-1.34083853464082	-1.34083853464082
TRINITY_GG_40769_c0_g1	1.78373353435311	1.26445025431565	2.22855230467032	-1.75483521912479	-2.42166908651463	-1.10023178769966
TRINITY_GG_43991_c0_g1	4.50629946721722	3.28421435826195	0.892867527268183	-2.89446045091579	-2.89446045091579	-2.89446045091579
TRINITY_GG_75475_c39_g1	-0.926459928239894	-0.926459928239894	-0.926459928239894	1.24730713949681	0.884188819542752	0.647883825680118
TRINITY_GG_31936_c0_g2	0.303823341947818	1.22592793027998	1.05892503682802	-0.862892103018605	-0.862892103018605	-0.862892103018605
TRINITY_GG_17498_c55_g1	1.34059792650706	0.884294814308398	1.01597320458994	-1.08028864846847	-1.08028864846847	-1.08028864846847
TRINITY_GG_101230_c0_g1	-1.10497942065966	-1.10497942065966	-1.10497942065966	1.55288920273118	1.64669852502792	0.115350534219894
TRINITY_GG_47753_c1_g2	0.483382100817555	2.31033322103619	0.370262735694579	-1.05465935251611	-1.05465935251611	-1.05465935251611
TRINITY_GG_73705_c0_g1	1.13664304917599	1.22070199430229	1.29862050903762	-1.21865518417197	-1.21865518417197	-1.21865518417197
TRINITY_GG_30252_c0_g1	-0.894522913800135	-0.894522913800135	-0.894522913800135	0.79879676501144	0.74331914652397	1.14145282986499
TRINITY_GG_22424_c1_g1	-2.0787818955	-2.0787818955	-2.0787818955	3.00770467474083	0.484132103412101	2.74450890834707
TRINITY_GG_10848_c31_g1	-0.0758648667672281	1.40104535080757	2.21139609623131	-1.17885886009055	-1.17885886009055	-1.17885886009055
TRINITY_GG_24134_c42_g1	1.66719081481512	1.16950841510347	0.26437899372085	-1.03369274121315	-1.03369274121315	-1.03369274121315
TRINITY_GG_96218_c1_g1	-1.34281786894313	-1.34281786894313	-1.34281786894313	1.46865316158671	1.49472176543628	1.0650786798064
TRINITY_GG_19144_c38_g1	0.40455317760943	1.24949858533127	0.955521012184524	-0.869857591708407	-0.869857591708407	-0.869857591708407
TRINITY_GG_89254_c57_g1	0.440558929057757	2.17317340389587	0.656301491580687	-1.09001127484477	-1.09001127484477	-1.09001127484477
TRINITY_GG_25858_c0_g2	-1.02442786444839	-1.02442786444839	-1.02442786444839	1.26393069774527	2.0480209856213	-0.238668090021383
TRINITY_GG_27466_c0_g1	0.677918756605531	0.42900855183236	1.65584115614537	-0.920922821527754	-0.920922821527754	-0.920922821527754
TRINITY_GG_82365_c0_g1	1.87574909011864	2.01134121673345	0.693010402948563	-1.52670023660022	-1.52670023660022	-1.52670023660022
TRINITY_GG_32626_c9_g1	0.813650474044165	2.80270687847928	2.77356759383874	-2.25725401008941	-1.87541692618336	-2.25725401008941
TRINITY_GG_97716_c9_g1	-0.0114184592228298	0.925845785429207	1.74244840909551	-0.885625245100628	-0.885625245100628	-0.885625245100628
TRINITY_GG_96166_c0_g1	0.399468649893766	1.64239933118494	1.12225374879741	-1.05470724329204	-1.05470724329204	-1.05470724329204
TRINITY_GG_38836_c0_g1	-0.974186715334939	-0.974186715334939	-0.974186715334939	1.69891738225523	1.37489543105615	-0.151252667306568
TRINITY_GG_102828_c33_g1	1.51250981962279	1.35717737277718	0.794147854607214	-1.22127834900239	-1.22127834900239	-1.22127834900239
TRINITY_GG_26171_c13_g1	-0.812250278815601	-0.812250278815601	-0.812250278815601	0.966799274021858	1.10651757050955	0.363433991915397
TRINITY_GG_27884_c1_g1	-0.998662230622933	-0.998662230622933	-0.998662230622933	1.4100496304065	0.389251693763015	1.19668536769929
TRINITY_GG_13719_c1_g1	0.67781947161796	1.98477072693369	2.06047162620055	-1.57435394158407	-1.57435394158407	-1.57435394158407
TRINITY_GG_21095_c24_g1	-0.16893464973986	2.25106245074224	2.87322099742259	-1.65178293280833	-1.65178293280833	-1.65178293280833
TRINITY_GG_99707_c0_g1	1.5405998847093	0.788241268356643	0.273864304930487	-0.867568485998809	-0.867568485998809	-0.867568485998809
TRINITY_GG_68288_c0_g1	1.58480765510629	1.72907509977174	2.60686457597949	-1.97358244361917	-1.97358244361917	-1.97358244361917
TRINITY_GG_63364_c1_g1	1.04045237205829	-0.144392418781905	2.04488952583245	-0.98031649303628	-0.98031649303628	-0.98031649303628
TRINITY_GG_11696_c153_g1	0.564898327975162	1.5016072116332	0.466564916520668	-0.844356818709675	-0.844356818709675	-0.844356818709675
TRINITY_GG_43203_c6_g1	0.974725051655006	0.85415895756227	0.900148494768769	-0.909677501328682	-0.909677501328682	-0.909677501328682
TRINITY_GG_92080_c0_g1	-1.20141368323195	-1.20141368323195	-1.20141368323195	2.05333151439726	-0.55525102607406	2.10616056137266
TRINITY_GG_24817_c17_g1	0.73509222963592	1.41939682946478	0.602165787900547	-0.918884949000416	-0.918884949000416	-0.918884949000416
TRINITY_GG_22923_c0_g1	-1.44222250060576	-1.44222250060576	-1.44222250060576	2.85856017271069	-0.66401392420767	2.13212125331426
TRINITY_GG_38343_c0_g1	3.08160454542564	3.03256289226616	-1.13474191536429	-1.6598085074425	-1.6598085074425	-1.6598085074425
TRINITY_GG_26612_c0_g1	1.49959289787303	0.88180435990989	1.01732671705152	-1.13290799161148	-1.13290799161148	-1.13290799161148
TRINITY_GG_11298_c132_g1	1.09984767819136	0.950303411481536	0.40317398093186	-0.817775023534919	-0.817775023534919	-0.817775023534919
TRINITY_GG_77591_c13_g3	0.524448386372246	0.345754894793159	1.62150035237651	-0.830567877847304	-0.830567877847304	-0.830567877847304
TRINITY_GG_53952_c1_g1	0.333132762884213	1.34545744035273	1.29817075208974	-0.992253651775561	-0.992253651775561	-0.992253651775561
TRINITY_GG_14497_c4_g4	1.01052320261617	1.00860548993065	0.686101583804001	-0.901743425450276	-0.901743425450276	-0.901743425450276
TRINITY_GG_72593_c5_g2	-1.1114284838837	-1.1114284838837	-1.1114284838837	2.481805754801	-0.207618925305005	1.06009862215511
TRINITY_GG_72304_c1_g1	0.0114533082893971	1.54430377649126	0.963481006131031	-0.839746030303897	-0.839746030303897	-0.839746030303897
TRINITY_GG_23773_c0_g1	-0.271603931598769	2.29007627189254	1.51470231349384	-1.17772488459587	-1.17772488459587	-1.17772488459587
TRINITY_GG_17667_c40_g1	-0.929573628775558	-0.929573628775558	-0.929573628775558	1.68041766643712	1.25882729582765	-0.150524075938099
TRINITY_GG_72701_c166_g1	-1.09603561336806	-1.09603561336806	-1.09603561336806	1.15431965839498	1.21546750210021	0.918319679609006
TRINITY_GG_20488_c59_g1	-0.9306397222228	-2.3917633563486	-2.0408077914798	1.32076411636282	1.99234186168757	2.05010489200081
TRINITY_GG_74707_c51_g2	0.725594229741131	0.648990564430211	1.1716637783653	-0.848749524178882	-0.848749524178882	-0.848749524178882
TRINITY_GG_12036_c0_g3	2.25488898215951	1.4963676584021	0.414606117185793	-1.38862091924913	-1.38862091924913	-1.38862091924913
TRINITY_GG_64487_c72_g1	1.84701339186938	0.179220536180964	0.655508577297412	-0.893914168449251	-0.893914168449251	-0.893914168449251
TRINITY_GG_65208_c33_g1	0.665318954592384	0.214689798632549	1.85287515586198	-0.910961303028971	-0.910961303028971	-0.910961303028971
TRINITY_GG_101719_c0_g1	1.11818037785458	0.881743911589066	1.86269495913634	-1.28753974952666	-1.28753974952666	-1.28753974952666
TRINITY_GG_95987_c0_g1	-1.07148539900306	-1.07148539900306	-1.07148539900306	1.23565164320186	1.10993524127708	0.868869312530235
TRINITY_GG_13845_c169_g1	0.338768531537168	0.817394190939667	1.67040062440483	-0.942187782293888	-0.942187782293888	-0.942187782293888
TRINITY_GG_34770_c0_g2	-1.00620023574177	-1.00620023574177	-1.00620023574177	1.01670016636831	1.0805835304003	0.921317010456706
TRINITY_GG_71824_c95_g1	0.408999322126721	1.35888797643602	0.797823188187738	-0.855236828916827	-0.855236828916827	-0.855236828916827
TRINITY_GG_7750_c7_g1	0.768406241565274	0.543099872478162	0.977980987705628	-0.763162367249688	-0.763162367249688	-0.763162367249688
TRINITY_GG_22236_c2_g5	1.53413727334146	1.48303349639024	0.241472830699109	-1.08621453347694	-1.08621453347694	-1.08621453347694
TRINITY_GG_6400_c1_g1	-0.921426695470142	-0.921426695470142	-0.921426695470142	1.32163301060239	0.83900717919997	0.603639896608069
TRINITY_GG_68719_c2_g1	-0.861920564001484	-0.861920564001484	-0.861920564001484	0.938824059935293	0.588564895859636	1.05837273620952
TRINITY_GG_99195_c0_g1	-1.35378562076174	-1.35378562076174	-1.35378562076174	1.29145489188353	0.679020524321506	2.09088144608017
TRINITY_GG_50866_c3_g1	1.83923002281647	1.43550182311813	1.73497193902315	-2.25917896381966	-1.44103368656495	-1.30949113457314
TRINITY_GG_20107_c0_g1	-0.231280319548332	1.43570629823379	2.64666266241295	-1.28369621369947	-1.28369621369947	-1.28369621369947
TRINITY_GG_17255_c4_g1	-1.61860212893176	-1.61860212893176	-1.61860212893176	1.67167481287577	1.43746110308675	1.74667047083277
TRINITY_GG_98822_c0_g1	-1.18882707834431	-1.18882707834431	-1.18882707834431	1.27793053738186	1.51427362125985	0.774277076391235
TRINITY_GG_89881_c3_g3	1.1732833376011	1.15436447669839	0.904477536392433	-1.07737511689731	-1.07737511689731	-1.07737511689731
TRINITY_GG_12860_c101_g1	-0.932676513644964	-0.932676513644964	-0.932676513644964	0.952116748898562	1.96301387681872	-0.117101084782392
TRINITY_GG_19727_c19_g1	-1.08512515134196	-1.08512515134196	-1.08512515134196	3.28949705484924	-0.0445833574791163	0.010461756655761
TRINITY_GG_13565_c11_g1	0.179197255297871	1.18058579731159	1.26612883004461	-0.87530396088469	-0.87530396088469	-0.87530396088469
TRINITY_GG_11578_c98_g1	-0.928873396836771	-0.928873396836771	-0.928873396836771	1.77533459811754	0.158589444413569	0.852696147979203
TRINITY_GG_21698_c39_g1	1.58974239349072	1.35809532883985	0.597958098922393	-1.18193194041765	-1.18193194041765	-1.18193194041765
TRINITY_GG_14700_c55_g1	-1.58304559787373	-1.58304559787373	-1.58304559787373	1.02694569733895	1.22389706670403	2.49829402957821
TRINITY_GG_89342_c31_g1	-1.09746544734636	-1.09746544734636	-1.09746544734636	-0.20838134874821	1.78184822896453	1.71892946182276
TRINITY_GG_17309_c0_g2	0.402947847627358	1.06460159745991	1.47077876065107	-0.979442735246112	-0.979442735246112	-0.979442735246112
TRINITY_GG_36481_c0_g1	-1.20043401119731	-1.20043401119731	-1.20043401119731	2.35611802505391	-0.212021985472517	1.45720599401052
TRINITY_GG_34907_c0_g1	0.57082222562588	2.71603939802548	0.984410872118239	-1.42375749858987	-1.42375749858987	-1.42375749858987
TRINITY_GG_101801_c1_g1	-1.61308425613908	-1.61308425613908	-1.61308425613908	0.861481578399399	2.57721453548752	1.40055665453031
TRINITY_GG_89342_c27_g1	-1.08841315961197	-1.08841315961197	-1.08841315961197	-0.48434183594311	2.04597208685585	1.70360922792317
TRINITY_GG_98682_c2_g1	-1.26379436441224	-1.26379436441224	-1.26379436441224	1.73674654481395	1.50449584235371	0.550140706069073
TRINITY_GG_17560_c4_g2	1.14198652592522	0.338363357218064	0.940614201920388	-0.806988028354556	-0.806988028354556	-0.806988028354556
TRINITY_GG_70666_c25_g2	-1.00733415909647	-1.00733415909647	-1.00733415909647	1.29805274738121	0.586258646768121	1.13769108314009
TRINITY_GG_30087_c0_g1	-0.540883070034304	2.51966119107069	2.22854634778261	-1.40244148960633	-1.40244148960633	-1.40244148960633
TRINITY_GG_71275_c78_g2	0.978623589239211	2.90937018342147	1.99099283527385	-1.95966220264484	-1.95966220264484	-1.95966220264484
TRINITY_GG_21805_c31_g1	1.5204001307337	0.301098979148407	0.947324775326459	-0.922941295069523	-0.922941295069523	-0.922941295069523
TRINITY_GG_11021_c78_g1	-0.840631131792347	-0.840631131792347	-0.840631131792347	1.23216068631436	0.848220612073534	0.441512096989152
TRINITY_GG_82770_c0_g1	1.54992467512713	2.41044545035086	1.4230631735274	-1.79447776633513	-1.79447776633513	-1.79447776633513
TRINITY_GG_69489_c8_g1	-1.94047245759616	-1.94047245759616	-1.94047245759616	2.24792846700705	1.49755418952778	2.07593471625367
TRINITY_GG_84829_c2_g1	0.37519817012167	1.31802446173444	1.05068625331141	-0.91463629505584	-0.91463629505584	-0.91463629505584
TRINITY_GG_73592_c32_g3	0.304449735333838	2.66025130975134	0.315358634500777	-1.09335322652865	-1.09335322652865	-1.09335322652865
TRINITY_GG_12760_c77_g1	-1.2017816737292	-1.2017816737292	-1.2017816737292	2.63434444450574	1.5887818671253	-0.61778129044343
TRINITY_GG_80069_c5_g2	0.624618656099438	2.04690693880881	1.33948842165427	-1.33700467218751	-1.33700467218751	-1.33700467218751
TRINITY_GG_67701_c0_g1	-0.3997725108107	1.51376637225985	4.04591113478133	-1.71996833207683	-1.71996833207683	-1.71996833207683
TRINITY_GG_19727_c16_g4	-1.14793896995196	-1.14793896995196	-1.14793896995196	1.69363166744356	1.56355593669813	0.186629305714177
TRINITY_GG_72341_c0_g1	1.46890294392022	0.122197275998459	1.85479169874694	-1.14863063955521	-1.14863063955521	-1.14863063955521
TRINITY_GG_91166_c4_g1	-1.59015612568993	-1.59015612568993	-1.59015612568993	1.94713994140091	0.857423070858955	1.96590536480992
TRINITY_GG_86450_c27_g1	-0.785021922680708	-0.785021922680708	-0.785021922680708	0.673884984170158	1.35116946360644	0.330011320265532
TRINITY_GG_10185_c0_g1	1.58745559304425	0.629542662651561	1.11262203655259	-1.10987343074947	-1.10987343074947	-1.10987343074947
TRINITY_GG_20555_c57_g1	-1.18170979652192	-1.18170979652192	-1.18170979652192	0.95448158976522	2.09880117233233	0.49184662746822
TRINITY_GG_74037_c11_g2	0.661637790401377	0.902444685625961	0.841871523324209	-0.801984666450516	-0.801984666450516	-0.801984666450516
TRINITY_GG_72589_c219_g1	-0.440956180170774	1.44715473943896	2.16009282975724	-1.05543046300847	-1.05543046300847	-1.05543046300847
TRINITY_GG_20384_c66_g1	0.452221244367079	1.03541681891405	1.0358096562319	-0.841149239837674	-0.841149239837674	-0.841149239837674
TRINITY_GG_47627_c0_g1	-1.64299856191599	-1.59554809996776	-1.28604864951758	0.531158314822807	1.67206998557773	2.32136701100079
TRINITY_GG_87206_c7_g1	1.28333891731932	0.802092645165199	0.350299636614601	-0.811910399699706	-0.811910399699706	-0.811910399699706
TRINITY_GG_81721_c62_g1	-0.834790891385916	-0.834790891385916	-0.834790891385916	0.516837437716866	0.965539581538719	1.02199565490216
TRINITY_GG_82629_c37_g1	-1.0669123702512	-1.0669123702512	-1.0669123702512	2.13613213314807	0.246333481536366	0.818271496069155
TRINITY_GG_100791_c0_g2	-0.979026800703714	-1.02865756842831	-1.02865756842831	1.48053153130074	0.539374536342965	1.01643586991663
TRINITY_GG_70417_c0_g2	0.856419047848682	1.65658388147398	1.49337525477038	-1.33545939469768	-1.33545939469768	-1.33545939469768
TRINITY_GG_100791_c3_g1	-1.15359152596608	-1.15359152596608	-1.15359152596608	0.905071313412484	1.07075751123664	1.48494575324911
TRINITY_GG_21221_c0_g1	0.43480070347487	1.07359907256525	2.06441229926121	-1.19093735843378	-1.19093735843378	-1.19093735843378
TRINITY_GG_73122_c3_g1	0.896724827777059	0.378979401341166	1.05071834489789	-0.775474191338707	-0.775474191338707	-0.775474191338707
TRINITY_GG_71933_c11_g2	0.271659096043823	1.52616647092188	0.612768087368483	-0.803531218111396	-0.803531218111396	-0.803531218111396
TRINITY_GG_74007_c5_g1	2.28805574030699	0.855848476346017	1.04234424099169	-1.39541615254823	-1.39541615254823	-1.39541615254823
TRINITY_GG_66206_c2_g1	0.763429707950991	1.20227498533288	0.549095732306029	-0.838266808529967	-0.838266808529967	-0.838266808529967
TRINITY_GG_50912_c0_g1	-0.844675991761792	-0.844675991761792	-0.844675991761792	0.273019050907963	1.68938561065933	0.571623313718087
TRINITY_GG_64770_c0_g1	-0.83973811102276	-0.83973811102276	-0.83973811102276	1.38522825397751	0.384919623097978	0.74906645599279
TRINITY_GG_104485_c1_g1	1.90140452602536	0.439101381720503	1.36828288534007	-1.23626293102864	-1.23626293102864	-1.23626293102864
TRINITY_GG_100197_c9_g1	2.52059326541838	0.485117566541952	0.73769761473858	-1.24780281556631	-1.24780281556631	-1.24780281556631
TRINITY_GG_35532_c0_g2	-0.975769147889448	-0.975769147889448	-0.975769147889448	1.38065641119736	1.34673590962944	0.199915122841549
TRINITY_GG_69491_c1_g1	-1.0434749197387	-1.0434749197387	-1.0434749197387	2.11921851247254	0.118090336658331	0.893115910085237
TRINITY_GG_32300_c16_g1	0.92364003233315	1.26451446316252	1.25827195771396	-1.14880881773654	-1.14880881773654	-1.14880881773654
TRINITY_GG_82660_c0_g2	0.457665002995141	1.42726786819109	0.900849543228386	-0.928594138138205	-0.928594138138205	-0.928594138138205
TRINITY_GG_77615_c13_g2	-1.49398456900879	-1.7985794908758	-1.20167138524873	1.15022474646612	1.19061170440594	2.15339899426126
TRINITY_GG_59475_c1_g1	-1.09521415690668	-1.09521415690668	-1.09521415690668	1.46427765629836	-0.23365573733465	2.05502055175633
TRINITY_GG_76542_c92_g1	0.280745066245565	0.470691291605017	1.9620252061032	-0.904487187984595	-0.904487187984595	-0.904487187984595
TRINITY_GG_16773_c10_g1	0.0115139000528577	1.10890235827613	1.9771750396305	-1.03253043265316	-1.03253043265316	-1.03253043265316
TRINITY_GG_76226_c0_g1	2.1840361887261	1.34486881714856	1.59790787376705	-1.70893762654724	-1.70893762654724	-1.70893762654724
TRINITY_GG_31481_c0_g1	0.274312127443195	1.56799732937197	1.25878810451178	-1.03369918710898	-1.03369918710898	-1.03369918710898
TRINITY_GG_81730_c9_g1	1.07011505834348	2.05135002513269	-0.182917955332813	-0.979515709381119	-0.979515709381119	-0.979515709381119
TRINITY_GG_8564_c0_g1	0.526177649779153	0.909956007239815	1.06389690492636	-0.833343520648442	-0.833343520648442	-0.833343520648442
TRINITY_GG_75587_c69_g1	-0.822778041686526	-0.822778041686526	-0.822778041686526	0.980448994748402	0.829364230450138	0.658520899861039
TRINITY_GG_18677_c15_g4	0.500664200211743	1.4299359949619	1.13658738957688	-1.02239586158351	-1.02239586158351	-1.02239586158351
TRINITY_GG_87959_c17_g1	-0.820155553831305	-0.820155553831305	-0.820155553831305	0.797613091973092	0.480846702201509	1.18200686731932
TRINITY_GG_88140_c7_g3	-0.21087390804463	1.94701945016169	1.35793221097596	-1.03135925103101	-1.03135925103101	-1.03135925103101
TRINITY_GG_53188_c0_g1	-1.46469110368857	-1.46469110368857	-1.46469110368857	1.67494210142596	1.31750775195129	1.40162345768847
TRINITY_GG_23236_c1_g1	2.89078457440579	3.29057044270561	1.73275525269864	-2.63803675660334	-2.63803675660334	-2.63803675660334
TRINITY_GG_99871_c21_g1	0.813385262751664	0.381333364543372	1.26053384922236	-0.818417492172465	-0.818417492172465	-0.818417492172465
TRINITY_GG_85343_c0_g1	1.0803211849137	1.16798938388639	0.1954701203085	-0.814593563036198	-0.814593563036198	-0.814593563036198
TRINITY_GG_11962_c200_g1	-1.40221726566807	-1.40221726566807	-1.40221726566807	1.74231862327954	0.747692401866856	1.71664077185781
TRINITY_GG_7394_c1_g1	-1.14217727228397	-1.14217727228397	-1.14217727228397	0.654835705552171	1.65234256834032	1.11935354295943
TRINITY_GG_50528_c0_g2	-1.07726323749007	-1.07726323749007	-1.07726323749007	1.28282005842326	1.15478347586004	0.794186178186926
TRINITY_GG_47251_c0_g1	-0.808311805480222	-0.808311805480222	-0.808311805480222	0.712738931420741	0.755822437978015	0.956374047041911
TRINITY_GG_100627_c16_g1	0.604031298792388	1.13847357735825	0.574272377483355	-0.772259084544664	-0.772259084544664	-0.772259084544664
TRINITY_GG_11197_c202_g2	0.784898419607849	1.29079980179401	1.44669117660568	-1.17412979933584	-1.17412979933584	-1.17412979933584
TRINITY_GG_83275_c112_g2	0.451513091606355	1.59353209647878	0.986572493485095	-1.01053922719008	-1.01053922719008	-1.01053922719008
TRINITY_GG_86067_c0_g3	0.610714083034004	1.29327244881902	1.0331616799999	-0.979049403950974	-0.979049403950974	-0.979049403950974
TRINITY_GG_67701_c0_g2	0.765057118681514	0.429249049406463	2.5331854842823	-1.24249721745676	-1.24249721745676	-1.24249721745676
TRINITY_GG_101109_c0_g2	-0.829724358918047	-0.829724358918047	-0.829724358918047	0.62918254793282	1.3414824685001	0.518508060321224
TRINITY_GG_28997_c0_g4	0.649541537169081	1.29722002772021	1.00978731277911	-0.985516292556133	-0.985516292556133	-0.985516292556133
TRINITY_GG_73710_c73_g1	1.72143635361946	-0.114049170070098	1.04407554440928	-0.883820909319545	-0.883820909319545	-0.883820909319545
TRINITY_GG_38229_c6_g1	0.298883969085118	1.56156338729787	0.97938772482142	-0.946611693734803	-0.946611693734803	-0.946611693734803
TRINITY_GG_40194_c0_g1	0.640657275342293	1.53205372127301	1.22730615269134	-1.13333904976888	-1.13333904976888	-1.13333904976888
TRINITY_GG_77364_c66_g1	0.845476559099593	0.858633742000274	1.30585456533392	-1.0033216221446	-1.0033216221446	-1.0033216221446
TRINITY_GG_98637_c88_g1	0.302003878630623	1.42719657317236	0.990339691721785	-0.906513381174921	-0.906513381174921	-0.906513381174921
TRINITY_GG_82060_c0_g1	-1.02688148335661	-1.02688148335661	-1.02688148335661	1.4044740382169	0.615589053959209	1.06058135789373
TRINITY_GG_72023_c77_g1	0.892122717801461	0.475769491079951	1.11131771710099	-0.826403308660801	-0.826403308660801	-0.826403308660801
TRINITY_GG_71984_c111_g1	-1.04515567627544	-1.04515567627544	-1.04515567627544	1.97169717273189	0.448491657699767	0.715278198394669
TRINITY_GG_43981_c1_g1	-0.93590274544263	-0.93590274544263	-0.93590274544263	0.454764940117038	0.161708051183793	2.19123524502706
TRINITY_GG_50195_c6_g1	0.227671880145007	2.67714251680664	0.137690513307342	-1.01416830341966	-1.01416830341966	-1.01416830341966
TRINITY_GG_12785_c4_g3	0.355728255352081	1.6914343920171	0.631257094990613	-0.892806580786598	-0.892806580786598	-0.892806580786598
TRINITY_GG_88374_c0_g1	2.15637244271213	2.28693938595095	1.54363422426158	-1.99564868430822	-1.99564868430822	-1.99564868430822
TRINITY_GG_58355_c1_g1	-0.984611059159491	-0.984611059159491	-0.984611059159491	1.27300307089005	1.10962501068627	0.571205095902149
TRINITY_GG_29001_c0_g1	1.1410331477069	0.56412077969921	0.595879500147868	-0.767011142517992	-0.767011142517992	-0.767011142517992
TRINITY_GG_38323_c1_g1	-1.0964691804525	-1.0964691804525	-1.0964691804525	0.877325749200103	0.751527726102447	1.66055406605496
TRINITY_GG_34440_c0_g2	-0.978910713699749	-0.978910713699749	-0.978910713699749	1.17845643441174	1.19517606485065	0.56309964183686
TRINITY_GG_39518_c1_g1	1.28443390181099	1.23103127853665	0.767600228021744	-1.09435513612313	-1.09435513612313	-1.09435513612313
TRINITY_GG_21385_c0_g1	1.41581485707567	2.17707376892723	0.339506615189297	-1.31079841373073	-1.31079841373073	-1.31079841373073
TRINITY_GG_86295_c2_g1	1.51761861618843	0.722663793960982	0.401091817487628	-0.880458075879014	-0.880458075879014	-0.880458075879014
TRINITY_GG_58805_c0_g2	-0.912872470276794	-0.912872470276794	-0.912872470276794	0.957393600119189	0.843296857862505	0.937926952848689
TRINITY_GG_101644_c1_g1	2.14186810701758	2.49135701476985	0.672744976475616	-2.07719560304158	-1.45001256723905	-1.77876192798242
TRINITY_GG_66479_c8_g1	-0.962818438413421	-0.962818438413421	-0.962818438413421	1.92898956262202	0.534921650195672	0.424544102422574
TRINITY_GG_72751_c1_g1	0.501733103152658	1.44829757918378	2.14133888562548	-1.36378985598731	-1.36378985598731	-1.36378985598731
TRINITY_GG_50125_c1_g1	1.34581213334938	0.374166241443563	0.973592468059515	-0.897856947617485	-0.897856947617485	-0.897856947617485
TRINITY_GG_88662_c0_g1	-0.691747874779389	4.58274122739139	0.911907835706447	-1.75142572856758	-1.6370263558305	-1.41444910392037
TRINITY_GG_97080_c0_g1	1.69471015190012	1.86622140423438	0.398003867096362	-1.31964514107695	-1.31964514107695	-1.31964514107695
TRINITY_GG_84219_c5_g1	0.515972780837148	1.56474022950187	1.42447843418856	-1.16839714817586	-1.16839714817586	-1.16839714817586
TRINITY_GG_54235_c3_g3	0.703272209541253	1.64568825333836	1.19560269612721	-1.18152105300227	-1.18152105300227	-1.18152105300227
TRINITY_GG_5830_c0_g1	1.05691778723069	1.75884558703119	-0.122811023694976	-0.897650783522303	-0.897650783522303	-0.897650783522303
TRINITY_GG_28018_c13_g1	1.1747978760102	1.02855601518257	0.833655355200238	-1.01233641546434	-1.01233641546434	-1.01233641546434
TRINITY_GG_87080_c2_g1	0.464812675276012	1.33385723027463	0.764011515308931	-0.854227140286524	-0.854227140286524	-0.854227140286524
TRINITY_GG_19256_c5_g1	1.78994267252362	1.51255853679345	0.996084456247844	-1.43286188852164	-1.43286188852164	-1.43286188852164
TRINITY_GG_105811_c0_g1	1.5205567929148	0.266018955329801	2.50854033365463	-1.42902346867157	-1.47166780608006	-1.3944248071476
TRINITY_GG_15831_c92_g1	0.54885273580442	1.17065682900657	0.622164241431456	-0.780557935414149	-0.780557935414149	-0.780557935414149
TRINITY_GG_38662_c0_g1	1.0133982377111	1.25970005698774	0.904053542376952	-1.0590506123586	-1.0590506123586	-1.0590506123586
TRINITY_GG_12931_c20_g1	-1.18268881872194	-1.18268881872194	-1.18268881872194	1.30454025108229	0.411859730828412	1.83166647425513
TRINITY_GG_34102_c0_g1	2.47357615804909	1.73223518772357	0.30282605218572	-1.50287913265279	-1.50287913265279	-1.50287913265279
TRINITY_GG_38619_c2_g2	-1.65380142107877	-1.65380142107877	-1.65380142107877	2.19929600356728	1.73356111975723	1.0285471399118
TRINITY_GG_17736_c0_g2	0.365464986362906	0.565831101369355	1.71791346159506	-0.883069849775773	-0.883069849775773	-0.883069849775773
TRINITY_GG_15780_c99_g1	1.2453985194931	1.11854337887843	0.558065189623891	-0.97400236266514	-0.97400236266514	-0.97400236266514
TRINITY_GG_30438_c10_g1	1.06732150594698	-0.36230078587846	2.38078802208615	-1.02860291405156	-1.02860291405156	-1.02860291405156
TRINITY_GG_65143_c10_g1	-0.928734250882328	-0.928734250882328	-0.928734250882328	0.550496310324008	0.544792926274431	1.69091351604855
TRINITY_GG_63517_c1_g1	0.829203192733675	0.992009093785855	0.823018942427475	-0.881410409649002	-0.881410409649002	-0.881410409649002
TRINITY_GG_83313_c8_g1	-0.898958172452085	-0.898958172452085	-0.898958172452085	1.43475178189519	1.34714583743183	-0.0850231019707681
TRINITY_GG_54673_c0_g1	0.801541064685322	2.59049469843194	-0.395667538399317	-0.998789408239314	-0.998789408239314	-0.998789408239314
TRINITY_GG_17845_c0_g1	1.05227387915511	0.211705532533851	1.1267949061398	-0.796924772609589	-0.796924772609589	-0.796924772609589
TRINITY_GG_17223_c1_g2	-0.958968259115042	-0.958968259115042	-0.958968259115042	1.17262122521309	1.2122385683031	0.492044983828931
TRINITY_GG_45188_c6_g1	0.223092370365521	1.07529560687943	1.30692669102033	-0.868438222755096	-0.868438222755096	-0.868438222755096
TRINITY_GG_17331_c32_g1	0.458971900034329	0.561294358199035	1.59793369116032	-0.872733316464563	-0.872733316464563	-0.872733316464563
TRINITY_GG_104145_c1_g1	1.12666882006022	0.694675843425028	0.666818833571301	-0.829387832352183	-0.829387832352183	-0.829387832352183
TRINITY_GG_13670_c2_g2	-1.20944200570308	-1.20944200570308	-1.20944200570308	0.888505829831757	1.23336882243294	1.50645136484453
TRINITY_GG_24817_c14_g1	0.685621323798452	2.53837823204669	1.25001944902783	-1.49133966829099	-1.49133966829099	-1.49133966829099
TRINITY_GG_3365_c0_g1	1.48363626822	0.909126231557108	0.535410404512623	-0.976057634763243	-0.976057634763243	-0.976057634763243
TRINITY_GG_18128_c11_g2	-0.851172323770277	-0.851172323770277	-0.851172323770277	0.625986887416365	0.710031596999644	1.21749848689482
TRINITY_GG_79856_c0_g1	1.4219185751379	0.330140684491962	1.57239724163169	-1.10815216708719	-1.10815216708719	-1.10815216708719
TRINITY_GG_84219_c5_g2	0.808342106907213	1.97774322223075	2.60415250213766	-2.17482061855012	-1.74262839823221	-1.4727888144933
TRINITY_GG_62167_c1_g1	0.746743064380018	1.1086065664141	0.586566039489268	-0.813971890094461	-0.813971890094461	-0.813971890094461
TRINITY_GG_73733_c104_g1	-0.906250675907361	-0.906250675907361	-0.906250675907361	1.3346741887892	0.314698328559418	1.06937951037346
TRINITY_GG_12746_c9_g1	-1.27458364776954	-1.32201215032965	-1.41098255150141	0.381839694038339	3.59742772672275	0.0283109288394998
TRINITY_GG_106765_c1_g1	-1.21901597410811	-1.21901597410811	-1.21901597410811	0.628179212481283	1.0752371623364	1.95363154750665
TRINITY_GG_77768_c38_g1	0.385931084645484	0.868025531115534	1.1761825062303	-0.810046373997104	-0.810046373997104	-0.810046373997104
TRINITY_GG_38064_c1_g1	-1.17723236190416	-1.17723236190416	-1.17723236190416	1.34783423017405	1.44194585415491	0.741917001383515
TRINITY_GG_96564_c7_g1	2.00755811527109	3.29254484240726	2.19363035387389	-2.326972153562	-2.67139927506961	-2.49536188292063
TRINITY_GG_25860_c0_g2	-0.928858308562524	-0.928858308562524	-0.928858308562524	1.46510696709772	1.00848608358771	0.312981875002146
TRINITY_GG_24741_c0_g2	1.02175987253875	1.46229249951965	0.22866626599403	-0.904239546017477	-0.904239546017477	-0.904239546017477
TRINITY_GG_11070_c57_g1	0.0508262565007538	1.43803206861124	1.03991441054744	-0.842924245219812	-0.842924245219812	-0.842924245219812
TRINITY_GG_45161_c1_g1	0.709064420057638	0.450163813730857	1.1512701896576	-0.770166141148698	-0.770166141148698	-0.770166141148698
TRINITY_GG_89737_c1_g1	-1.18940038719194	-1.18940038719194	-1.18940038719194	1.1448818381033	0.662998033094614	1.76032129037791
TRINITY_GG_17903_c0_g1	1.42333558393725	2.0002557153728	0.697602815372924	-1.13100990692804	-1.54305510845278	-1.44712909930215
TRINITY_GG_28058_c0_g1	-0.899362522544695	-0.899362522544695	-0.899362522544695	1.19385958799433	0.0955791876322755	1.40864879200748
TRINITY_GG_19343_c2_g1	0.964593720132334	1.34855185356666	0.136522821034632	-0.816556131577876	-0.816556131577876	-0.816556131577876
TRINITY_GG_4028_c0_g2	0.494870031192342	1.75087331721396	2.67033713523999	-1.63869349454876	-1.63869349454876	-1.63869349454876
TRINITY_GG_84381_c2_g1	-1.07522858983495	-1.07522858983495	-1.07522858983495	1.49741858845297	0.487929540567862	1.240337640484
TRINITY_GG_70510_c28_g1	0.554137891526536	1.99187088258004	2.13489852178967	-1.60613693988206	-1.60613693988206	-1.46863341613212
TRINITY_GG_66482_c1_g2	-1.00589197474122	-1.00589197474122	-1.00589197474122	0.418492696796874	1.33096266438424	1.26822056304255
TRINITY_GG_18670_c0_g1	-1.36565539612878	-1.36565539612878	-1.36565539612878	1.41150126987572	1.46784194073106	1.21762297777956
TRINITY_GG_19991_c29_g1	1.37599211101685	0.153773476952903	1.74722601082328	-1.09233053293101	-1.09233053293101	-1.09233053293101
TRINITY_GG_19932_c32_g1	0.339634294629549	1.57964010823219	0.715376003683013	-0.878216802181583	-0.878216802181583	-0.878216802181583
TRINITY_GG_9835_c0_g1	-1.07129740787184	-1.07129740787184	-1.07129740787184	1.51654760138244	1.13033645329781	0.567008168935256
TRINITY_GG_40739_c1_g2	-0.896093927337351	-0.896093927337351	-0.896093927337351	0.09884778283962	2.0692286210299	0.520205378142529
TRINITY_GG_25860_c0_g1	-1.07349717809725	-1.07349717809725	-1.07349717809725	-0.017607419900965	1.33358359735325	1.90451535683945
TRINITY_GG_87154_c26_g1	0.925948331585139	1.30473454758733	0.579718903452705	-0.93680059420839	-0.93680059420839	-0.93680059420839
TRINITY_GG_71992_c0_g1	0.519287407446388	1.83433854941388	1.70286006783157	-1.35216200823061	-1.35216200823061	-1.35216200823061
TRINITY_GG_101814_c2_g1	-1.1248093322904	-1.1248093322904	-1.1248093322904	1.95550722807632	1.38539307391817	0.0335276948767038
TRINITY_GG_64940_c0_g1	-2.05793037387507	-1.79129373136108	-2.05793037387507	-0.448648193958502	2.77809472590652	3.5777079471632
TRINITY_GG_65328_c2_g1	0.946607706147033	0.843626733478316	0.568703588258325	-0.786312675961225	-0.786312675961225	-0.786312675961225
TRINITY_GG_83496_c9_g1	-0.971093187467979	-0.971093187467979	-0.971093187467979	0.316379107651088	1.87289065658035	0.7240097981725
TRINITY_GG_20408_c22_g1	-0.822796554770768	-0.822796554770768	-0.822796554770768	0.942313807108816	0.172868854965341	1.35320700223815
TRINITY_GG_33362_c0_g1	1.28445139588812	0.447454788528377	1.88490950131206	-1.20560522857619	-1.20560522857619	-1.20560522857619
TRINITY_GG_46137_c0_g1	1.24798222379573	1.342269387102	1.96940161424498	-1.5198844083809	-1.5198844083809	-1.5198844083809
TRINITY_GG_78025_c0_g1	-0.827762308627579	-0.827762308627579	-0.827762308627579	1.5297896959905	0.476164527853116	0.477332702039118
TRINITY_GG_13492_c122_g1	0.779672291985108	1.46053574898927	0.661003230403508	-0.967070423792629	-0.967070423792629	-0.967070423792629
TRINITY_GG_78905_c0_g1	0.352768771571691	0.534359612776146	2.68505295121441	-1.19072711185408	-1.19072711185408	-1.19072711185408
TRINITY_GG_20822_c19_g1	2.07440580450798	1.16535429217781	0.583844169640105	-1.27453475544197	-1.27453475544197	-1.27453475544197
TRINITY_GG_74005_c31_g1	0.452439646653837	1.16190554202785	0.709710674706578	-0.774685287796088	-0.774685287796088	-0.774685287796088
TRINITY_GG_52294_c0_g1	-1.07951954406233	-1.07951954406233	-1.07951954406233	1.57308167353419	0.837721239715754	0.827755718937051
TRINITY_GG_67306_c0_g1	0.632032973302615	1.81028751594719	0.179253380032221	-0.873857956427342	-0.873857956427342	-0.873857956427342
TRINITY_GG_76550_c65_g3	1.94823413021457	0.358999851015795	0.534553184905807	-0.947262388712056	-0.947262388712056	-0.947262388712056
TRINITY_GG_66697_c2_g1	1.04253918327561	0.980162230011781	0.468758140025208	-0.830486517770865	-0.830486517770865	-0.830486517770865
TRINITY_GG_21521_c0_g1	-0.809311766053782	-0.809311766053782	-0.809311766053782	0.776131552882419	0.387295278041036	1.26450846723789
TRINITY_GG_33269_c41_g1	0.535811348708283	1.85742221670078	0.344449572302252	-0.912561045903771	-0.912561045903771	-0.912561045903771
TRINITY_GG_21718_c4_g1	-0.817425235710634	-0.817425235710634	-0.817425235710634	0.194070403127195	0.730518075579716	1.52768722842499
TRINITY_GG_11858_c13_g2	0.441332371888308	2.44567130761265	1.29555890899493	-1.39418752949863	-1.39418752949863	-1.39418752949863
TRINITY_GG_27554_c18_g1	1.02471520548814	0.48293164842107	1.79581758744246	-1.09163130173193	-1.12161416794764	-1.09021897167211
TRINITY_GG_96463_c0_g2	-1.00211469491155	-1.00211469491155	-1.00211469491155	0.917797393765763	0.865386456010849	1.22316023495802
TRINITY_GG_14346_c1_g2	-1.81340187430322	-1.60052130795883	-1.81340187430322	1.35860551638994	3.05078427035106	0.817935269824264
TRINITY_GG_101805_c0_g1	0.62308220890405	1.14219496930229	0.858696460908784	-0.874657879705043	-0.874657879705043	-0.874657879705043
TRINITY_GG_60893_c1_g2	-0.903750157090356	-0.903750157090356	-0.903750157090356	1.400468811626	0.925287531578779	0.385494128066287
TRINITY_GG_57365_c0_g1	-0.91602193462905	-0.91602193462905	-0.91602193462905	0.551779221859357	0.530234295260514	1.66605228676728
TRINITY_GG_18269_c13_g1	0.126166888490222	0.836286661286445	1.50709027761836	-0.823181275798341	-0.823181275798341	-0.823181275798341
TRINITY_GG_81797_c41_g1	-1.14109192685941	-1.14109192685941	-1.14109192685941	1.10074825670526	1.34227243385394	0.980255090019032
TRINITY_GG_11343_c0_g1	0.0994650144736744	0.75721564590678	1.81016037337289	-0.888947011251114	-0.888947011251114	-0.888947011251114
TRINITY_GG_84829_c2_g3	1.02200988092993	1.801614334689	1.17370262332997	-1.33244227964963	-1.33244227964963	-1.33244227964963
TRINITY_GG_16644_c22_g2	0.764971576417779	0.969677375335225	0.693467580753698	-0.809372177502234	-0.809372177502234	-0.809372177502234
TRINITY_GG_20715_c0_g2	2.10835114211221	1.84982151810443	2.63557001798145	-2.20554769343606	-2.20554769343606	-2.18264729132598
TRINITY_GG_22972_c25_g1	-0.901214631154696	-0.901214631154696	-0.901214631154696	1.02516439404518	0.910667365063972	0.767812134354934
TRINITY_GG_53498_c0_g1	1.94628965566537	1.28034610075146	2.00473773620272	-1.84646160239058	-1.5384502878384	-1.84646160239058
TRINITY_GG_65055_c2_g1	1.90632796953837	1.24075300306627	0.292747640704533	-1.14660953776972	-1.14660953776972	-1.14660953776972
TRINITY_GG_26799_c2_g1	0.846176066258657	1.12169572686543	1.87848021112939	-1.28211733475116	-1.28211733475116	-1.28211733475116
TRINITY_GG_37395_c0_g1	3.52691296967997	1.22749690099853	1.72411572957288	-2.0713433345515	-2.20359113284994	-2.20359113284994
TRINITY_GG_96036_c0_g1	-1.1986461112263	-1.1986461112263	-1.1986461112263	2.76787664426432	0.122127365719569	0.705934323695017
TRINITY_GG_24818_c0_g1	1.01551870308582	0.273186599169794	1.70780446741815	-0.998836589891255	-0.998836589891255	-0.998836589891255
TRINITY_GG_38163_c0_g1	-1.1021176572901	-1.1021176572901	-1.1021176572901	1.91241617600535	-0.0065307492923794	1.40046754515734
TRINITY_GG_10992_c0_g3	-0.785107997002895	-0.785107997002895	-0.785107997002895	0.999814704559966	0.296231630449044	1.05927765599968
TRINITY_GG_74893_c1_g1	1.16040293974968	2.46861033731177	-0.539325721430711	-1.02989585187691	-1.02989585187691	-1.02989585187691
TRINITY_GG_24684_c0_g1	-0.789310710786072	-0.789310710786072	-0.789310710786072	1.20418251027234	0.460438004297497	0.703311617788374
TRINITY_GG_47328_c0_g1	-0.999237097191239	-0.999237097191239	-0.999237097191239	0.166835578755467	1.25867869413298	1.57219701868527
TRINITY_GG_11005_c137_g1	-0.944092254356487	-0.944092254356487	-0.944092254356487	1.80372477455518	0.923013475146168	0.105538513368114
TRINITY_GG_4519_c0_g1	1.29715780778249	-0.118300486319486	1.50814546584669	-0.895667595769899	-0.895667595769899	-0.895667595769899
TRINITY_GG_81169_c0_g3	-1.67173135983848	-1.67173135983848	-1.67173135983848	2.22957000211627	1.27593479695753	1.50968928044166
TRINITY_GG_26184_c0_g1	-0.985194662965809	-0.985194662965809	-0.985194662965809	0.954408057390234	0.933954700321865	1.06722123118533
TRINITY_GG_60992_c0_g1	1.43499195667745	1.37737065103488	1.02638723881021	-1.27958328217418	-1.27958328217418	-1.27958328217418
TRINITY_GG_19256_c5_g3	2.09043533994105	1.6925374978004	0.0242846537182038	-1.26908583048655	-1.26908583048655	-1.26908583048655
TRINITY_GG_35506_c0_g1	1.34753711844776	1.84283974376051	2.76258530938558	-1.38206291008798	-2.43110945640542	-2.13978980510045
TRINITY_GG_29617_c0_g1	0.470998637996954	2.31795838817534	2.10255410199029	-1.38004836491795	-1.51309330065911	-1.99836946258553
TRINITY_GG_79138_c33_g1	-1.79502594464833	-1.79502594464833	-1.79502594464833	3.27222554661988	2.7163155812727	-0.603463293947579
TRINITY_GG_81815_c13_g1	0.235147420437171	1.583430834946	1.06013187198612	-0.959570042456429	-0.959570042456429	-0.959570042456429
TRINITY_GG_42671_c2_g1	-0.965605801522885	-0.965605801522885	-0.965605801522885	-0.0641113464753099	1.31890833172136	1.6420204193226
TRINITY_GG_28052_c7_g3	1.40542792241947	0.587040867736844	0.803524435433323	-0.931997741863214	-0.931997741863214	-0.931997741863214
TRINITY_GG_20448_c18_g4	-0.842713101036235	-0.842713101036235	-0.842713101036235	1.60274876614212	0.11779860908279	0.807591927883793
TRINITY_GG_17064_c39_g1	1.00962805493718	0.607427808801428	0.828974367818531	-0.815343410519046	-0.815343410519046	-0.815343410519046
TRINITY_GG_102403_c0_g1	1.62003720324976	0.00336584280126218	1.72954562842929	-1.1176495581601	-1.1176495581601	-1.1176495581601
TRINITY_GG_65592_c0_g1	-1.3562425022683	-1.3562425022683	-1.3562425022683	1.42175575340037	1.39843125146291	1.24854050194162
TRINITY_GG_16287_c53_g1	-1.13719213346217	-1.13719213346217	-1.13719213346217	0.862807866537833	1.86874674305251	0.68002179079616
TRINITY_GG_70287_c1_g1	1.05506604781666	1.56678378135822	0.960377737216185	-1.19407585546369	-1.19407585546369	-1.19407585546369
TRINITY_GG_100021_c9_g1	1.81386292831789	1.74725806115659	0.725476918960049	-1.39577879099511	-1.44540955871971	-1.44540955871971
TRINITY_GG_5853_c0_g2	-0.933162894731696	-0.933162894731696	-0.933162894731696	0.804091209592633	1.46546110198605	0.529936372616407
TRINITY_GG_62217_c0_g1	1.5098638265616	1.07711811743211	0.445070480641214	-1.01068414154498	-1.01068414154498	-1.01068414154498
TRINITY_GG_86341_c7_g3	-0.808723370381501	-0.808723370381501	-0.808723370381501	0.993676669733338	0.365043697355206	1.06744974405596
TRINITY_GG_19256_c6_g1	2.29740538331791	1.96867289977851	0.896806913579193	-1.72096173222521	-1.72096173222521	-1.72096173222521
TRINITY_GG_85032_c39_g1	-0.938316744220815	-0.938316744220815	-0.938316744220815	0.21548859185822	1.95329686281839	0.646164777985838
TRINITY_GG_99025_c0_g1	0.000423889768138452	1.05816296088021	1.48413219971208	-0.847573016786812	-0.847573016786812	-0.847573016786812
TRINITY_GG_77693_c8_g1	0.965337166988919	1.43874500313845	1.33481208888732	-1.24629808633823	-1.24629808633823	-1.24629808633823
TRINITY_GG_7655_c0_g1	-0.86509600456812	-0.86509600456812	-0.86509600456812	0.982500097694521	0.915214094475256	0.697573821534582
TRINITY_GG_56834_c3_g1	-1.06935582965106	-1.06935582965106	-1.06935582965106	1.72037342172471	0.375311237190852	1.1123828300376
TRINITY_GG_96080_c1_g1	0.560248784297648	1.82183894756732	0.567653565519399	-0.983247099128124	-0.983247099128124	-0.983247099128124
TRINITY_GG_89589_c0_g2	-0.871550593080244	-0.871550593080244	-0.871550593080244	0.472709801905175	1.26890088387342	0.87304109346214
TRINITY_GG_87040_c34_g1	-1.07892182964933	-1.07892182964933	-1.07892182964933	1.36415432171334	1.71580593704593	0.156805230188727
TRINITY_GG_29264_c0_g1	2.4737412248358	2.24611954024522	1.915073098337	-2.28082564280231	-2.23678131009629	-2.11732691051943
TRINITY_GG_22497_c5_g1	0.405175107054682	0.7941658223232	1.62472813554213	-0.941356354973337	-0.941356354973337	-0.941356354973337
TRINITY_GG_88650_c6_g1	-0.938347752965717	-0.938347752965717	-0.938347752965717	1.42482332415353	1.39650651636592	-0.00628658162229234
TRINITY_GG_94223_c0_g1	1.16842094572589	2.86913241755646	0.301313331885622	-1.44628889838932	-1.44628889838932	-1.44628889838932
TRINITY_GG_76131_c0_g1	-0.855274365902878	-0.855274365902878	-0.855274365902878	1.32868846893972	0.581953373010032	0.655181255758886
TRINITY_GG_34865_c2_g3	0.907687074734578	0.799567718306053	0.640264716230198	-0.782506503090276	-0.782506503090276	-0.782506503090276
TRINITY_GG_19160_c10_g1	-0.814125954366802	-0.814125954366802	-0.814125954366802	1.33187749677212	0.753419493276944	0.35708087305134
TRINITY_GG_55753_c6_g1	1.30093308453392	1.1005950296086	0.369645834617935	-0.923724649586817	-0.923724649586817	-0.923724649586817
TRINITY_GG_79247_c28_g1	0.663892158094186	0.685571704407881	1.07476302619992	-0.808075629567329	-0.808075629567329	-0.808075629567329
TRINITY_GG_17920_c0_g1	0.677259395427893	0.630920680761023	1.09151937108733	-0.799899815758748	-0.799899815758748	-0.799899815758748
TRINITY_GG_103920_c0_g1	0.290034313997438	1.43222083063097	0.726686871894717	-0.816314005507708	-0.816314005507708	-0.816314005507708
TRINITY_GG_69983_c23_g1	-0.826180510055214	-0.826180510055214	-0.826180510055214	1.05313316625567	1.34085621206227	0.0845521518476983
TRINITY_GG_7317_c3_g1	0.892635322045938	0.366986873406547	1.03813462036239	-0.76591893860496	-0.76591893860496	-0.76591893860496
TRINITY_GG_67923_c2_g1	2.51469443268208	3.74865558982363	-1.06144584047657	-1.62396727818622	-1.77714281788913	-1.80079408595378
TRINITY_GG_37621_c0_g1	0.88980166884659	1.56313459726141	0.79683924576448	-1.08325850395749	-1.08325850395749	-1.08325850395749
TRINITY_GG_18169_c1_g1	-0.908493192694834	-0.908493192694834	-0.908493192694834	1.66899606109288	0.826162240784171	0.230321276207448
TRINITY_GG_79107_c0_g1	0.259218206383794	1.11220121157376	0.966234507859383	-0.779217975272314	-0.779217975272314	-0.779217975272314
TRINITY_GG_17519_c31_g2	0.765581556772134	0.690344056563892	1.74539226566617	-1.0671059596674	-1.0671059596674	-1.0671059596674
TRINITY_GG_64192_c18_g1	-0.799255435910864	-0.799255435910864	-0.799255435910864	0.761459518563615	1.17012532903074	0.466181460138234
TRINITY_GG_16927_c3_g1	1.27358182719244	0.459846179715294	1.14565012848773	-0.95969271179849	-0.95969271179849	-0.95969271179849
TRINITY_GG_39104_c0_g1	0.797624114225169	2.1960242543907	2.60282989080693	-1.86549275314093	-1.86549275314093	-1.86549275314093
TRINITY_GG_23789_c1_g1	-1.49220273890495	-1.49220273890495	-1.49220273890495	1.0631226200843	2.31257363905088	1.10091195757967
TRINITY_GG_97193_c2_g1	2.18971316297103	3.0030622940105	1.44297645385961	-2.21191730361371	-2.21191730361371	-2.21191730361371
TRINITY_GG_105209_c89_g1	-0.90678019562253	-0.90678019562253	-0.90678019562253	1.05150570530073	1.04704375831864	0.621791123248227
TRINITY_GG_77430_c1_g1	1.60532053767191	3.14157135664299	1.22466697240645	-1.8790365098511	-2.13057527684706	-1.9619470800232
TRINITY_GG_104368_c0_g1	2.24309892600188	2.67712409898407	-0.760051191791991	-1.38672394439798	-1.38672394439798	-1.38672394439798
TRINITY_GG_56608_c0_g1	0.772766746257055	0.434820626728745	2.09909330504193	-1.10222689267591	-1.10222689267591	-1.10222689267591
TRINITY_GG_88957_c0_g1	0.467058140392753	1.22635411825143	0.643725349829311	-0.779045869491164	-0.779045869491164	-0.779045869491164
TRINITY_GG_82959_c0_g1	0.577135535505202	0.496895931364762	1.91468550595227	-0.996238990940743	-0.996238990940743	-0.996238990940743
TRINITY_GG_20715_c0_g3	1.52036090755454	1.90027522176674	2.80872886740994	-2.07645499891041	-2.07645499891041	-2.07645499891041
TRINITY_GG_51026_c1_g1	2.82292088081584	2.91144132265323	-0.764836344813876	-2.07936698569134	-1.5444527820627	-1.34570609090115
TRINITY_GG_18304_c6_g1	-1.05109477920567	-1.05109477920567	-1.05109477920567	2.03823387212776	-0.179251130696351	1.2943015961856
TRINITY_GG_91332_c0_g2	-0.0434314018367019	1.07400252606486	1.53906565532081	-0.856545593182991	-0.856545593182991	-0.856545593182991
TRINITY_GG_71208_c80_g1	0.435648004112722	1.09013272475409	1.4996861285578	-1.00848895247487	-1.00848895247487	-1.00848895247487
TRINITY_GG_98637_c78_g1	-0.107494693322688	1.84736516310199	1.01209159848111	-0.91732068942014	-0.91732068942014	-0.91732068942014
TRINITY_GG_7526_c0_g1	-1.38824513533941	-1.38824513533941	-1.38824513533941	0.837338293417443	2.11942266895073	1.20797444365005
TRINITY_GG_80034_c7_g2	1.61031294708354	0.657412251938305	1.02854602958114	-1.09875707620099	-1.09875707620099	-1.09875707620099
TRINITY_GG_22932_c3_g1	0.547830675513523	1.9031124234278	0.152840874085597	-0.867927991008975	-0.867927991008975	-0.867927991008975
TRINITY_GG_94725_c14_g1	-1.03792682234602	-1.03792682234602	-1.03792682234602	1.56043838297763	1.34030733287322	0.213034751187202
TRINITY_GG_13555_c34_g2	2.09061472610033	1.02784687229347	1.91297418327615	-1.91925473094858	-1.6318650547657	-1.48031599595567
TRINITY_GG_22982_c27_g1	1.02768356085702	0.593792765846112	1.72369350707407	-1.11505661125907	-1.11505661125907	-1.11505661125907
TRINITY_GG_32253_c0_g1	-0.78985077432847	-0.78985077432847	-0.78985077432847	1.20400470537363	0.909256610295531	0.256291007316251
TRINITY_GG_8858_c0_g1	0.363434903400927	1.3006485795172	0.695340809483865	-0.786474764133998	-0.786474764133998	-0.786474764133998
TRINITY_GG_23033_c63_g1	0.290892639572562	0.993722905138648	1.6533962582851	-0.979337267665436	-0.979337267665436	-0.979337267665436
TRINITY_GG_105801_c75_g1	-1.11254734138271	-1.11254734138271	-1.11254734138271	2.17787706248259	0.503810355613982	0.655954606051551
TRINITY_GG_103933_c1_g1	-1.03906988442781	-1.03906988442781	-1.03906988442781	1.63945279245569	0.0285688324475548	1.44918802838019
TRINITY_GG_15392_c8_g1	2.6109803632185	0.58315565669179	1.4214326797791	-1.53852289989646	-1.53852289989646	-1.53852289989646
TRINITY_GG_71953_c0_g2	-1.27505881483881	-1.27505881483881	-1.27505881483881	1.71498840473498	1.15227917408863	0.957908865692835
TRINITY_GG_84422_c0_g1	-0.966399456104166	-0.966399456104166	-0.966399456104166	1.47720719537145	0.755191942671213	0.666799230269837
TRINITY_GG_18794_c0_g1	1.82733667509896	0.641028754504689	0.230118196196939	-0.89949454193353	-0.89949454193353	-0.89949454193353
TRINITY_GG_84073_c11_g1	0.190472787140622	2.50401503126625	0.0951496412669226	-0.9298791532246	-0.9298791532246	-0.9298791532246
TRINITY_GG_90586_c199_g1	-0.8007783082412	-0.8007783082412	-0.8007783082412	1.10611228736732	1.10495766942583	0.191264967930456
TRINITY_GG_71852_c2_g1	0.483478496000255	1.59855892764305	1.33210041937031	-1.1380459476712	-1.1380459476712	-1.1380459476712
TRINITY_GG_26304_c1_g1	0.842504626248692	0.857839710928864	1.26290775657941	-0.987750697918991	-0.987750697918991	-0.987750697918991
TRINITY_GG_30752_c0_g1	0.419129150752036	1.34065509272895	0.735713024862563	-0.831832422781183	-0.831832422781183	-0.831832422781183
TRINITY_GG_30944_c0_g2	-0.828355895469715	-0.828355895469715	-0.828355895469715	1.15860106705469	0.667850770453769	0.658615848900692
TRINITY_GG_44192_c1_g1	-0.937400041519328	-0.937400041519328	-0.937400041519328	0.566457491058102	1.00745840428821	1.23828422921167
TRINITY_GG_788_c0_g2	-1.13084449795251	-1.13084449795251	-1.13084449795251	1.21341589703291	0.747292268674436	1.43182532815019
TRINITY_GG_77858_c2_g1	1.00920260814508	1.05977609240789	0.663149741043719	-0.91070948053223	-0.91070948053223	-0.91070948053223
TRINITY_GG_19256_c5_g4	1.94129521049089	1.00995258865612	0.777231289469187	-1.24282636287207	-1.24282636287207	-1.24282636287207
TRINITY_GG_102459_c0_g1	0.391498894665202	1.09906888226345	1.6609792357554	-1.05051567089469	-1.05051567089469	-1.05051567089469
TRINITY_GG_90568_c3_g1	1.07067367561439	1.16045431051463	0.422789397361931	-0.884639127830317	-0.884639127830317	-0.884639127830317
TRINITY_GG_77128_c0_g1	1.12318539664341	2.85418752722438	2.35381488278967	-2.11039593555249	-2.11039593555249	-2.11039593555249
TRINITY_GG_63870_c0_g1	0.215333616409094	1.10514118474226	1.83523277505859	-1.05190252540332	-1.05190252540332	-1.05190252540332
TRINITY_GG_43824_c9_g2	1.02972718119966	0.208542227099602	1.35962021949283	-0.865963209264028	-0.865963209264028	-0.865963209264028
TRINITY_GG_24153_c0_g1	-1.04611759101316	-1.04611759101316	-1.04611759101316	2.17838580290514	0.387376048833718	0.572590921300626
TRINITY_GG_20552_c1_g1	0.687038519175494	1.50965070050456	0.7737050392482	-0.990131419642751	-0.990131419642751	-0.990131419642751
TRINITY_GG_81635_c11_g1	0.628318828894474	1.12344423949601	0.877904213121488	-0.876555760503991	-0.876555760503991	-0.876555760503991
TRINITY_GG_50794_c0_g1	-1.32259238768245	-1.32259238768245	-1.32259238768245	2.23689942552259	1.20147128809476	0.529406449429997
TRINITY_GG_937_c0_g1	0.480285665556394	1.62399568316942	1.10904055868737	-1.07110730247106	-1.07110730247106	-1.07110730247106
TRINITY_GG_11569_c6_g1	0.476294156695812	0.799795462788984	1.05336476501232	-0.776484794832372	-0.776484794832372	-0.776484794832372
TRINITY_GG_88255_c2_g2	2.30473531724607	1.5633760432488	-0.207869527160562	-1.22008061111144	-1.22008061111144	-1.22008061111144
TRINITY_GG_73814_c0_g3	-1.13963850606841	-1.13963850606841	-1.13963850606841	1.55835765995264	0.443399117728255	1.41715874052433
TRINITY_GG_97193_c3_g1	1.35518936236667	2.62682896819264	1.11279037816523	-1.69826956957485	-1.69826956957485	-1.69826956957485
TRINITY_GG_2047_c0_g2	1.73707030264925	0.168978917376244	0.783730962626638	-0.896593394217378	-0.896593394217378	-0.896593394217378
TRINITY_GG_97583_c0_g1	-1.2245649749018	-1.2245649749018	-1.2245649749018	2.14991812941967	0.476318581126471	1.04745821415925
TRINITY_GG_96619_c0_g1	-1.17176764171251	-1.17176764171251	-1.17176764171251	1.13361926476518	1.96704682718978	0.414636833182558
TRINITY_GG_26867_c0_g2	0.691120765133257	0.915318185018633	1.19039480158013	-0.932277917244007	-0.932277917244007	-0.932277917244007
TRINITY_GG_95678_c0_g1	0.392829960490501	0.959605671278536	1.102111067216	-0.818182232995011	-0.818182232995011	-0.818182232995011
TRINITY_GG_19721_c4_g1	-1.38331906910233	-1.38331906910233	-1.38331906910233	2.83057252316044	-1.02717525887706	2.3465599430236
TRINITY_GG_59923_c0_g1	0.710714889013949	0.0625936310239941	1.94926277970658	-0.907523766581506	-0.907523766581506	-0.907523766581506
TRINITY_GG_94644_c0_g1	0.647670439485589	1.47074792046656	0.399485554702299	-0.839301304884818	-0.839301304884818	-0.839301304884818
TRINITY_GG_11777_c0_g1	0.57494899331094	3.76575853179468	-0.655873395733656	-1.22827804312399	-1.22827804312399	-1.22827804312399
TRINITY_GG_31478_c1_g1	1.26219641759256	1.03044883120441	0.933042491273415	-1.07522924669013	-1.07522924669013	-1.07522924669013
TRINITY_GG_13095_c2_g1	0.229727979995134	1.09575532402461	2.07232158650956	-1.13260163017643	-1.13260163017643	-1.13260163017643
TRINITY_GG_105171_c60_g1	-1.00087411683707	-1.00087411683707	-1.00087411683707	1.077052461848	0.816749140674359	1.10882074798886
TRINITY_GG_63030_c0_g2	1.53169240017624	1.92053667261722	3.26359519517607	-2.23860808932317	-2.23860808932317	-2.23860808932317
TRINITY_GG_73603_c85_g1	1.06032697360867	0.998430917019607	1.88829865173492	-1.31568551412107	-1.31568551412107	-1.31568551412107
TRINITY_GG_26157_c0_g1	-1.1656292923969	-1.1656292923969	-1.1656292923969	1.24362585428794	0.946403543836917	1.30685847906584
TRINITY_GG_52777_c1_g1	0.219668355124071	1.47931217175709	0.914574699099968	-0.871185075327043	-0.871185075327043	-0.871185075327043
TRINITY_GG_64139_c37_g2	0.663243731733572	1.07311007833227	1.4202773760806	-1.05221039538215	-1.05221039538215	-1.05221039538215
TRINITY_GG_24742_c0_g1	1.11128885671527	1.16804815559063	0.151105409967182	-0.810147474091026	-0.810147474091026	-0.810147474091026
TRINITY_GG_67479_c0_g1	1.81286455083147	2.15008741611043	1.56490180753861	-1.54648527387709	-2.75817424447388	-1.22319425612955
TRINITY_GG_26158_c0_g3	0.576064777159508	0.702360608911813	0.983334231725417	-0.753919872598913	-0.753919872598913	-0.753919872598913
TRINITY_GG_68332_c0_g1	1.31917662479874	0.637494206919656	0.947329549080157	-0.968000126932853	-0.968000126932853	-0.968000126932853
TRINITY_GG_55815_c0_g1	1.18582852909779	0.605914204127869	0.644274677826629	-0.812005803684096	-0.812005803684096	-0.812005803684096
TRINITY_GG_20511_c9_g3	0.149790089936319	1.28179581595246	0.978280682139786	-0.803288862676188	-0.803288862676188	-0.803288862676188
TRINITY_GG_106216_c2_g1	0.164723444828334	0.954969640506873	1.27877791402061	-0.799490333118606	-0.799490333118606	-0.799490333118606
TRINITY_GG_70510_c85_g1	0.878069754035243	1.12938697695201	0.958464605929092	-0.988640445638782	-0.988640445638782	-0.988640445638782
TRINITY_GG_35406_c0_g1	-0.845311125328168	-0.845311125328168	-0.845311125328168	1.72733605295975	0.424320525612271	0.384276797412484
TRINITY_GG_44693_c0_g1	-0.916742516968288	-0.916742516968288	-0.916742516968288	1.15364681092311	1.28990070701511	0.306680032966649
TRINITY_GG_102263_c51_g1	0.644486305278695	0.465834199472247	1.1790946061128	-0.763138370287914	-0.763138370287914	-0.763138370287914
TRINITY_GG_37929_c0_g1	-0.977001168749433	-0.977001168749433	-0.977001168749433	0.412565643013292	0.0954476813202589	2.42299018191475
TRINITY_GG_89336_c4_g2	-0.791478858026827	-0.791478858026827	-0.791478858026827	0.794925616868235	1.17753344948949	0.401977507722758
