B_female_44_01	B_female_44_02	B_female_44_03	B_female_K5_01	B_female_K5_02	B_female_K5_03	B_male_K5_01	B_male_K5_02	B_male_K5_03
TRINITY_DN224309_c0_g1	-0.491508083308081	-0.491508083308081	-0.491508083308081	-0.491508083308081	-0.491508083308081	-0.491508083308081	0.586418495376988	2.25006676411072	0.11256324036078
TRINITY_DN165231_c2_g1	-0.459877110991354	-0.50563237420631	-0.848633478921892	-0.673911844543652	-0.308925270940679	-0.610046517038379	-0.289451781803125	3.97993972240614	-0.283461343960743
TRINITY_DN191134_c1_g1	-0.788920706700167	-0.788920706700167	-0.788920706700167	-0.788920706700167	-0.788920706700167	-0.788920706700167	1.10288729433527	2.39488337215427	1.23575357371146
TRINITY_DN197059_c3_g1	-0.905041982354144	-0.905041982354144	-0.905041982354144	-0.905041982354144	-0.628843117321902	-0.905041982354144	2.81556482829824	1.2471414367009	1.09134676409348
TRINITY_DN163035_c2_g2	-1.4193301205773	0.279986440604858	0.405877404116862	-2.07180784427309	-0.218672868035827	-2.07004415818438	8.03173342623906	-1.32271647584044	-1.61502580404974
TRINITY_DN196978_c1_g2	-1.92871871429865	-1.44737884465165	-1.6317646591895	0.97658388440668	-0.124427924453177	-0.894024151594756	-1.98577845822995	-0.473188031001253	7.50869689901225
TRINITY_DN182792_c8_g1	-0.749386479891238	-0.749386479891238	-0.749386479891238	-0.749386479891238	-0.749386479891238	-0.749386479891238	-0.749386479891238	4.33608066793175	0.909624691306912
TRINITY_DN168267_c0_g1	-0.812778796929499	-0.812778796929499	-0.812778796929499	-0.812778796929499	-0.812778796929499	-0.812778796929499	3.60770360517859	-0.812778796929499	2.0817479733279
TRINITY_DN179602_c2_g4	-0.570418520675908	-0.570418520675908	-0.570418520675908	-0.570418520675908	-0.570418520675908	-0.570418520675908	2.11641812930017	0.824095621280051	0.48199737347523
TRINITY_DN185903_c2_g4	-0.949769694100168	-0.955685952709679	-2.05567006278937	-0.633827605461426	-0.243837035612617	-0.644187614369397	-0.396408007451493	5.14229776545806	0.737088207036093
TRINITY_DN177614_c1_g3	-0.490920304513121	-0.490920304513121	-0.490920304513121	-0.490920304513121	-0.490920304513121	-0.490920304513121	0.889255007228904	1.90194661171768	0.154320208132144
TRINITY_DN158116_c0_g1	-0.708421970898079	-0.708421970898079	-0.708421970898079	-0.708421970898079	-0.708421970898079	-0.708421970898079	0.829619482435585	2.37530199549493	1.04561034745796
TRINITY_DN198530_c3_g2	-0.764609207632055	-0.523858418263758	-1.11638917262122	-0.56016656734112	-0.626497678658165	-0.564042177572144	3.43662468431387	0.00498596596681988	0.713952571807779
TRINITY_DN80960_c0_g1	-0.757402591622426	-1.12477365727096	-1.0070786146012	-0.104716004929702	-1.12477365727096	-0.88354362175551	0.23137015295432	4.93963499935498	-0.168717004858552
TRINITY_DN132705_c1_g1	-0.472811151767278	-0.472811151767278	-0.472811151767278	-0.472811151767278	-0.472811151767278	-0.472811151767278	0.83461737342497	1.92909231984068	0.073157217338015
TRINITY_DN189861_c2_g4	-0.638314757028854	-0.638314757028854	-0.638314757028854	-0.638314757028854	-0.638314757028854	-0.638314757028854	2.70210508689839	0.576431765653541	0.551351689621196
TRINITY_DN181775_c0_g1	0.938938445932524	1.04635000317256	-0.804373437816722	2.4228310135357	1.58789473697893	1.12026456227395	-1.74262820433458	-2.28463855987119	-2.28463855987119
TRINITY_DN122242_c0_g1	-0.446629571897873	-0.446629571897873	-0.446629571897873	-0.446629571897873	-0.446629571897873	-0.446629571897873	1.71719115459255	0.257357031965558	0.705229244829132
TRINITY_DN179764_c2_g2	1.28868763236094	1.61409185037566	0.720062832523014	0.32544602166056	0.378032649390591	0.904084114261613	-1.81191801210969	-1.96801842661133	-1.45046866185136
TRINITY_DN191750_c6_g1	-0.424563559079656	-0.424563559079656	-0.424563559079656	-0.424563559079656	-0.424563559079656	-0.424563559079656	1.3122577583685	0.137129162318653	1.09799443379078
TRINITY_DN173495_c15_g1	-1.00377543140765	-1.00377543140765	-1.00377543140765	-1.00377543140765	-1.00377543140765	-1.00377543140765	2.34048496357777	-1.00377543140765	4.68594305627576
TRINITY_DN169036_c7_g1	-0.598851690210745	-1.13830354819734	-0.0262283174990228	-1.20662665017084	-0.628248802782981	-1.09114943275091	5.77862428607442	-0.0428463889494399	-1.04636945551314
TRINITY_DN177614_c1_g1	-0.54333245065138	-0.54333245065138	-0.54333245065138	-0.54333245065138	-0.54333245065138	-0.54333245065138	2.32436637034612	1.04066793263439	-0.105039599072233
TRINITY_DN22880_c0_g1	-0.557846643894693	-0.557846643894693	-0.557846643894693	-0.557846643894693	-0.557846643894693	-0.557846643894693	0.480589537761415	2.1145786980768	0.751911627529942
TRINITY_DN195078_c0_g3	-0.351786398581367	-0.674462456005602	-0.884851320451005	-0.578005820136722	-0.884851320451005	-0.884851320451005	-0.169397193335287	4.34073210830585	0.0874737211061465
TRINITY_DN195492_c0_g1	-0.794144333881	-0.794144333881	-0.794144333881	-0.794144333881	-0.794144333881	-0.794144333881	-0.794144333881	5.02030354897585	0.538706788191154
TRINITY_DN180100_c1_g1	-0.781670687389078	-0.781670687389078	-0.781670687389078	-0.781670687389078	-0.781670687389078	-0.781670687389078	1.12906197451383	2.06732774301094	1.49363440680969
TRINITY_DN53786_c0_g1	-0.58346613198504	-0.58346613198504	-0.58346613198504	-0.58346613198504	-0.58346613198504	-0.58346613198504	1.17013840429495	1.83688152066787	0.49377686694742
TRINITY_DN180094_c2_g1	-0.672905074237873	-0.672905074237873	-0.672905074237873	-0.672905074237873	-0.672905074237873	-0.672905074237873	1.39128798768962	-0.672905074237873	3.31904753197549
TRINITY_DN168774_c0_g1	0.941680322929316	-2.40510012236681	1.10769306416591	2.91568511439637	2.56780041576307	2.31474241449083	-2.49812248895905	-2.44346841408898	-2.50091030633067
TRINITY_DN195331_c0_g1	-1.3970622464185	-1.3970622464185	-1.3970622464185	-1.3970622464185	-1.3970622464185	-1.3970622464185	3.18374653221939	-1.3970622464185	6.59568919271015
TRINITY_DN193885_c2_g3	-0.638307343825459	-0.638307343825459	-0.638307343825459	-0.638307343825459	-0.638307343825459	-0.638307343825459	0.760043026520506	2.25077675477269	0.819024281659555
TRINITY_DN240354_c0_g1	-0.519253017369705	-0.519253017369705	-0.519253017369705	-0.519253017369705	-0.519253017369705	-0.519253017369705	1.27068485161049	1.76762813041846	0.077205122189281
TRINITY_DN193672_c2_g4	-0.473206050826474	-1.02312160444843	-1.02312160444843	-1.02312160444843	-1.02312160444843	-1.02312160444843	0.612400637011324	4.68977676908109	0.286636666976205
TRINITY_DN179692_c4_g1	-1.43573712033343	-1.43573712033343	-1.38889686613046	-1.43573712033343	-1.43573712033343	-0.926801458469035	2.28858572505455	2.51080660769158	3.25925447318709
TRINITY_DN88447_c0_g1	-0.174352371051273	-0.97304021688282	-0.676297935553282	-1.01085363876839	-1.13782649502616	-0.918735436779963	0.296201179637438	5.08933695597072	-0.494432041546267
TRINITY_DN160680_c4_g2	-0.568584921464464	-0.568584921464464	-0.568584921464464	-0.568584921464464	-0.568584921464464	-0.568584921464464	1.49802096273997	1.16476941914936	0.748719146897451
TRINITY_DN178303_c2_g1	-1.21835463097486	-1.79269838489488	-1.27365977529482	-1.79269838489488	-1.79269838489488	-1.79269838489488	5.84758993999955	-1.79269838489488	5.60791639074451
TRINITY_DN192669_c0_g1	-0.649584307214621	-0.649584307214621	-0.649584307214621	-0.649584307214621	-0.649584307214621	-0.649584307214621	2.71176297080614	-0.649584307214621	1.83532717969621
TRINITY_DN190793_c2_g4	-0.470891325297097	-0.470891325297097	-0.470891325297097	-0.470891325297097	-0.470891325297097	-0.470891325297097	-0.129474800818375	2.4249929106544	0.529829841946557
TRINITY_DN175255_c3_g3	-0.828472530120526	-1.21149103323866	-0.93138311404592	0.0972091491896405	-0.720656070360473	-0.649127450500536	-0.826279150692509	5.48995983541053	-0.419759635641557
TRINITY_DN172192_c0_g3	-0.630075877852411	-0.630075877852411	-0.630075877852411	-0.630075877852411	-0.630075877852411	-0.630075877852411	1.41990332485538	-0.630075877852411	2.99062782011149
TRINITY_DN192202_c0_g1	-0.617650232771984	-0.617650232771984	-0.617650232771984	-0.617650232771984	-0.617650232771984	-0.617650232771984	2.90101079033757	-0.617650232771984	1.42254083906631
TRINITY_DN184357_c1_g2	-0.653591083362976	-0.872682141609173	-0.872682141609173	-0.638794081434896	-0.585800993821012	-0.480914421653176	0.0944864659234546	3.83163653615166	0.178341861415294
TRINITY_DN173691_c2_g4	0.748718928003511	2.14001833599276	-0.0271539621095434	1.72884471644957	0.224805752223928	0.991716811990019	-2.46860783981779	-1.34395192200973	-1.99439082072273
TRINITY_DN190865_c0_g6	-0.663119278084568	-0.115026579192127	-0.88781264893729	-0.544021080117493	-0.568573641577568	-0.775438670057136	-0.7313834899792	4.13802288497653	0.147352502968855
TRINITY_DN192775_c6_g1	-0.461082386745548	-0.461082386745548	-0.461082386745548	-0.461082386745548	-0.461082386745548	-0.461082386745548	1.76789018301461	0.881472358731772	0.117131778726906
TRINITY_DN157129_c9_g1	-0.592964976894674	-0.592964976894674	-0.592964976894674	-0.592964976894674	-0.592964976894674	-0.592964976894674	3.11201761944248	-0.157869825274577	0.603642067200143
TRINITY_DN179214_c0_g1	-1.56463319056203	-0.915361657302224	-0.930377517741884	-0.297494386395502	0.346689651361747	-1.221650628412	-0.874282955670957	6.11009325986409	-0.652982575141241
TRINITY_DN144358_c0_g1	-0.841147578152315	-0.841147578152315	-0.841147578152315	-0.841147578152315	-0.841147578152315	-0.841147578152315	2.22494161230546	-0.841147578152315	3.66309143476074
TRINITY_DN160383_c3_g2	-0.759683200135423	-0.759683200135423	-1.04781941110921	-0.792969637976096	-0.943687167283282	-1.09633939236623	0.282371994809294	4.89092334034082	0.226886673855548
TRINITY_DN191993_c1_g3	-1.38679888281661	-1.31143362048196	-1.46151823619631	-0.0517326358403423	-1.27097162413792	-1.07034245709578	-1.16473157585695	-0.985192532723519	8.70272156514939
TRINITY_DN181948_c2_g5	-0.491335131548073	-0.491335131548073	-0.491335131548073	-0.491335131548073	-0.491335131548073	-0.491335131548073	0.521591042896197	1.95280182503952	0.473617921352726
TRINITY_DN128343_c0_g1	-0.72939045649153	-0.72939045649153	-0.72939045649153	-0.72939045649153	-0.72939045649153	-0.72939045649153	2.08741401834135	3.01831917709937	-0.72939045649153
TRINITY_DN172792_c10_g1	2.25781007239124	0.0614128595877383	1.40818667745557	-0.203654943398584	0.120577451851358	0.233092812204178	-1.29247497669717	-1.29247497669717	-1.29247497669717
TRINITY_DN162597_c14_g1	-1.12715388005513	-0.984628873526418	-1.51412509739018	-0.556659141228732	-0.71803288405123	-0.635090865201619	-0.696345397600874	5.92538112994263	0.306655009111549
TRINITY_DN159422_c7_g1	-1.49820019824858	-1.18121669316781	-1.04551541205187	0.1993024713127	-0.556579799104485	-0.493719775265909	-0.468773418135678	5.00044276599511	0.0442600586665203
TRINITY_DN139355_c3_g1	-0.78015176688016	-0.78015176688016	-0.78015176688016	-0.78015176688016	-0.78015176688016	-0.78015176688016	-0.78015176688016	2.56878879306978	2.89227357509134
TRINITY_DN184169_c0_g9	-0.637968366371294	-0.637968366371294	-0.637968366371294	-0.637968366371294	-0.637968366371294	-0.637968366371294	2.23210038541112	-0.637968366371294	2.23367817918794
TRINITY_DN187033_c4_g1	-0.647377462957452	-1.34580845570467	-0.51573345714698	-0.97141294092317	-0.653516600054858	-0.878603130560569	-0.941998211849079	3.09325911293725	2.86119114625953
TRINITY_DN159122_c4_g2	0.200844883553235	0.0753140014693763	0.381658201138284	0.072330143030555	1.03718219933645	0.865965424901498	-0.877764951143131	-0.877764951143131	-0.877764951143131
TRINITY_DN174499_c3_g1	-0.493926468542182	-0.676974381957336	-0.339266761847974	-1.3243450559083	-1.60641791103836	-0.237917517925128	0.105189264025235	0.890566328557295	3.68309250463675
TRINITY_DN180761_c9_g7	-0.285806482760565	1.20172719022076	1.40562335379717	1.9881034729722	1.97807662484359	1.75317110509107	-2.75125861016954	-2.75125861016954	-2.53837804382516
TRINITY_DN198457_c2_g8	-0.785354755084618	-0.785354755084618	-0.785354755084618	-0.785354755084618	-0.785354755084618	-0.785354755084618	2.17422995182775	3.32325333376458	-0.785354755084618
TRINITY_DN157585_c2_g11	-0.821976183916958	-0.821976183916958	-0.821976183916958	-0.821976183916958	-0.821976183916958	-0.821976183916958	1.35626040068785	1.82395599236483	1.75164071044907
TRINITY_DN161600_c11_g2	0.827728842602323	0.650154448006227	0.682581021841216	-1.41433034713388	3.68084219282617	1.58242858430626	-2.00313491414944	-2.00313491414944	-2.00313491414944
TRINITY_DN159261_c8_g1	-0.539506510398472	-0.539506510398472	-0.539506510398472	-0.539506510398472	-0.539506510398472	-0.539506510398472	0.67834458641266	1.00497887583762	1.55371560014055
TRINITY_DN185722_c4_g1	0.974118015797739	3.10115908195604	0.053122378932801	-0.956986902991193	1.71097159513095	-0.709340435861957	-1.39101457765479	-1.39101457765479	-1.39101457765479
TRINITY_DN173367_c1_g1	-1.42533229973274	-0.711949380024086	-1.50522241509225	-0.463174397476601	-0.0705803578738906	-0.798233466579533	-0.0994858830945242	5.05394061619686	0.0200375836767623
TRINITY_DN149220_c0_g1	-0.704720210327263	-0.704720210327263	-0.467156492009587	-0.704720210327263	-0.704720210327263	-0.704720210327263	1.52886112186863	1.10345887344421	1.35843754833306
TRINITY_DN188406_c8_g1	-0.80649738884672	-0.6533406007853	-0.758261203193872	-0.745758230989041	-0.80649738884672	-0.343921500804516	3.17599429158583	0.932486565853792	0.00579545602655107
TRINITY_DN159812_c10_g1	-0.6676352369143	-0.6676352369143	-0.6676352369143	-0.6676352369143	-0.6676352369143	-0.6676352369143	1.65458136813119	-0.6676352369143	3.01886529026892
TRINITY_DN171536_c3_g2	-0.726212015325938	-0.641712602110145	-0.991344887043729	-0.957719915605788	-0.42540721200433	-0.924860826613812	-0.19828045964116	2.40043243650583	2.46510548183907
TRINITY_DN130926_c0_g1	-0.422837748429591	-0.422837748429591	-0.422837748429591	-0.422837748429591	-0.422837748429591	-0.422837748429591	1.37624955764441	0.587225934915106	0.57355099801803
TRINITY_DN160679_c3_g1	-0.494895993338635	-1.2798186949015	-0.515132842379363	-0.949834045143076	-1.2798186949015	-1.2798186949015	1.07265736414883	5.48342023452298	-0.756758633106247
TRINITY_DN181905_c11_g1	-0.956706900922951	-1.01778533840814	-1.58300712007969	-0.397014898994868	-0.207515004423485	-0.360848125657579	-0.699948743332257	5.4168652292561	-0.194039097437123
TRINITY_DN190151_c2_g3	-1.28857532561428	-1.07263299916955	-0.384544384145	-0.999768100052244	-1.00879061251669	-1.00337033673244	1.05017548099554	4.71493991046252	-0.00743363322785306
TRINITY_DN169120_c2_g3	-0.774498447271805	-2.44147476426685	-0.263503306987857	-0.142736225370131	-2.45728782760422	-1.94145255654879	7.47130580771577	-2.59130379608303	3.14095111641691
TRINITY_DN167751_c1_g6	-0.514618276558309	-1.26906306932671	-1.03840163826741	0.495467014710921	-0.750483236497325	-1.62554838625045	-0.785466686522414	5.07990597658595	0.408208302125751
TRINITY_DN192028_c6_g2	-0.0919372030521712	-1.69926751680178	-0.38068286498879	-0.643583384224103	-0.840825964594197	-1.01121152311652	5.31998857210038	-1.53678293948841	0.884302824165598
TRINITY_DN172504_c5_g1	-0.646633442326205	-0.646633442326205	-0.646633442326205	-0.646633442326205	-0.646633442326205	-0.646633442326205	0.95173176299744	3.57470233328599	-0.646633442326205
TRINITY_DN158374_c2_g1	-0.530826764850591	-0.530826764850591	-0.530826764850591	-0.530826764850591	-0.530826764850591	-0.530826764850591	0.917016879511494	1.56610971765237	0.701833991939684
TRINITY_DN188315_c2_g4	-0.594366732267692	-0.594366732267692	-0.594366732267692	-0.594366732267692	-0.594366732267692	-0.594366732267692	0.54444773663459	2.01727781110597	1.00447484586559
TRINITY_DN177458_c4_g3	-0.711245302084372	-0.711245302084372	-0.711245302084372	-0.711245302084372	-0.711245302084372	-0.711245302084372	-0.711245302084372	4.36227505249892	0.616442062091676
TRINITY_DN167565_c7_g1	-1.23788141870721	-0.355104643124994	-1.89725983500258	-0.346899098078491	0.286973003123612	-1.16682750072144	-0.431480574025276	5.06649846170576	0.0819816048306188
TRINITY_DN152448_c1_g2	-0.613071073660053	-0.613071073660053	-0.613071073660053	-0.613071073660053	-0.613071073660053	-0.613071073660053	0.295357576508734	2.5945094725269	0.788559392924687
TRINITY_DN178477_c2_g6	-0.662482761371203	-1.02575023287124	-1.07037979817732	-0.389396950396131	-0.454665972489616	-1.1584903139799	0.144035249684943	4.36973263329898	0.247398146301492
TRINITY_DN170810_c3_g6	-1.13843995304906	-1.47650233019669	-2.2714407336849	-1.27096530278889	0.383594053932889	-0.587851596739614	-0.336608919029633	4.5473994489953	2.15081533256059
TRINITY_DN195207_c2_g4	-0.460869088930758	-0.460869088930758	-0.460869088930758	-0.460869088930758	-0.460869088930758	-0.460869088930758	1.10326515452748	1.45560755550696	0.206341823550112
TRINITY_DN179886_c1_g5	-0.973382322433347	-0.543097049455566	-1.57503195208738	-0.466475767852654	-0.23353421973402	-0.623450949073233	-0.548997650895251	4.82565316176738	0.138316749764073
TRINITY_DN184676_c8_g2	-0.634043258022657	-0.759694359684178	-0.759694359684178	-0.759694359684178	-0.759694359684178	-0.759694359684178	-0.759694359684178	4.96421909824514	0.227990317882583
TRINITY_DN135595_c0_g1	-0.50494710302696	-0.50494710302696	-0.50494710302696	-0.50494710302696	-0.50494710302696	-0.50494710302696	2.11329155256849	0.372404523422302	0.543986542170963
TRINITY_DN104900_c1_g1	-0.126358452565271	-1.06487738463814	-1.5449434322165	-1.0630265889502	-0.359744121040284	-1.38842687574437	0.456347570143378	4.56847696859918	0.522552316412201
TRINITY_DN169505_c5_g1	-0.573716489634231	-0.573716489634231	-0.573716489634231	-0.573716489634231	-0.573716489634231	-0.573716489634231	1.22909710789806	2.12516871973086	0.0880331101764733
TRINITY_DN158993_c4_g1	2.58079418343867	1.10466752254909	2.67892807440014	0.442215871962263	-0.782045191121794	1.04169869147484	-2.35541971756774	-2.35541971756774	-2.35541971756774
TRINITY_DN195474_c2_g9	0.834242038244045	-1.19823400844149	1.33739544153419	1.26710140078928	1.52813345371193	0.524045969857329	-1.43089476523176	-1.43089476523176	-1.43089476523176
TRINITY_DN181738_c0_g1	-0.492563508941058	-0.492563508941058	-0.492563508941058	-0.492563508941058	-0.492563508941058	-0.492563508941058	0.874807556707472	1.99492284040748	0.0856506565313965
TRINITY_DN67440_c0_g1	-0.457571570011586	-0.457571570011586	-0.457571570011586	-0.457571570011586	-0.457571570011586	-0.457571570011586	0.461577793276088	1.18119737440536	1.10265425238806
TRINITY_DN157751_c2_g10	-0.7454548007557	-1.09028329775314	-0.928073261438834	-0.374829170637423	-1.09028329775314	-1.09028329775314	0.0167349521289795	1.06417029492673	4.23830187903567
TRINITY_DN167665_c4_g1	-0.636223835701523	-0.636223835701523	-0.636223835701523	-0.636223835701523	-0.636223835701523	-0.636223835701523	1.0783514031501	2.32558467903595	0.413406932023078
TRINITY_DN176856_c2_g2	-0.52401111986513	-0.52401111986513	-0.52401111986513	-0.52401111986513	-0.52401111986513	-0.52401111986513	1.66628767176147	0.193199179154466	1.28457986827485
TRINITY_DN178834_c1_g3	-1.65438093331405	-1.50041280814638	-1.43051079491622	-0.280014988317871	0.384168108942623	-1.02860396975941	-0.577304710295407	5.24320847908763	0.843851616719083
TRINITY_DN180761_c9_g6	0.269105547529764	2.14981415672937	1.85600976461521	1.17839055086995	1.73151927281793	0.685017142588688	-2.62328547838364	-2.62328547838364	-2.62328547838364
TRINITY_DN177230_c4_g1	-0.462601269222483	-0.462601269222483	-0.462601269222483	-0.462601269222483	-0.462601269222483	-0.462601269222483	1.84686598958576	0.739659714339519	0.189081911409626
TRINITY_DN169628_c5_g3	-0.628802255808772	-0.628802255808772	-0.628802255808772	-0.628802255808772	-0.628802255808772	-0.628802255808772	-0.628802255808772	3.98148440127225	0.420131389389151
TRINITY_DN199441_c4_g2	-0.423588258569504	0.150340191876675	-0.712128314054931	-1.37053210369846	-1.06244376728586	-1.12586113456955	6.30910303724585	-0.275713050747131	-1.48917660019708
TRINITY_DN160151_c14_g1	-0.74710090390304	-0.74710090390304	-0.74710090390304	-0.74710090390304	-0.74710090390304	-0.74710090390304	2.90813642055922	2.32156990676206	-0.74710090390304
TRINITY_DN178337_c3_g1	-0.0363610820225815	-0.847327257632564	-1.22430299348225	-1.38166368528375	-0.733519826325986	-1.38035511826353	1.93646283944375	1.72811246897009	1.93895465459682
TRINITY_DN139681_c2_g1	-0.707059458045256	-0.707059458045256	-0.707059458045256	-0.707059458045256	-0.707059458045256	-0.707059458045256	3.26333407986942	-0.707059458045256	1.68608212644737
TRINITY_DN217638_c0_g1	-0.776729767395143	-0.710602466357904	-0.796008829890026	-0.320784324536093	-0.953052540035606	-0.641549424567336	-0.577874060445994	4.55844712584557	0.218154287382537
TRINITY_DN157715_c11_g1	1.68848826481166	2.68150967487903	-1.46064635172353	0.828298708872216	0.637010619270893	1.6451832463762	-2.00661472082882	-2.00661472082882	-2.00661472082882
TRINITY_DN197037_c5_g5	-1.80772936781953	-0.0299414635459876	-1.54349321677599	-0.396845590623954	-0.715521929722446	-1.80772936781953	8.39149267794014	-1.12246196130269	-0.967769780330003
TRINITY_DN164463_c0_g2	0.123604553492679	-0.990171802208362	-0.881510096222946	-0.32140316963359	-0.949705210701432	-1.37604191010168	3.35679284361632	-0.184170464338455	1.22260525609746
TRINITY_DN173876_c2_g2	-0.971278386806785	-0.411736905604047	-1.19793598505878	-0.203553234365036	-0.665410142815522	-1.0046681162408	-0.144734589918153	4.48281978752747	0.116497573281656
TRINITY_DN186064_c1_g3	-1.00631192120235	-1.01297565148336	-0.950239896135394	-0.670884517276289	-0.814830776393587	-0.500140102019403	-0.451355334543716	4.91532886566332	0.491409333390769
TRINITY_DN218072_c0_g1	-0.654830017424299	-0.654830017424299	-0.654830017424299	-0.654830017424299	-0.654830017424299	-0.654830017424299	1.17054858646863	2.85156881410315	-0.0931372960259904
TRINITY_DN158912_c0_g1	-0.651272482494714	-0.651272482494714	-0.651272482494714	-0.651272482494714	-0.651272482494714	-0.651272482494714	2.28512989523035	-0.651272482494714	2.27377748223265
TRINITY_DN166646_c0_g1	-1.08717320046998	-0.908108210797632	-1.03318218233424	0.468726834648714	-0.257098201912292	-1.08527741170718	-1.10819297024662	-0.538388017453354	5.54869336027258
TRINITY_DN245021_c0_g1	-0.550337113311715	-0.550337113311715	-0.550337113311715	-0.550337113311715	-0.550337113311715	-0.550337113311715	0.933543140502389	1.74185566059018	0.626623878777727
TRINITY_DN185878_c3_g1	-0.657947409649605	-0.657947409649605	-0.657947409649605	-0.657947409649605	-0.657947409649605	-0.657947409649605	3.28428556675111	-0.657947409649605	1.32134630079612
TRINITY_DN158606_c2_g1	-0.808687811933581	-0.808687811933581	-0.808687811933581	-0.808687811933581	-0.808687811933581	-0.808687811933581	2.33454232284331	-0.808687811933581	3.32627236069176
TRINITY_DN162032_c4_g1	-0.894816651238995	-0.894816651238995	-0.894816651238995	-0.894816651238995	-0.894816651238995	-0.894816651238995	2.85300037767267	-0.894816651238995	3.4107161810003
TRINITY_DN183560_c0_g1	-0.949822156006915	-0.949822156006915	-0.934039158765987	-0.949822156006915	-0.949822156006915	-0.911385974350807	3.96071864539423	-0.949822156006915	2.63381726775713
TRINITY_DN162520_c2_g3	0.811161176397219	2.64379023459835	1.53892571955127	1.27456850726935	1.64558697453159	1.06464453536262	-2.99289238257013	-2.99289238257013	-2.99289238257013
TRINITY_DN165719_c3_g2	0.547123883365169	2.50560314513839	0.736344092612362	1.88709709958811	0.871946696728535	1.30197561194318	-2.61669684312525	-2.61669684312525	-2.61669684312525
TRINITY_DN157201_c5_g1	-1.09027404832397	-1.09027404832397	-1.09027404832397	-1.09027404832397	-1.09027404832397	-1.09027404832397	1.7166686162538	3.10460097423133	1.72037469945868
TRINITY_DN187939_c3_g2	-0.618565475903916	-1.04232772340284	-0.994376904353098	-0.697085843914514	-0.884958893827624	-0.385032496962267	-0.155410771223901	4.68474330974579	0.0930147998423769
TRINITY_DN156113_c0_g1	-0.748022856337635	-0.748022856337635	-0.748022856337635	-0.748022856337635	-0.748022856337635	-0.748022856337635	2.41724595540992	2.81891403895352	-0.748022856337635
TRINITY_DN198897_c9_g2	-0.431271833772076	-0.431271833772076	-0.431271833772076	-0.431271833772076	-0.431271833772076	-0.431271833772076	0.813006364806068	1.76973463228402	0.00489000554237373
TRINITY_DN167848_c10_g7	-1.11553490116164	-1.11553490116164	-1.0111982413469	-1.11553490116164	-1.03147063637316	-1.11553490116164	3.18370975663443	-1.0138848250672	4.33498355079939
TRINITY_DN178174_c2_g6	-0.524230461349339	-0.524230461349339	-0.524230461349339	-0.524230461349339	-0.524230461349339	-0.524230461349339	0.727337159258908	2.34010427943309	0.0779413294040399
TRINITY_DN157719_c1_g1	-0.995332453353384	-1.61544961838207	-1.5205379713566	-1.58405442210653	-0.883397545081779	-1.61544961838207	7.50340322928527	-0.97853503802619	1.68935343740336
TRINITY_DN189634_c5_g1	-0.519300225344618	-0.519300225344618	-0.519300225344618	-0.519300225344618	-0.519300225344618	-0.519300225344618	0.0828715654087613	2.5747669007641	0.458162885894849
TRINITY_DN177241_c8_g4	-0.463876758594384	-0.787250842284572	-1.36940302758076	-0.847987588954782	-0.714375921633144	0.00707089047419407	0.316618457054118	3.93021365545258	-0.0710088639332487
TRINITY_DN180491_c6_g7	-0.434142503377633	-0.434142503377633	-0.434142503377633	-0.434142503377633	-0.434142503377633	-0.434142503377633	1.00574654424215	0.984317334203359	0.61479114182029
TRINITY_DN157876_c7_g1	-0.984052837909637	-0.984052837909637	-0.984052837909637	-0.984052837909637	-0.984052837909637	-0.984052837909637	3.0404441527886	-0.984052837909637	3.84792571257886
TRINITY_DN173282_c4_g1	1.28237714601032	-1.06841576559803	0.406470201005594	0.554987811427201	1.36216791433392	1.26502791565588	-1.26753840761163	-1.26753840761163	-1.26753840761163
TRINITY_DN168780_c0_g3	-1.5128997605774	-1.36624453845793	-1.5128997605774	-1.40722168268286	-1.5128997605774	-1.5128997605774	3.58706865657749	1.11120113405072	4.12679547282218
TRINITY_DN189901_c0_g1	-0.478636158612176	-0.478636158612176	-0.478636158612176	-0.478636158612176	-0.478636158612176	-0.478636158612176	1.244703961639	0.0771799964494639	1.5499329935846
TRINITY_DN171561_c2_g3	1.08481262917046	2.95157180689607	1.1519559630889	-0.26762551350414	1.05131775205602	1.12396914940731	-3.03097648110252	-2.13286342132895	-1.93216188468314
TRINITY_DN192743_c1_g3	-0.900638656788002	-0.838970256895579	-0.918753451347606	-0.347746996975169	-0.855076079407558	-1.06671133273471	-0.303724767854131	4.86537346746135	0.366248074541399
TRINITY_DN196695_c0_g1	-0.435311386220952	-0.435311386220952	-0.435311386220952	-0.435311386220952	-0.435311386220952	-0.435311386220952	0.816256234387296	0.786256402317458	1.00935568062096
TRINITY_DN175973_c1_g2	-0.785094880331938	-0.760269601297367	-0.636949262556402	-0.154629684144685	-1.15152243538616	-1.06830174230623	-0.179098679738585	3.90142434732817	0.834441938433197
TRINITY_DN179823_c7_g4	-0.714540532798033	-0.861798624073701	-0.768016477753084	-0.101975015746499	-0.601458327409171	-0.759967948979538	-0.0470798661686687	3.42034239122318	0.434494401705513
TRINITY_DN177821_c3_g3	-0.649316819499361	-0.184499895486244	-1.64055105051143	-0.996840521299288	-0.291353844102489	-0.969597270610405	0.345361269462116	3.91697885557168	0.469819276475418
TRINITY_DN170400_c4_g5	-1.28296867442922	-1.13501079304212	-0.731083570957497	-1.28296867442922	-1.14153588349993	-0.619396339011699	7.45476878049032	-0.0952009273831973	-1.16660391773744
TRINITY_DN176062_c4_g1	-0.631889188716723	-0.631889188716723	-0.631889188716723	-0.631889188716723	-0.631889188716723	-0.631889188716723	0.412854632507674	3.59677560610021	-0.218295106307548
TRINITY_DN168297_c5_g3	-1.26809191334127	-1.03234269473718	-1.67752048287467	-0.47862449246391	-0.79579943935971	0.3074736384731	-0.415019322303239	5.0939860667403	0.265938639866584
TRINITY_DN175391_c2_g1	-1.80416170872925	-1.32050298889967	-1.57775890219824	0.839019641222978	-1.5360760410272	-0.960795045686702	-1.76205241257211	-0.923673914421775	9.04600137231197
TRINITY_DN161026_c2_g1	-0.840334024600516	-0.840334024600516	-0.840334024600516	-0.505765748934383	-0.840334024600516	-0.840334024600516	1.28233869422362	3.42869912185472	-0.00360194414138038
TRINITY_DN156043_c11_g1	-0.537076194363572	-0.537076194363572	-0.537076194363572	-0.537076194363572	-0.537076194363572	-0.537076194363572	0.60173827453871	2.51255457336103	0.108164318281693
TRINITY_DN254407_c0_g1	-0.523619471759048	-0.523619471759048	-0.523619471759048	-0.523619471759048	-0.523619471759048	-0.523619471759048	1.28908410480124	1.70904128503123	0.143591440721823
TRINITY_DN186607_c2_g6	0.238144761612764	0.0483152309310579	1.15513969645697	2.16253556279954	1.12774969842546	0.901946886055706	-1.94263962946594	-1.74855257734963	-1.94263962946594
TRINITY_DN159275_c6_g1	-0.617938579359599	-0.744911435617364	-0.632544912544801	-0.610033381274252	-0.744911435617364	-0.744911435617364	0.0607937492211472	3.64120972119749	0.393247709612106
TRINITY_DN157427_c4_g1	-0.545121963548212	-0.545121963548212	-0.545121963548212	-0.545121963548212	-0.545121963548212	-0.545121963548212	1.55046494444951	1.05562353441387	0.664643302425891
TRINITY_DN168413_c5_g1	-0.629528814749555	-0.629528814749555	-0.629528814749555	-0.629528814749555	-0.629528814749555	-0.629528814749555	1.2375769147531	0.080643933530107	2.45895204021412
TRINITY_DN175124_c4_g3	0.166689247183815	1.2921310712695	0.299681442748335	2.36086971087326	1.48554409373074	2.09789474561892	-2.51157697337674	-2.6858615141978	-2.50537182385003
TRINITY_DN195380_c3_g1	-0.792336939137553	-0.792336939137553	-0.792336939137553	-0.792336939137553	-0.792336939137553	-0.792336939137553	1.26632590024101	1.02241854367232	2.46527719091199
TRINITY_DN175486_c1_g3	1.72287362930331	-0.235863204256102	1.77465617140586	0.556060723240443	0.536559667321966	0.00127008819299057	-1.45185235840282	-1.45185235840282	-1.45185235840282
TRINITY_DN169120_c2_g5	-1.68820767404079	-1.48031482239946	-1.68820767404079	-1.68820767404079	-1.68820767404079	-0.991323583185338	7.2494486248161	-0.907477637564416	2.88249811449628
TRINITY_DN181644_c0_g5	-0.551696078870173	-0.657933722581258	-0.818258936578079	-0.789404073905894	-0.293257710822406	-0.678228484799105	-0.429288908851098	3.98876475024885	0.229303166159169
TRINITY_DN174257_c0_g1	-0.855957280515279	-0.855957280515279	-0.855957280515279	-0.855957280515279	-0.855957280515279	-0.855957280515279	2.97236964589954	-0.855957280515279	3.01933131770741
TRINITY_DN184269_c8_g2	-0.879698606088867	-0.879698606088867	-0.879698606088867	-0.879698606088867	-0.879698606088867	-0.879698606088867	2.97529441066813	-0.879698606088867	3.18259583195393
TRINITY_DN192502_c1_g2	-0.539421283828533	-0.539421283828533	-0.539421283828533	-0.539421283828533	-0.539421283828533	-0.539421283828533	0.31417522237398	1.94626314445674	0.976089336140478
TRINITY_DN193670_c0_g1	-0.433357557418976	-0.433357557418976	-0.433357557418976	-0.433357557418976	-0.433357557418976	-0.433357557418976	0.874070967773271	1.21832562321313	0.507748753527455
TRINITY_DN170291_c12_g1	-0.545783402590692	-0.545783402590692	-0.545783402590692	-0.545783402590692	-0.545783402590692	-0.545783402590692	0.326848388544558	2.3779362761587	0.569915750840895
TRINITY_DN79811_c0_g1	-1.36619535971684	-1.03798303030591	-1.05011050911095	-0.886444498140317	0.0958844755326269	0.0882444133304952	-1.21360924139383	5.78142295108371	-0.411209201278988
TRINITY_DN195285_c3_g2	-0.537869646664051	0.0573429507508627	0.586600040049497	2.15340175620345	2.13064755125009	-0.0673989012589555	-1.44090791677696	-1.44090791677696	-1.44090791677696
TRINITY_DN180128_c5_g1	0.24895324655096	2.30378547106259	1.70510090367087	1.89817754273348	2.06257227020627	1.53433995931596	-3.34308179812387	-3.25240526958867	-3.15744232582758
TRINITY_DN188105_c0_g1	0.487469939977542	1.35388678559895	-1.8757011371417	2.45557413000491	1.8401922334059	1.3656814595795	-1.8757011371417	-1.8757011371417	-1.8757011371417
TRINITY_DN184460_c1_g3	1.6021846572724	1.51968129297385	0.716784416701254	0.979396072452016	0.313533903705428	0.422588988974476	-1.08514615365641	-2.55199617412574	-1.91702700429728
TRINITY_DN164805_c3_g7	-1.07257440968734	-1.23736068783068	-0.957592266237086	-0.310602155844216	-0.841201198757526	-0.491477998928421	-0.599518627506576	4.41397807827525	1.0963492665166
TRINITY_DN177778_c8_g1	-0.773023329320775	-0.773023329320775	-0.773023329320775	-0.773023329320775	-0.773023329320775	-0.773023329320775	3.20288194420292	-0.773023329320775	2.2082813610425
TRINITY_DN178243_c0_g2	-0.908580843446379	-0.685607977507094	-0.848874597322111	-0.528507016422365	-0.426059747451548	-0.671746909721445	-0.610969176614338	4.32476427816322	0.355581990322058
TRINITY_DN159359_c5_g1	-0.985928149281335	-0.985928149281335	-0.985928149281335	-0.985928149281335	-0.985928149281335	-0.985928149281335	2.69033925898455	0.89573647003901	2.32949316666444
TRINITY_DN153278_c4_g4	-0.481965617561205	-0.481965617561205	-0.481965617561205	-0.481965617561205	-0.481965617561205	-0.481965617561205	1.29118677945285	0.991041950354969	0.609564975559412
TRINITY_DN171676_c0_g5	-0.655912746569032	-1.40156355846092	-1.84304703804357	-0.617155176353227	-0.151066287440291	-0.898938238935613	-0.124959454083051	5.88171235929294	-0.189069859407231
TRINITY_DN194103_c1_g2	-0.571954531124982	-0.571954531124982	-0.571954531124982	-0.571954531124982	-0.571954531124982	-0.571954531124982	0.713743594833142	2.75587652062062	-0.0378929287038642
TRINITY_DN195847_c1_g1	-0.485200729330679	-0.485200729330679	-0.485200729330679	-0.485200729330679	-0.485200729330679	-0.485200729330679	1.75113880983769	0.743771840429482	0.416293725716896
TRINITY_DN169269_c1_g2	-0.943834814220264	-0.520011846046553	-1.06365475922553	-0.80472994799462	-0.493971950588273	-0.957325924019783	0.444520642406074	4.62558784554956	-0.286579245860613
TRINITY_DN185337_c0_g4	-0.964722738283751	-0.964722738283751	-0.964722738283751	-0.964722738283751	-0.964722738283751	-0.964722738283751	0.536589010959909	3.47037241333635	1.78137500540625
TRINITY_DN161367_c8_g1	-0.87072659234792	-0.705858361035026	-1.06034609412188	-0.242992336665567	-0.313969839481558	-0.775032446646885	-0.947439657202502	5.05538573575112	-0.139020408249788
TRINITY_DN171505_c8_g1	-0.855314188743501	-0.376974107556139	-1.04054644297366	-0.843939398878844	-0.600125722216895	-0.44504278247092	-0.4817890125999	4.13633478712317	0.507396868316688
TRINITY_DN142898_c0_g2	-0.679093837080112	-0.679093837080112	-0.679093837080112	-0.679093837080112	-0.679093837080112	-0.679093837080112	-0.150022537251	0.997173571185778	3.22741198854589
TRINITY_DN184946_c5_g2	-0.636920410875357	-0.466516982951827	-1.189676777593	-0.50726830808668	-0.379729613445808	-0.805164145327618	-0.488204806385077	4.41029304869765	0.0631879959677151
TRINITY_DN156756_c2_g1	-1.28926458095577	-1.24984605688802	-1.57606445243953	-1.75064481461993	-1.13705830533435	-1.46402358846852	9.35379214784535	-1.43750967529522	0.550619326156004
TRINITY_DN192739_c0_g1	-0.63775106125934	-0.63775106125934	-0.63775106125934	-0.63775106125934	-0.63775106125934	-0.63775106125934	3.03127570425029	-0.63775106125934	1.43298172456509
TRINITY_DN167344_c4_g1	-0.787325722123351	-0.787325722123351	-0.787325722123351	-0.787325722123351	-0.787325722123351	-0.787325722123351	3.79907875277171	-0.787325722123351	1.71220130209174
TRINITY_DN160834_c1_g3	-0.740535989347374	-0.740535989347374	-0.740535989347374	-0.740535989347374	-0.740535989347374	-0.740535989347374	2.39434206499574	2.78940986043588	-0.740535989347374
TRINITY_DN180316_c0_g1	-0.828383268389346	-0.828383268389346	-0.573789225356204	-0.828383268389346	-0.828383268389346	-0.828383268389346	3.40120465435131	1.8453992656304	-0.530898352678771
TRINITY_DN196693_c1_g5	-0.743137213367111	-0.743137213367111	-0.743137213367111	-0.743137213367111	-0.743137213367111	-0.743137213367111	2.53856103673172	-0.743137213367111	2.66339945683806
TRINITY_DN172179_c8_g2	-0.634282268416705	-0.634282268416705	-0.634282268416705	-0.634282268416705	-0.634282268416705	-0.634282268416705	2.37470651481055	-0.634282268416705	2.06526936410638
TRINITY_DN158119_c5_g1	-0.492794795352119	-0.51461290555781	-0.49957757719653	-0.585002233449208	-0.515987555534028	-0.585002233449208	-0.358493703640528	2.33738593155464	1.2140850726248
TRINITY_DN196235_c2_g5	0.918831706638816	1.69592754008593	-2.16165541529822	1.59994900307983	2.24413277497271	2.1877806364156	-2.16165541529822	-2.16165541529822	-2.16165541529822
TRINITY_DN189699_c5_g2	-0.604656104319252	-0.604656104319252	-0.604656104319252	-0.604656104319252	-0.604656104319252	-0.604656104319252	-0.0586877352139593	3.0946734213539	0.591950939775566
TRINITY_DN192502_c2_g2	-0.648501694552338	-0.648501694552338	-0.648501694552338	-0.648501694552338	-0.648501694552338	-0.648501694552338	0.978638176413213	3.56087368545315	-0.648501694552338
TRINITY_DN189984_c2_g7	-0.590474557791192	-0.590474557791192	-0.590474557791192	-0.590474557791192	-0.590474557791192	-0.590474557791192	0.799092253971534	3.00884323590703	-0.265088143131418
TRINITY_DN192341_c3_g1	1.61671387826198	0.00318222534405277	-0.332928676685634	1.24886306442758	1.4975421772843	-0.438017761155486	-1.1984516358256	-1.1984516358256	-1.1984516358256
TRINITY_DN165864_c0_g1	-0.00635569210945353	0.621503816867431	-0.470629953576516	0.370414732736757	1.24022693765732	1.21384584795418	-0.989668563176574	-0.989668563176574	-0.989668563176574
TRINITY_DN169312_c4_g1	-0.687073642214472	-1.00109197676707	-0.566979796724166	-0.104896805693199	-0.945107366989899	-0.541849081400484	-0.15829397688644	-0.304970032297711	4.31026267897344
TRINITY_DN186404_c5_g3	-0.83596266830541	-0.48766777569029	-1.32809451935354	-0.379168703947812	-0.50884101404937	-0.603096339706937	-0.810179839434396	4.68953696186048	0.263473898627282
TRINITY_DN153865_c0_g2	-1.03872871753604	-0.931710467653921	-0.787767144002822	-0.262203566114129	-0.426140310837323	-0.758960295942446	-0.781718099330017	4.69310619688058	0.294122404536113
TRINITY_DN179451_c3_g2	-0.507349305207924	-0.604107325281271	-1.21927389584612	-1.48760858615832	-0.28732506405013	-0.525266037069807	1.50245200033331	1.61629104592309	1.51218716735717
TRINITY_DN157699_c5_g13	-1.4766364058935	-1.22157779563673	-1.48645904837205	-1.34571112356607	-1.46445140912761	0.0644290016843909	8.84048944401682	-1.21237885879027	-0.697703804314981
TRINITY_DN163686_c0_g7	-1.18999003028275	-0.461694927009463	-1.28848306807181	-1.14910469670144	-0.473021344682254	-0.0538145882255083	0.0085931970646338	4.36519521255313	0.242320245355456
TRINITY_DN182124_c0_g4	-0.786105473547097	-0.786105473547097	-0.786105473547097	-0.786105473547097	-0.786105473547097	-0.786105473547097	0.799337845389104	3.61661670329851	0.30067829259497
TRINITY_DN198011_c0_g4	-0.511550080705371	-0.511550080705371	-0.511550080705371	-0.511550080705371	-0.511550080705371	-0.511550080705371	0.513478713786151	2.08990873991198	0.465913030534095
TRINITY_DN174898_c1_g1	-0.783232601560251	-0.783232601560251	-0.783232601560251	-0.783232601560251	-0.783232601560251	-0.783232601560251	2.57220659568844	-0.783232601560251	2.91042161523332
TRINITY_DN185619_c0_g5	-0.71443157147912	-0.71443157147912	-0.71443157147912	-0.71443157147912	-0.71443157147912	-0.71443157147912	3.37090809787825	-0.71443157147912	1.63011290247559
TRINITY_DN190141_c7_g1	-1.7686868168079	-1.7686868168079	-1.67918866596879	-1.67647937871081	-1.7686868168079	-1.7686868168079	3.75869635237706	2.62665023326481	4.04506872626932
TRINITY_DN158323_c3_g1	-0.643297721291272	-0.643297721291272	-0.643297721291272	-0.643297721291272	-0.643297721291272	-0.643297721291272	1.55613906226758	-0.643297721291272	2.94694498677132
TRINITY_DN185678_c6_g3	-1.05111743697654	-1.05111743697654	-1.05111743697654	-1.05111743697654	-1.05111743697654	-1.05111743697654	2.63974659010873	1.6787615751494	1.98819645660108
TRINITY_DN191682_c7_g2	-0.966523989800163	-0.966523989800163	-0.850159233108379	-0.782561154957568	-0.966523989800163	-0.966523989800163	1.59198856320037	1.89662155318924	2.01020623087699
TRINITY_DN164920_c2_g1	-1.07258616886372	-1.12639261255951	-1.12639261255951	-1.12639261255951	-1.12639261255951	-1.12639261255951	5.32077328721487	-1.08234827985349	2.46612422429992
TRINITY_DN185531_c8_g1	0.450193417261446	0.249650354041723	1.25842323021359	0.662376106165465	1.91185098818741	-0.141677452801888	-1.46360554768925	-1.46360554768925	-1.46360554768925
TRINITY_DN185550_c3_g8	-0.592428996982592	-0.615547840313603	-0.533578993527322	-0.570750226324946	-0.487152908986639	-0.994059463567332	-0.416811927974182	3.8181306801106	0.392199677566014
TRINITY_DN77702_c0_g1	-0.723535487665793	-1.18191749182181	-0.445529091118345	-0.922494339540391	-1.18191749182181	-1.18191749182181	0.638159329275708	4.42618205417258	0.572970010341663
TRINITY_DN157751_c2_g7	-0.772929576239431	-0.846725505574079	-1.53012782332488	-0.716370975433792	-0.513247635934853	-0.459060524971436	-0.48112693902974	4.95566328959854	0.363925690909666
TRINITY_DN158175_c5_g3	-0.749444559163002	-0.749444559163002	-0.749444559163002	-0.749444559163002	-0.749444559163002	-0.749444559163002	2.44983516217362	-0.749444559163002	2.79627675196739
TRINITY_DN158309_c2_g1	-1.07844137482826	-1.38513934223832	-1.37143192281772	-0.808233396388224	0.159377914070464	-0.510513724344711	-0.164469542050881	4.74403299661744	0.414818391980218
TRINITY_DN167765_c13_g1	-0.704573811975182	-0.303469242269512	-1.23480192424473	-1.14192538161486	-0.498208926940331	-0.772578892209876	-0.0782887341809142	4.95014062950161	-0.216293716066203
TRINITY_DN194074_c2_g2	-0.565019821916882	-0.565019821916882	-0.565019821916882	-0.565019821916882	-0.565019821916882	-0.565019821916882	0.686547798691365	2.37251289932975	0.331058233480182
TRINITY_DN160381_c7_g2	-0.606827229751184	-0.606827229751184	-0.606827229751184	-0.606827229751184	-0.606827229751184	-0.606827229751184	2.93852341507112	-0.606827229751184	1.30926719318717
TRINITY_DN162704_c6_g3	-0.673005082330271	-0.673005082330271	-0.673005082330271	-0.673005082330271	-0.673005082330271	-0.673005082330271	2.96019360404373	1.75084197226816	-0.673005082330271
TRINITY_DN170888_c0_g1	1.57095409097581	2.1530074386756	0.610173262861593	0.285850455511875	0.217363635161842	0.622407298196753	-1.62348565683658	-1.8999268536908	-1.9363436708561
TRINITY_DN195256_c1_g1	-0.893541101616089	-0.893541101616089	-0.745583220228987	-0.550986356138768	-0.668266171746519	-0.730042369333209	0.174785759818417	4.33677721205336	-0.0296026511921172
TRINITY_DN167114_c1_g1	-0.812277627551795	-0.812277627551795	-0.812277627551795	-0.492659693351634	-0.812277627551795	-0.812277627551795	0.561788090670742	2.7368986511163	1.25536108932357
TRINITY_DN182205_c3_g5	-0.619790652297009	-0.619790652297009	-0.619790652297009	-0.619790652297009	-0.619790652297009	-0.619790652297009	1.05963314581559	-0.619790652297009	3.27890142026348
TRINITY_DN170142_c4_g2	-0.763351265092264	-0.919100497770209	-0.919100497770209	-0.919100497770209	-0.919100497770209	-0.919100497770209	1.99469846718049	0.922470139625308	2.44168514713752
TRINITY_DN199811_c2_g1	-0.636606164642501	-0.636606164642501	-0.636606164642501	-0.636606164642501	-0.636606164642501	-0.636606164642501	-0.636606164642501	4.03003682473499	0.42620632776252
TRINITY_DN162630_c0_g1	-0.801189369981195	-0.801189369981195	-0.801189369981195	-0.801189369981195	-0.801189369981195	-0.801189369981195	1.90058145239785	0.970273688384456	1.93628107910486
TRINITY_DN170810_c3_g5	-0.900016800663842	-1.21921074623384	-1.13339793248326	-0.00857276632644499	-0.951033889830877	-0.69768170243659	-0.681250485531948	5.16143850780484	0.429725815701964
TRINITY_DN158593_c9_g2	-0.823528176451243	-0.77190567314986	-0.83938212765208	-0.683399183294485	-0.483321347845572	-0.71351917167082	-0.958406230794355	4.74181151718846	0.531650393669957
TRINITY_DN170667_c3_g1	1.54217675221336	0.458474445904905	1.80440242128277	1.2711184319972	0.0267389224005665	0.606497581546652	-2.21817199667597	-1.84691024946288	-1.64432630920661
TRINITY_DN160354_c1_g6	-0.46208687810853	-0.46208687810853	-0.46208687810853	-0.46208687810853	-0.46208687810853	-0.46208687810853	2.06323033414592	-0.226972557732173	0.936263492237435
TRINITY_DN158517_c0_g6	0.870204910932971	0.699730667073057	0.542113324653248	0.134410335533077	0.256400859911688	0.0328875504442004	-0.845249216182747	-0.845249216182747	-0.845249216182747
TRINITY_DN191313_c1_g4	-0.433954357113991	-0.691881872514696	-0.211561935777543	-1.19268392557185	-0.846719895228982	-0.940510512369826	0.383112449757228	4.60583323749055	-0.67163318867089
TRINITY_DN174882_c3_g2	1.00964385819061	-0.759964598763617	2.81101129401202	0.62932630391481	-0.257062113272697	0.534948530517829	-1.32263442486632	-1.32263442486632	-1.32263442486632
TRINITY_DN136116_c1_g1	-1.09237266646489	-1.09237266646489	-1.09237266646489	-1.09237266646489	-1.09237266646489	-1.09237266646489	3.35209563185744	0.684994442985519	2.51714592394641
TRINITY_DN184753_c0_g1	-0.438335668633201	-0.438335668633201	-0.438335668633201	-0.438335668633201	-0.438335668633201	-0.438335668633201	1.18880420233235	0.896232607032933	0.54497720243392
TRINITY_DN178535_c6_g2	-0.651901625297393	-0.651901625297393	-0.651901625297393	-0.651901625297393	-0.651901625297393	-0.651901625297393	2.32262768718649	-0.651901625297393	2.24068368989526
TRINITY_DN170708_c1_g1	-0.849132671167293	-0.931835260497542	-0.860072591197451	-0.931835260497542	-0.931835260497542	-0.931835260497542	4.06170324786616	2.17048693069914	-0.795643874210398
TRINITY_DN161495_c0_g6	-0.338163617766375	-0.513996327257935	-0.88750220875681	-0.755669372635968	-0.979709646853899	-0.979709646853899	-0.022909528802322	4.39041975185648	0.0872405970707282
TRINITY_DN178534_c0_g1	-0.54454142092574	-0.54454142092574	-0.54454142092574	-0.54454142092574	-0.54454142092574	-0.54454142092574	1.68443114883442	1.48119614048787	0.101621236232153
TRINITY_DN199935_c3_g1	-1.02006705466914	0.303952780504297	-0.831835578764493	-1.8415376667139	-0.211532206937771	-1.28740455776939	5.52157144324607	1.1642914120883	-1.79743857098398
TRINITY_DN158340_c1_g2	0.144488881512357	-2.08875092206108	-0.164184881706118	-1.58017875824298	-2.17281518684956	-1.87767993784874	5.44924395591331	-0.528035967586605	2.81791281686942
TRINITY_DN186520_c0_g6	-0.68732464919472	-0.68732464919472	-0.68732464919472	-0.68732464919472	-0.68732464919472	-0.68732464919472	0.796039711518629	2.31879381218866	1.00911437146103
TRINITY_DN169844_c4_g1	-0.750613671183189	-1.203736117779	-1.203736117779	-1.203736117779	-1.203736117779	-1.203736117779	3.40684584071353	1.90261220172615	1.45983621763852
TRINITY_DN169386_c2_g5	-0.473511122871752	-0.715171877912979	-0.883430862115949	-0.966133451446198	-0.515120208502225	-0.632709717721006	0.265913261903912	3.85914337860867	0.061020600057529
TRINITY_DN155442_c3_g2	-0.560686648305224	-0.834763224930603	-0.89883542784138	-0.368835059267727	-1.00853029266731	-1.00853029266731	1.86488921076755	0.0466653615748154	2.76862637333719
TRINITY_DN170383_c3_g1	-0.476025653202015	-0.476025653202015	-0.476025653202015	-0.476025653202015	-0.476025653202015	-0.476025653202015	1.83780064318838	0.798385116115823	0.219968159907885
TRINITY_DN180840_c1_g1	0.601333960973794	0.282073258299312	0.237168018209313	0.666350461776262	0.194686123240625	0.928688642208839	-0.970100154902715	-0.970100154902715	-0.970100154902715
TRINITY_DN179749_c3_g2	-0.527458264981608	-0.527458264981608	-0.527458264981608	-0.527458264981608	-0.527458264981608	-0.527458264981608	0.978940566545846	1.05654211830416	1.12926690503964
TRINITY_DN180273_c6_g4	1.50314657255197	4.1566100191505	0.893556526135592	-0.603152910711222	1.00135492931114	0.0878421793604471	-2.34645243859948	-2.34645243859948	-2.34645243859948
TRINITY_DN178337_c3_g4	-0.937624046602802	-0.937624046602802	-0.937624046602802	-0.937624046602802	-0.937624046602802	-0.937624046602802	2.11722443039282	1.52756684132318	1.98095300790082
TRINITY_DN182573_c2_g4	-0.478264589296595	-0.478264589296595	-0.478264589296595	-0.478264589296595	-0.478264589296595	-0.478264589296595	1.06918523984737	-0.00317970634781262	1.80358200228002
TRINITY_DN157617_c1_g1	-1.36394307250902	-1.76557353909376	-1.76557353909376	-1.76557353909376	-1.76557353909376	-1.09836262661289	-1.52434350357831	5.64239946475825	5.40654389431702
TRINITY_DN231294_c0_g1	-0.610732292108647	-0.610732292108647	-0.610732292108647	-0.610732292108647	-0.610732292108647	-0.610732292108647	1.1670556121649	2.70207807291979	-0.20473993243281
TRINITY_DN102389_c0_g1	-0.546386212955821	-0.546386212955821	-0.546386212955821	-0.546386212955821	-0.546386212955821	-0.546386212955821	0.384918630694848	1.86205392850582	1.03134471853426
TRINITY_DN167358_c8_g2	-0.502659326577211	-0.690427073623236	-0.690427073623236	-0.690427073623236	-0.690427073623236	-0.690427073623236	0.0170977172763717	3.59955489884349	0.338142078573535
TRINITY_DN183745_c6_g2	-0.671851688725996	-0.671851688725996	-0.671851688725996	-0.671851688725996	-0.671851688725996	-0.671851688725996	0.921263007758619	0.498073312716316	2.61177381188104
TRINITY_DN171326_c9_g1	-0.630311421976912	-0.630311421976912	-0.630311421976912	-0.630311421976912	-0.630311421976912	-0.630311421976912	2.37778099897181	-0.630311421976912	2.03439895486658
TRINITY_DN170195_c2_g1	-1.78762244328609	-1.10984403731817	-1.81967046294756	-0.58634589332481	-0.14212376080956	-0.53667073430062	0.101393198647833	5.17521945447364	0.705664678865338
TRINITY_DN176788_c0_g5	-0.622656007688402	-0.622656007688402	-0.622656007688402	-0.622656007688402	-0.622656007688402	-0.622656007688402	0.491044491476325	1.77432545180347	1.47056610285062
TRINITY_DN171713_c0_g4	-0.636345546657122	-0.5306804757216	-0.599498977792386	-0.943191046971405	-0.865948048038945	-0.943191046971405	0.173839006038782	4.45228310883111	-0.10726697271703
TRINITY_DN165074_c7_g1	-0.541637513666922	-0.541637513666922	-0.541637513666922	-0.541637513666922	-0.541637513666922	-0.541637513666922	0.731579959436573	2.64628855382271	-0.128043431257747
TRINITY_DN157590_c5_g1	-0.905093359853504	-1.45204953799491	-1.45204953799491	-1.27956202248478	-1.45204953799491	-1.45204953799491	6.42495231816742	-0.729583513523824	2.29748472967435
TRINITY_DN169200_c5_g3	-0.458604662559734	-0.458604662559734	-0.458604662559734	-0.458604662559734	-0.458604662559734	-0.458604662559734	1.54966707540381	1.01440290535644	0.187557994598159
TRINITY_DN158400_c0_g1	-2.0589540901748	-1.13086819718388	-2.43988674947393	-0.483050928741107	0.302863213277941	-1.31619453223362	0.312057763096573	5.88074927143643	0.933284249996392
TRINITY_DN162524_c2_g1	-0.80093134209406	-0.80093134209406	-0.80093134209406	-0.80093134209406	-0.80093134209406	-0.80093134209406	3.04596308460941	-0.80093134209406	2.56055631004901
TRINITY_DN193556_c4_g1	-1.85909607039488	-1.56639133130242	-1.51693419249111	-0.701099455419325	0.689028758554644	-1.002112984753	1.1179242840044	4.84287879634075	-0.00419780453905538
TRINITY_DN163911_c5_g1	-1.7054919087423	-1.98764330567171	-1.66919577951931	-1.24745325636257	-1.28968885092021	-2.20425337441415	8.07114717484922	-1.00199239085215	3.03457169163318
TRINITY_DN187939_c3_g5	-2.25852493659315	-1.50038178724856	-2.32305937895399	0.01899237184502	0.294834052420478	-1.25541711409999	0.161670101046841	6.00278212847917	0.859104563104179
TRINITY_DN167766_c2_g1	-0.705016135916457	-0.705016135916457	-0.705016135916457	-0.705016135916457	-0.705016135916457	-0.705016135916457	2.69264994136498	-0.705016135916457	2.24246301005022
TRINITY_DN182215_c4_g3	0.700082936427935	0.383852794502442	0.340559283728691	0.17254387229501	0.297239619744324	0.622576792930058	-0.83895176654282	-0.83895176654282	-0.83895176654282
TRINITY_DN165156_c1_g1	-0.418396323290825	-0.418396323290825	-0.418396323290825	-0.418396323290825	-0.418396323290825	-0.418396323290825	0.726302701863314	0.801933631588731	0.982141606292904
TRINITY_DN163358_c0_g1	-0.939833955446976	-0.939833955446976	-0.939833955446976	-0.939833955446976	-0.939833955446976	-0.939833955446976	3.13441456790006	3.44442312022878	-0.939833955446976
TRINITY_DN173300_c6_g1	-0.458340990016506	-0.458340990016506	-0.458340990016506	-0.458340990016506	-0.458340990016506	-0.458340990016506	0.586402831207891	2.03990987751132	0.123733231379824
TRINITY_DN185853_c2_g1	-0.453962649393536	-0.453962649393536	-0.453962649393536	-0.453962649393536	-0.453962649393536	-0.453962649393536	1.22546114871906	0.930087157401624	0.56822759024053
TRINITY_DN142193_c0_g1	-0.597123654322646	-0.597123654322646	-0.597123654322646	-0.597123654322646	-0.597123654322646	-0.597123654322646	0.99646915154195	-0.597123654322646	3.18339642871657
TRINITY_DN177582_c2_g2	-0.647836797637187	-0.647836797637187	-0.647836797637187	-0.647836797637187	-0.647836797637187	-0.647836797637187	1.82204917863728	-0.647836797637187	2.71280840482303
TRINITY_DN164712_c2_g4	-0.751473050728386	-0.751473050728386	-0.751473050728386	-0.751473050728386	-0.751473050728386	-0.751473050728386	2.74230235773232	-0.751473050728386	2.51800899736639
TRINITY_DN158305_c7_g4	-2.25901795320807	-1.16352388030305	-1.11214652093746	-0.371819958353366	-0.728467414958653	-0.542972906020435	0.803299119458023	4.88635427439666	0.488295239926356
TRINITY_DN188451_c3_g1	-0.77115660275317	-0.77115660275317	-0.640225732926721	-0.472498287188655	-0.579593952052414	-0.77115660275317	-0.0733827831979842	3.65939630681584	0.419774256809444
TRINITY_DN180388_c6_g3	-1.20951295846908	-1.31864258345103	-1.41996931252794	-1.44710544246545	-1.4975451810126	-1.59245682803807	3.14609485848216	2.35277629509683	2.98636115238518
TRINITY_DN161577_c10_g2	-0.812027038320294	-0.812027038320294	-0.812027038320294	-0.812027038320294	-0.812027038320294	-0.812027038320294	3.23830051523813	2.44588875300393	-0.812027038320294
TRINITY_DN194214_c1_g1	-1.11145434649192	1.91919957306625	2.19777842618571	0.992583744704723	0.276294675539232	0.700829500895999	-1.65841052463333	-1.65841052463333	-1.65841052463333
TRINITY_DN158627_c6_g1	-1.24320175129435	-1.24320175129435	-1.24320175129435	-1.24320175129435	-1.24320175129435	-1.14020775797102	1.89970176019818	2.44217780066473	3.01433695357986
TRINITY_DN173968_c1_g1	1.65254186548778	0.978312026669539	0.187581992754924	-0.841210763757374	1.24591660602514	0.317902718850867	-1.18034814867696	-1.18034814867696	-1.18034814867696
TRINITY_DN159142_c8_g1	-0.63210045542048	-0.63210045542048	-0.63210045542048	-0.63210045542048	-0.63210045542048	-0.63210045542048	0.460106982676609	3.96459620526675	-0.63210045542048
TRINITY_DN176021_c5_g5	-0.542028556984132	-0.542028556984132	-0.542028556984132	-0.542028556984132	-0.542028556984132	-0.542028556984132	1.68108503159597	1.0916351398825	0.47945117042632
TRINITY_DN150177_c1_g1	-0.656767038704047	-0.656767038704047	-0.656767038704047	-0.656767038704047	-0.656767038704047	-0.656767038704047	-0.656767038704047	3.2973361915808	1.30003307934753
TRINITY_DN176048_c3_g3	0.832443349323503	1.50617740589353	2.02524633182917	-0.400091082433559	0.0168534826099438	-0.481206816918015	-1.16647422343486	-1.16647422343486	-1.16647422343486
TRINITY_DN188619_c4_g1	-0.770997960059995	-0.3715382176253	-1.93836951828549	-0.637837920803215	0.220671998795513	-1.16587335343954	-0.30049548652589	4.77944324432288	0.184997213621034
TRINITY_DN160749_c4_g2	-0.488708346811337	-0.488708346811337	-0.488708346811337	-0.488708346811337	-0.488708346811337	-0.488708346811337	0.305395551748411	1.56614013018428	1.06071439893533
TRINITY_DN157649_c3_g2	-0.877612467465525	-1.3414055565456	-1.92206241975577	-0.445811519131645	-0.117605799366894	-1.45344747895314	-0.205134578826111	5.74240189354939	0.620677926495292
TRINITY_DN194527_c1_g3	-0.667445416206978	-0.788339178532389	-1.36100840306212	-0.526922391281989	-0.581653162112297	-0.790103943328454	-0.142931779434691	4.57618616429459	0.282218109664326
TRINITY_DN180127_c2_g1	-0.829445791179177	-0.829445791179177	-0.829445791179177	-0.829445791179177	-0.829445791179177	-0.829445791179177	2.49392427788209	2.51310895429814	-0.0303584851051734
TRINITY_DN193113_c7_g1	-0.975191544759941	-0.975191544759941	-0.975191544759941	-0.601125826537403	-0.975191544759941	-0.975191544759941	2.01685173141172	1.36366069438524	2.09657112454015
TRINITY_DN162189_c11_g1	-0.49377920635645	-0.49377920635645	-0.49377920635645	-0.49377920635645	-0.49377920635645	-0.49377920635645	1.21286185095296	0.376486864039533	1.37332652314621
TRINITY_DN164410_c6_g4	-1.69385266973096	-1.33433149930337	-1.25130721362566	-1.69385266973096	-1.36731532159101	-1.69385266973096	-1.69385266973096	5.64852428789927	5.07984042554463
TRINITY_DN144368_c1_g1	-0.486136163255992	-0.486136163255992	-0.486136163255992	-0.486136163255992	-0.486136163255992	-0.486136163255992	1.24504707831621	1.63786104043592	0.0339088607838255
TRINITY_DN167827_c7_g2	-0.526416308186646	-0.526416308186646	-0.526416308186646	-0.526416308186646	-0.526416308186646	-0.526416308186646	0.858738588697697	1.55116852110896	0.748590739313224
TRINITY_DN168916_c2_g3	-1.59582143006308	-1.20719613726463	-1.72543682692908	-0.619106070267315	-0.704143380370203	-0.00477882936933804	-0.32098193642307	5.83282378546267	0.344640825224045
TRINITY_DN166005_c1_g3	-0.515842069901121	-0.515842069901121	-0.515842069901121	-0.515842069901121	-0.515842069901121	-0.515842069901121	0.975241383817135	2.1257039591864	-0.00589292359681048
TRINITY_DN180144_c1_g1	-0.838743508494848	-0.627159725006531	-0.903272303408987	-0.322593523878029	-0.501124315888019	-1.0826229613056	0.986530229897292	2.32062514067152	0.968360967413202
TRINITY_DN182897_c5_g2	-0.73431431918387	-0.73431431918387	-0.73431431918387	-0.73431431918387	-0.73431431918387	-0.73431431918387	3.83748382252599	1.3027164117611	-0.73431431918387
TRINITY_DN178303_c12_g1	-0.612576396309886	-0.984196934959774	-0.943909638857795	0.0285141167897807	-0.471667963734356	-0.728629359314056	-0.880751286006642	4.75301600274931	-0.159798540356582
TRINITY_DN165069_c9_g4	2.54521347533573	2.07774624303802	0.533292841299402	1.3882043617787	-1.86533115541834	0.916867700221519	-1.86533115541834	-1.86533115541834	-1.86533115541834
TRINITY_DN171514_c4_g2	0.732297948271958	0.367538649892219	1.17146905394314	0.610639808754874	-0.0873228388953162	0.961704729149093	-1.25210911703866	-1.25210911703866	-1.25210911703866
TRINITY_DN107835_c0_g1	-0.524857733000458	-0.524857733000458	-0.524857733000458	-0.524857733000458	-0.524857733000458	-0.524857733000458	0.940855586595506	2.10088032890819	0.107410482499055
TRINITY_DN177189_c8_g2	2.74898637535261	1.3480760395215	2.81184322104917	1.06454332337114	0.513706606554614	0.593232319374034	-3.01611433997408	-3.0082664781514	-3.05600706709759
TRINITY_DN185288_c2_g1	-1.33713438821148	-0.8688394937495	-2.36117646624719	-0.114828565815057	0.139098425847517	-0.871617141238412	0.163938954139153	4.62883739420983	0.621721281065136
TRINITY_DN5872_c0_g1	-0.467474023813274	-0.467474023813274	-0.467474023813274	-0.467474023813274	-0.467474023813274	-0.467474023813274	0.129937963741376	2.17152654861106	0.503379630527209
TRINITY_DN160951_c0_g1	-0.755186129268904	-0.755186129268904	-0.755186129268904	-0.755186129268904	-0.755186129268904	-0.755186129268904	-0.755186129268904	2.70306461936767	2.58323828551465
TRINITY_DN55272_c0_g1	1.20605942445844	-0.285576367282268	0.38145317002938	-0.0229864831099447	0.0977819021773498	1.5759864552315	-0.984239367168152	-0.984239367168152	-0.984239367168152
TRINITY_DN194546_c2_g2	-0.841282636405833	-0.841282636405833	-0.841282636405833	-0.841282636405833	-0.841282636405833	-0.841282636405833	2.85871310726156	-0.841282636405833	3.03026534757926
TRINITY_DN166328_c1_g1	-0.719506765062582	-0.719506765062582	-0.719506765062582	-0.719506765062582	-0.5806922961603	-0.719506765062582	2.46826098198344	-0.402202696700667	2.11216783619044
TRINITY_DN172710_c7_g1	-0.661945928887548	-0.661945928887548	-0.661945928887548	-0.661945928887548	-0.661945928887548	-0.661945928887548	0.720997940681442	3.32573874867921	-0.0750611160353637
TRINITY_DN165171_c13_g1	-0.610393030338688	-0.610393030338688	-0.610393030338688	-0.610393030338688	-0.610393030338688	-0.610393030338688	1.40038680841455	1.49829868573373	0.76367268788385
TRINITY_DN185098_c4_g1	-0.463941918180969	-0.463941918180969	-0.463941918180969	-0.463941918180969	-0.463941918180969	-0.463941918180969	0.734552235458114	1.85220382411239	0.196895449515315
TRINITY_DN189443_c3_g4	-1.30057979598461	-0.594505598435645	-0.981670945396039	-0.756747681300717	0.125100327254738	-1.01427561082797	0.45456833214667	3.72785382305224	0.340257149491323
TRINITY_DN159262_c10_g1	-0.694486095792831	-0.694486095792831	-0.694486095792831	-0.694486095792831	-0.694486095792831	-0.694486095792831	2.08687361773183	0.202366977103875	1.87767597992129
TRINITY_DN184034_c1_g1	-0.618541726552218	-0.618541726552218	-0.618541726552218	-0.618541726552218	-0.618541726552218	-0.618541726552218	3.10676317502223	-0.618541726552218	1.2230289108433
TRINITY_DN196978_c2_g3	-0.826185573932471	-0.505601282474311	-1.13625708399638	-1.62425974713893	-0.424334665928409	-0.906530371835637	-1.24631986025785	5.98461584312064	0.684872742443348
TRINITY_DN181399_c6_g6	-0.715948092601828	-0.715948092601828	-0.670505121840661	-0.65936456423546	-0.715948092601828	-0.715948092601828	3.82730030904259	1.08230984004267	-0.715948092601828
TRINITY_DN166026_c4_g1	-0.660010943451689	-0.660010943451689	-0.660010943451689	-0.660010943451689	-0.660010943451689	-0.660010943451689	-0.660010943451689	3.98436452307355	0.635712081088279
TRINITY_DN175823_c5_g2	-0.552935776628204	-0.576081113276065	-0.8989817023296	-0.594080796687287	-0.275937649421388	-0.495910764592082	-0.992415417173361	4.45057579789083	-0.0642325777828423
TRINITY_DN170794_c4_g1	-1.80829245778882	0.867297681843604	0.742854379547788	1.99988662598265	1.00892146646951	2.61420967731174	-1.80829245778882	-1.80829245778882	-1.80829245778882
TRINITY_DN162494_c0_g2	-0.791971209819321	-1.1269055823315	-1.65594477341877	-0.633355761651088	0.0218275376649841	-0.367309875308249	-0.421279824987205	5.07687340761003	-0.101933917758885
TRINITY_DN175805_c8_g1	-0.44473858155006	-0.44473858155006	-0.44473858155006	-0.44473858155006	-0.44473858155006	-0.44473858155006	0.766896671777089	0.736045809528639	1.16548900799463
TRINITY_DN195594_c6_g2	-0.869912718568151	-1.70097922917322	-0.944809901033925	-1.20426124123805	-0.403494313462649	-0.927826832159172	7.58649768333092	-0.992571245689628	-0.542642202006123
TRINITY_DN191631_c3_g10	-0.389113794993929	-0.718625585799342	-1.3166533346655	-0.587381052521089	0.0050728293599025	-1.55189082950564	-0.628144839968475	4.98136512824834	0.205371479845734
TRINITY_DN161593_c4_g3	-0.506181169346521	-0.526046475171806	-0.566617023208495	-0.649987109824952	-0.732689699155201	-0.635078902528779	1.8360720836427	1.71330179175924	0.0672265038338129
TRINITY_DN181174_c11_g3	-0.679159077303866	-0.917945936890982	-0.917945936890982	-0.668197221807414	-0.62163537618289	-0.508690790206145	-0.231781610829623	4.49760993777818	0.047746012333722
TRINITY_DN171745_c0_g1	0.813012449985949	0.740065040482386	-0.665852122037202	1.70851492571047	1.25083565107918	-0.246834771845813	-1.19991372445832	-1.19991372445832	-1.19991372445832
TRINITY_DN177830_c1_g1	2.01712144433428	2.897132483779	-2.42767811964148	3.32046104727329	0.0127426011152876	1.46325490206406	-2.42767811964148	-2.42767811964148	-2.42767811964148
TRINITY_DN181399_c6_g1	-0.774128554450544	-0.774128554450544	-0.774128554450544	-0.774128554450544	-0.774128554450544	-0.774128554450544	4.0416517881317	1.30823341510693	-0.705113876535363
TRINITY_DN33996_c0_g1	-0.570622431218077	-0.570622431218077	-0.570622431218077	-0.570622431218077	-0.570622431218077	-0.570622431218077	0.240848599311759	1.69000547690862	1.49288051108808
TRINITY_DN181872_c2_g2	-0.713199392422251	-0.713199392422251	-0.713199392422251	-0.713199392422251	-0.713199392422251	-0.713199392422251	1.8906346263623	3.10176112059345	-0.713199392422251
TRINITY_DN158860_c1_g1	-1.02134574655367	-1.02134574655367	-1.02134574655367	-1.02134574655367	-1.02134574655367	-1.02134574655367	3.0898525347654	-1.02134574655367	4.05956769111027
TRINITY_DN171392_c5_g1	1.30854638198402	1.50529778640743	-0.277055044806429	0.950600073610896	0.732261173773449	1.38080522440484	-1.86681853179141	-1.86681853179141	-1.86681853179141
TRINITY_DN164202_c6_g1	-0.664137404666607	-0.664137404666607	-0.664137404666607	-0.664137404666607	-0.664137404666607	-0.664137404666607	-0.194251428392143	3.45089583827963	0.728180018112153
TRINITY_DN194350_c1_g3	-0.501151058676112	-0.501151058676112	-0.501151058676112	-0.501151058676112	-0.501151058676112	-0.501151058676112	0.196622760879074	2.19773415068898	0.612549440488616
TRINITY_DN163438_c0_g1	-0.665532732221318	-0.656701165257597	-0.617002838293659	-0.432333555928287	-0.484960486579497	-0.669334302381174	-0.486077555966231	3.83299809087778	0.178944545749988
TRINITY_DN165351_c1_g2	-1.36285814502354	-0.666907668452322	-1.02126709042695	-0.452648374641935	0.232829028854121	-0.990028028570365	-0.568094462261335	5.00076826608641	-0.171793525564077
TRINITY_DN156592_c6_g1	1.93714205153625	-0.323570128426492	1.37461810105342	-2.17196772795469	2.84617680098907	2.85350408666649	-2.17196772795469	-2.17196772795469	-2.17196772795469
TRINITY_DN174848_c6_g1	2.90441203554818	-0.870061926902273	0.0208892859336707	-0.241044246103181	3.88325792776125	-0.135140017239758	-1.8541043529993	-1.8541043529993	-1.8541043529993
TRINITY_DN186813_c5_g3	-0.751399851213623	-0.751399851213623	-0.751399851213623	-0.751399851213623	-0.751399851213623	-0.751399851213623	2.92000675819285	2.33979220030251	-0.751399851213623
TRINITY_DN169661_c2_g4	-0.487673210412168	-0.487673210412168	-0.487673210412168	-0.487673210412168	-0.487673210412168	-0.487673210412168	0.749890507905508	2.15387281867536	0.0222759358921429
TRINITY_DN178486_c5_g6	-2.23816806702657	-0.60151233212392	-1.68028944550804	-1.54265846957012	0.520002714055799	-0.686612443390759	0.945451342326741	4.64790788196073	0.635878819276133
TRINITY_DN190534_c3_g1	-0.94896150993486	-0.238742391405112	-1.94870172870774	-0.48582652813944	0.364471995357598	-1.78485051099221	-0.313704449086334	5.09114734810711	0.26516777480099
TRINITY_DN174938_c6_g1	-0.515517608332998	-0.515517608332998	-0.515517608332998	-0.515517608332998	-0.515517608332998	-0.515517608332998	0.950195711262966	0.381335464563709	1.76157447417131
TRINITY_DN198987_c1_g1	-0.572284749491789	-0.704462864580589	-0.541049370254716	-0.445212187297988	-0.753002179298057	-0.581021763573199	0.198045663472837	0.261731855567444	3.13725559545606
TRINITY_DN43759_c0_g1	-0.436827981017821	-0.436827981017821	-0.436827981017821	-0.436827981017821	-0.436827981017821	-0.436827981017821	1.93166101962728	0.144282194207728	0.545024672271919
TRINITY_DN143420_c0_g1	-0.530122342711161	-0.699507514384448	-0.866702723071187	-0.753955298406824	-0.948042350523126	-0.948042350523126	0.83268768595325	4.33465690867709	-0.420972015010466
TRINITY_DN187483_c4_g1	-1.06892908544586	-1.06892908544586	-1.06892908544586	-1.06892908544586	-1.06892908544586	-1.06892908544586	2.86775596119711	0.87630403768904	2.669514513789
TRINITY_DN162821_c0_g4	-1.05541479905912	-0.802269720390915	-1.23179822226675	-0.193752491690862	-0.660032069644811	0.0543945866459126	-1.31557123598462	5.22429031469975	-0.0198463623085814
TRINITY_DN186842_c2_g2	-0.615756063055859	-0.811494756291962	-1.01150959126964	-0.339470633724209	-0.569900374126075	-0.90396903188565	-0.164972902492073	4.49293719626462	-0.0758638434191543
TRINITY_DN185187_c9_g1	-1.79336722970732	-1.36308379128463	-1.6548752201079	-0.120496016151992	-0.0473330115458213	-0.789910488267082	-0.0708113148943896	5.80137817090593	0.0384989010531962
TRINITY_DN175783_c1_g2	-1.09768387343072	-0.706388792757493	-0.628529825360178	-0.533537533540766	-0.421849283381439	-0.687423514413746	-0.337067011199867	4.49769845989573	-0.0852186258115211
TRINITY_DN174040_c8_g1	-0.674549185610414	-0.674549185610414	-0.674549185610414	-0.674549185610414	-0.674549185610414	-0.674549185610414	0.72434838559206	0.794294757364224	2.5286519707062
TRINITY_DN172625_c2_g2	-0.81749339370263	-0.81749339370263	-0.81749339370263	-0.81749339370263	-0.81749339370263	-0.81749339370263	2.79686309407145	-0.81749339370263	2.92559066184696
TRINITY_DN192776_c4_g1	0.396851646497555	-1.97238216316816	-0.911587272379905	-0.92494860089618	-1.5269503720356	-0.449049990505901	6.28010566123033	-0.0105349861273445	-0.881503922614798
TRINITY_DN189151_c2_g3	-0.670883656110603	-0.670883656110603	-0.670883656110603	-0.670883656110603	-0.670883656110603	-0.670883656110603	-0.670883656110603	4.16418141541468	0.532004177359541
TRINITY_DN191931_c0_g4	-0.713841786889279	-0.713841786889279	-0.713841786889279	-0.713841786889279	-0.713841786889279	-0.713841786889279	0.437367605995615	4.55952490222934	-0.713841786889279
TRINITY_DN164731_c6_g5	-0.752733832348027	-0.752733832348027	-0.752733832348027	-0.752733832348027	-0.752733832348027	-0.752733832348027	-0.752733832348027	4.99400888342971	0.275127943006482
TRINITY_DN170037_c5_g2	-0.709417451459707	-0.805981001953694	-1.40586572828132	-0.178757103605411	-0.779238900957278	-1.35578049684501	-0.484952904001875	6.57295419354818	-0.852960606443894
TRINITY_DN194214_c3_g1	-0.74066083856323	-0.74066083856323	-0.74066083856323	-0.74066083856323	-0.74066083856323	-0.74066083856323	2.89671755630907	-0.74066083856323	2.28790831363354
TRINITY_DN182774_c3_g3	-0.959607238582335	-0.653187238451004	-0.995202793736334	-0.202369249389868	-0.540322768203305	-0.983624119700871	-0.143851381014093	3.98993503547888	0.488229753598933
TRINITY_DN176180_c15_g1	-0.738057598103337	-0.186685459109242	-0.780444908067557	-0.538334252116604	-0.641738637235965	-1.16780744890355	-0.333500745940645	4.36092013263087	0.0256489168460328
TRINITY_DN153963_c4_g4	-0.563238628321379	-0.563238628321379	-0.563238628321379	-0.563238628321379	-0.563238628321379	-0.563238628321379	0.502333683272243	3.01702747773502	-0.139929391078992
TRINITY_DN166247_c8_g1	-0.6764554743138	-0.6764554743138	-0.6764554743138	-0.6764554743138	-0.6764554743138	-0.6764554743138	2.86468761636899	-0.6764554743138	1.87050070382761
TRINITY_DN182799_c0_g3	-0.642324880935575	-0.642324880935575	-0.642324880935575	-0.642324880935575	-0.642324880935575	-0.642324880935575	0.912509514958617	0.444458885206491	2.49698088544834
TRINITY_DN152663_c0_g1	-0.887854775570869	-0.646348662654387	-0.998161037487647	-0.680713365582953	-0.592590765304841	-0.755540807923498	-0.0530121356612306	4.28487346052241	0.329348089663015
TRINITY_DN176754_c10_g1	-0.516899867498038	-0.516899867498038	-0.516899867498038	-0.516899867498038	-0.516899867498038	-0.516899867498038	-0.1472937974662	2.70002055835884	0.548672444095584
TRINITY_DN205172_c0_g1	-0.466162820117697	-0.466162820117697	-0.466162820117697	-0.466162820117697	-0.466162820117697	-0.466162820117697	0.144537242017068	1.80884422738217	0.843595451306939
TRINITY_DN197799_c7_g2	-1.04386489131512	-1.06150915984432	-0.854584957228002	-0.844367527546516	-0.389664085045343	-1.34720728580245	-0.222217515823784	5.50655138473912	0.256864037866413
TRINITY_DN198026_c2_g3	-0.756438542595715	-0.756438542595715	-0.756438542595715	-0.756438542595715	-0.756438542595715	-0.756438542595715	1.93977789146068	0.0158694323626887	2.58298393175092
TRINITY_DN158715_c4_g2	-1.16382546364638	-1.16382546364638	-1.03949732864418	-1.08521562895001	-1.06352055785069	-1.16382546364638	6.08396916387097	-1.05948880383164	1.65522954634468
TRINITY_DN20615_c0_g1	-0.545637193487454	-0.545637193487454	-0.545637193487454	-0.545637193487454	-0.545637193487454	-0.545637193487454	1.61818353300296	1.70865449283476	-0.0530148649130078
TRINITY_DN193675_c1_g4	1.16797062524187	0.644198515565651	-0.374822421235342	0.604548078403903	0.607706442538252	0.56284746252139	-1.07081623434524	-1.07081623434524	-1.07081623434524
TRINITY_DN121726_c0_g1	-0.56424878564313	-0.56424878564313	-0.56424878564313	-0.56424878564313	-0.56424878564313	-0.56424878564313	2.264788903026	1.1232598750776	-0.00255606424482124
TRINITY_DN158309_c2_g2	-1.07721894794332	-0.598239732294258	-1.58320077197668	-0.973228216685784	-0.136680820368289	-1.1018026496155	0.590695280750843	4.49326276218367	0.386413095949317
TRINITY_DN182272_c0_g1	-0.828851508772982	-0.704829182220038	-0.103358699050725	-0.458051904865709	-1.05521720455938	-0.995209895195102	0.720114060031969	2.02534827674429	1.40005605788768
TRINITY_DN186120_c1_g1	-1.08856849071834	-1.08856849071834	-1.08856849071834	-1.08856849071834	-1.08856849071834	-1.08856849071834	3.36567321734582	-1.08856849071834	4.25430621768258
TRINITY_DN183857_c0_g1	-0.978274815646126	-0.978274815646126	-0.978274815646126	-0.978274815646126	-0.978274815646126	-0.978274815646126	2.33642171001016	1.65910357922617	1.87412360464043
TRINITY_DN153497_c0_g3	-0.599674805136589	-0.599674805136589	-0.599674805136589	-0.599674805136589	-0.599674805136589	-0.599674805136589	1.00487101123212	2.53750079611145	0.0556770234759649
TRINITY_DN198090_c0_g1	-0.611042353363797	-0.611042353363797	-0.611042353363797	-0.611042353363797	-0.611042353363797	-0.611042353363797	1.04842558372099	1.63384470575974	0.983983830702057
TRINITY_DN166968_c6_g5	3.51452816158691	2.089747882869	3.47916091565963	0.211156776317667	-1.08824474955309	-0.879951229366127	-2.44213258583799	-2.44213258583799	-2.44213258583799
TRINITY_DN163963_c7_g1	-1.86265548674	-0.740171480215005	-0.273045469787707	-0.998280326327845	-0.291003070830181	-0.769579652523174	1.40787902160455	3.50114495993432	0.0257115048850429
TRINITY_DN156613_c4_g5	-1.49864705620087	-1.49864705620087	-1.40103625957445	-1.37962295305859	-1.35068917481377	-1.49864705620087	3.3920428214844	-1.49864705620087	6.73389379076588
TRINITY_DN114252_c0_g1	-1.17988557943095	-1.17988557943095	-1.17988557943095	-1.17988557943095	-1.17988557943095	-1.17988557943095	2.74459441292807	-1.17988557943095	5.51460464308856
TRINITY_DN173105_c4_g1	-0.769695651381224	-0.769695651381224	-0.769695651381224	-0.769695651381224	-0.769695651381224	-0.769695651381224	0.687635974103789	2.60701147502576	1.3235264591578
TRINITY_DN165120_c1_g1	-0.437606058345281	-0.954437559380851	-1.13262611773081	-1.23643012291853	-1.49946452875232	-0.915418315798322	8.74314024539212	-1.29008543505013	-1.27707210741587
TRINITY_DN160198_c10_g1	-0.664803985595986	-0.664803985595986	-0.664803985595986	-0.664803985595986	-0.664803985595986	-0.664803985595986	1.37749014061018	0.0524063134236101	2.55892745954212
TRINITY_DN160277_c3_g3	-1.516713222501	-1.30334237328806	-1.48215600046463	-0.832642576766915	-1.82125923916012	-1.92767613150382	10.2161520835689	-1.06477282844234	-0.267589711442025
TRINITY_DN19554_c0_g1	-0.476247023513903	-0.476247023513903	-0.476247023513903	-0.476247023513903	-0.476247023513903	-0.476247023513903	1.81358744166361	0.916070399264857	0.127824300154957
TRINITY_DN196085_c1_g2	-0.527791838521569	-0.527791838521569	-0.527791838521569	-0.527791838521569	-0.527791838521569	-0.527791838521569	1.37717388016246	1.7635170213074	0.0260601296595566
TRINITY_DN173188_c0_g1	-0.62890961889923	-0.872798180652357	-1.38428079688594	-1.06496735720799	-0.660196494016465	-0.529702240955805	0.54982017018758	-0.0441816074172554	4.63521612584746
TRINITY_DN194412_c1_g1	-0.274276921931463	-0.753216515460288	-0.642635495202708	-0.122392769501435	-1.4606490342928	-1.62382299374403	0.129716824957692	4.54311013105746	0.204166774117573
TRINITY_DN176132_c4_g1	-0.485426525875021	-0.485426525875021	-0.485426525875021	-0.485426525875021	-0.485426525875021	-0.485426525875021	0.635588875086345	1.35694896233127	0.920021317832514
TRINITY_DN172325_c5_g5	-1.65201294857478	0.310657632686464	-1.43145597065642	-0.695019417581906	-0.338222600316939	-0.856667354176844	-0.839604285706687	4.78810595011067	0.714218994216434
TRINITY_DN165671_c0_g1	-0.80462539020938	-0.956484206936385	-0.699473588730361	-0.651973165126432	-0.589113141287855	-0.68505853084345	0.143820698859301	4.32439789227798	-0.0814905680034171
TRINITY_DN193386_c0_g3	-0.297514068686339	-0.675946815198523	-0.502267015599874	-0.462812361723171	-0.579764576757418	-0.880505943447652	-0.549390927713899	4.13637989683837	-0.188178187711497
TRINITY_DN175660_c1_g1	-0.636872820337409	-0.636872820337409	-0.636872820337409	-0.636872820337409	-0.636872820337409	-0.636872820337409	2.57242456982884	-0.636872820337409	1.88568517253303
TRINITY_DN193180_c12_g1	-0.831301521363774	-0.831301521363774	-0.831301521363774	-0.831301521363774	-0.831301521363774	-0.831301521363774	-0.122010885640417	4.46603665223805	0.643783361585008
TRINITY_DN156894_c0_g4	-1.10683553568353	-0.363879348693603	-2.25221497315323	-0.414423613311726	0.00230538304469796	-1.89397199242704	-0.294240480590157	5.42168181804788	0.901578742766717
TRINITY_DN35667_c0_g1	-0.533066932953345	-0.533066932953345	-0.533066932953345	-0.533066932953345	-0.533066932953345	-0.533066932953345	1.58063356621138	1.61976547173608	-0.00199744022739057
TRINITY_DN133590_c0_g1	-0.662308103391818	-0.662308103391818	-0.662308103391818	-0.662308103391818	-0.662308103391818	-0.662308103391818	-0.340380008504456	3.85817700629413	0.456051622561239
TRINITY_DN81070_c0_g1	-0.48345443880209	-0.48345443880209	-0.48345443880209	-0.48345443880209	-0.48345443880209	-0.48345443880209	0.907763368800808	1.8676084601383	0.125354803873434
TRINITY_DN190905_c1_g2	-0.603802356104195	-0.657909761443646	-0.79410114773079	-0.331525259688585	-0.79410114773079	-0.79410114773079	-0.136003942379418	3.84906238217264	0.262482380635578
TRINITY_DN178281_c4_g1	-0.641218523754515	-0.641218523754515	-0.641218523754515	-0.641218523754515	-0.641218523754515	-0.641218523754515	0.450988914342573	3.4240090990211	-0.0276868708365879
TRINITY_DN178551_c2_g3	-0.872718481471734	-1.00759653581485	-0.682210121155073	-1.00759653581485	-1.00759653581485	-1.00759653581485	2.21736982918543	1.22904914553842	2.13889577116234
TRINITY_DN236344_c0_g1	-0.484425970744706	-0.484425970744706	-0.484425970744706	-0.484425970744706	-0.484425970744706	-0.484425970744706	1.83114025957424	1.06005941549138	0.015356149402606
TRINITY_DN162197_c4_g5	-1.15268855886419	-1.15268855886419	-1.15268855886419	-1.15268855886419	-1.15268855886419	-1.15268855886419	-0.594910887469267	4.66391114767072	2.8471310929837
TRINITY_DN165443_c6_g2	-0.721087225525381	-0.721087225525381	-0.721087225525381	-0.721087225525381	-0.721087225525381	-0.721087225525381	1.66130335734809	2.39644159846329	0.268778397340906
TRINITY_DN192743_c1_g1	-0.85091110106694	-0.630623268055415	-1.08479916124122	-0.955186423110747	-0.781456766753886	-0.670122380814331	-0.0711582505718307	4.41140750468227	0.632849846932098
TRINITY_DN197952_c8_g1	-0.988753208529981	-0.902273687804512	-1.03977721155445	-1.03977721155445	-0.969387883663049	-1.03977721155445	1.39771687925452	2.04564744469823	2.53638209070814
TRINITY_DN160642_c11_g2	-1.46889585862612	-1.2796640522074	-0.810591262130115	-2.08619434146696	-0.853533584676689	-0.508946805873814	10.0812561078269	-2.08619434146696	-0.987235861378795
TRINITY_DN176012_c0_g1	-0.819796203235178	-1.42671214506038	-1.42671214506038	-0.703372024809212	-0.472143574307389	-0.558815681067728	0.119750213106709	4.84661724150129	0.441184318932272
TRINITY_DN187291_c5_g2	-0.133581473791486	-1.80414211962674	-0.702097113040186	-1.31749266946732	0.0159989573867079	-1.70969552444448	5.81055898773918	-0.935366267362415	0.775817222606732
TRINITY_DN170741_c1_g1	-0.878955102591561	-1.25939966204586	-1.37297915591701	-0.31384744606824	-0.446219282304029	-0.359019528940497	-0.521491437959884	4.77160999225284	0.38030162357424
TRINITY_DN162568_c8_g2	-0.706367591741974	-0.532600524005268	-0.706367591741974	-0.706367591741974	-0.706367591741974	-0.706367591741974	3.25923201613531	1.16901931284448	-0.363812846264654
TRINITY_DN132100_c0_g1	-0.50326644111471	-0.50326644111471	-0.50326644111471	-0.50326644111471	-0.50326644111471	-0.50326644111471	0.663449003851712	1.40208445846625	0.954065184370303
TRINITY_DN171535_c2_g1	-0.511892548765674	-0.511892548765674	-0.511892548765674	-0.511892548765674	-0.511892548765674	-0.511892548765674	1.06632161670678	1.435586597201	0.569447078686265
TRINITY_DN213783_c0_g1	-0.888471900342803	-0.888471900342803	-0.455512493066697	-0.888471900342803	-0.888471900342803	-0.888471900342803	0.587650519537349	3.78293470906367	0.527286766179695
TRINITY_DN110464_c0_g1	-0.5765756502181	-0.5765756502181	-0.5765756502181	-0.5765756502181	-0.5765756502181	-0.5765756502181	0.494500511792859	2.94221124603562	0.0227421434801259
TRINITY_DN180661_c6_g1	-0.673197950424506	-0.673197950424506	-0.673197950424506	-0.673197950424506	-0.673197950424506	-0.673197950424506	0.767222770332261	1.74039613198467	1.53156880023011
TRINITY_DN186230_c2_g1	-0.491355284565563	-0.491355284565563	-0.491355284565563	-0.491355284565563	-0.491355284565563	-0.491355284565563	1.33157876346281	1.43616196163291	0.180390982297659
TRINITY_DN197323_c2_g3	-0.686180582175814	-0.686180582175814	-0.686180582175814	-0.488315190822076	-0.686180582175814	-0.686180582175814	0.493967278982615	3.91105260691032	-0.485801784191788
TRINITY_DN196649_c3_g1	-1.86689876196431	-1.39597150448918	-1.55191227649579	-1.50176616851178	-1.44143945719895	-1.86689876196431	-1.47953622112831	5.32722769889699	5.77719545285564
TRINITY_DN184128_c1_g3	-0.893955340380291	-0.0982304014970468	-1.25762247417147	-1.44524947734724	-0.231924936529159	-1.24288216672565	0.620713785031119	4.57672889174825	-0.027577880128518
TRINITY_DN77329_c0_g1	-1.28926221491237	-0.20344872066468	-1.29410185393888	-0.377419755920515	-0.0737885438440802	-1.24642087708509	-0.464754203539222	5.05879589054177	-0.10959972063693
TRINITY_DN165129_c6_g1	-0.561400434281999	-1.13567321067255	-1.30775034150409	-0.168611465481427	-0.515906280527216	-0.492111980187543	-0.990815235783459	5.21917874629266	-0.0469097978543851
TRINITY_DN188864_c0_g2	-1.01557095438136	-0.471773862142781	-0.898685461709916	-0.818488259448125	-0.382225698861019	-0.0879279554314725	0.00899978830640413	4.32082977389587	-0.655157370227606
TRINITY_DN158629_c0_g1	-0.54919679631211	-0.54919679631211	-0.54919679631211	-0.54919679631211	-0.54919679631211	-0.54919679631211	1.8198508471438	-0.22036033208257	1.69569026281142
TRINITY_DN173325_c0_g1	-1.23012208728635	-1.23012208728635	-1.23012208728635	-1.16386064501763	-1.14605782249787	-1.23012208728635	2.29594672438124	2.27131705787252	2.66314303440713
TRINITY_DN181684_c3_g1	-0.748564179982704	-0.915400616375115	-1.65236621054132	-0.586487257622537	0.200540863330691	-1.09038996523564	-0.507928394216456	4.96002166041054	0.340574100232538
TRINITY_DN167746_c2_g1	-0.656432028276825	-0.656432028276825	-0.656432028276825	-0.656432028276825	-0.656432028276825	-0.656432028276825	1.15133503348959	3.04533879410222	-0.25808165793086
TRINITY_DN174881_c5_g1	-0.759383725945096	-0.759383725945096	-0.759383725945096	-0.759383725945096	-0.759383725945096	-0.759383725945096	1.46094622893446	2.40636745806916	0.688988668666957
TRINITY_DN190969_c2_g3	0.461346203058063	0.240692597215808	-0.161909887131286	1.11387835570664	1.38811461956025	0.939896634256939	-1.32733950755547	-1.32733950755547	-1.32733950755547
TRINITY_DN150575_c0_g1	-1.56589067833187	-1.06643997363136	-0.975185283882226	0.907152424382537	-0.837086404695847	-0.922922574175151	-1.52816305709701	-0.904094312932065	6.892629860363
TRINITY_DN184140_c3_g1	-0.448012790538054	-0.448012790538054	-0.448012790538054	-0.448012790538054	-0.448012790538054	-0.448012790538054	1.47189929813925	1.14414521158731	0.0720322335017636
TRINITY_DN28461_c0_g1	-0.87052931248019	-0.557798377370006	-1.0936164393922	-0.138573081127729	-0.504444523602688	-0.827828334221834	-0.832691355818151	5.12192392400001	-0.296442499987209
TRINITY_DN160897_c1_g4	-0.59985446953734	-0.170327802151282	-0.574082168589763	-0.805185614684867	-0.811194349072158	-0.83303539761174	0.585360402929567	3.86980055130235	-0.661481152584769
TRINITY_DN172854_c4_g1	-0.837363046951649	-0.837363046951649	-0.837363046951649	-0.837363046951649	-0.837363046951649	-0.837363046951649	1.86507286727516	0.454829726950242	2.70427568748449
TRINITY_DN186226_c5_g3	-1.02249115073194	-1.02249115073194	-1.02249115073194	-1.02249115073194	-1.02249115073194	-1.02249115073194	3.8611785365092	-1.02249115073194	3.2962595186144
TRINITY_DN184419_c0_g2	-0.683026128057962	-0.683026128057962	-0.683026128057962	-0.683026128057962	-0.683026128057962	-0.683026128057962	-0.683026128057962	4.19937237599591	0.581810520409818
TRINITY_DN162545_c2_g1	-0.612222805034098	-0.612222805034098	-0.612222805034098	-0.612222805034098	-0.612222805034098	-0.612222805034098	0.486061990689325	3.28550166518235	-0.0982268256670851
TRINITY_DN155146_c15_g1	-0.709211996699282	-0.709211996699282	-0.659581228974682	-0.709211996699282	-0.709211996699282	-0.709211996699282	2.48770973712105	-0.709211996699282	2.42714347204933
TRINITY_DN175301_c6_g1	-1.41939018025105	-0.607393876042579	-2.03726730344494	-0.349689736240899	0.0401510032270727	-0.745240694271442	0.0843857527934957	4.96866668022043	0.0657783540099182
TRINITY_DN6938_c0_g1	-0.450629648589387	-0.450629648589387	-0.450629648589387	-0.450629648589387	-0.450629648589387	-0.450629648589387	0.0913807069472223	1.41410127372536	1.19829591086373
TRINITY_DN219357_c0_g1	-1.45654736932582	-0.886667668763053	-0.792177648762002	-1.57826865046118	0.0681750957842735	0.123575150555598	-1.43910590278955	6.33815714324489	-0.377140149483159
TRINITY_DN188833_c4_g1	-0.874947391563437	-1.09192179886757	-1.08353401337485	-1.13316478109945	-1.05728991412433	-1.13316478109945	5.60874708003341	-0.3735828078659	1.13885840796159
TRINITY_DN160542_c4_g1	-0.931946874150471	-0.988530402516838	-0.988530402516838	-0.988530402516838	-0.988530402516838	-0.684019360706885	1.67595243784784	1.72999562394542	2.16413978313144
TRINITY_DN163204_c2_g3	-1.06750509395117	-0.846072404466494	-1.9296131000092	-0.818581787620454	-0.0723976634248689	-0.76809745400542	-0.174561197521821	5.05933371225941	0.617494988740008
TRINITY_DN159329_c3_g1	-0.844735548001063	-0.593516527247739	-0.860810310859134	-0.72342925177893	-0.534309486181948	-0.959768790947303	1.12905124235128	3.51784378224555	-0.130325109580712
TRINITY_DN178171_c5_g1	-0.730372351787373	-0.730372351787373	-0.730372351787373	-0.730372351787373	-0.730372351787373	-0.730372351787373	1.8923237763803	-0.730372351787373	3.22028268613132
TRINITY_DN179251_c0_g2	-0.634940498712773	-0.634940498712773	-0.634940498712773	-0.634940498712773	-0.634940498712773	-0.634940498712773	0.826064111220701	-0.634940498712773	3.61851937976871
TRINITY_DN150247_c0_g1	-1.78848121981143	-1.00355734389315	-0.761917037963423	1.13023150765507	-1.18209547564017	-1.16689167585212	-1.46695786473339	-0.768387649304197	7.00805675954281
TRINITY_DN185103_c1_g4	-0.594860042135593	-0.594860042135593	-0.594860042135593	-0.594860042135593	-0.594860042135593	-0.594860042135593	0.230518561757338	2.11465117229638	1.22399051875984
TRINITY_DN173233_c1_g2	-0.514137226144749	-0.728347653922079	-0.807454198914586	-0.858173956522454	-0.170117962837195	-0.944957722664521	-0.382287896561819	4.33822325628105	0.0672533612863536
TRINITY_DN192090_c2_g5	-0.463438475720454	-0.463438475720454	-0.463438475720454	-0.463438475720454	-0.463438475720454	-0.463438475720454	1.18824470491166	1.56936766936279	0.0230184800482775
TRINITY_DN184215_c11_g1	-1.48543849087243	-1.89577959548652	-1.89577959548652	-1.89577959548652	-1.89577959548652	-1.89577959548652	3.77296359360138	3.20507193701982	3.98630093768384
TRINITY_DN191313_c1_g3	-0.477200628264165	-1.74023503409796	-1.04691535528638	-0.840286047908287	-1.53609431731773	-1.0160213473406	0.464218733576603	5.75996152076105	0.432572475877475
TRINITY_DN167961_c2_g1	-1.13070137800981	-1.0750586354876	-1.69141633248429	-0.480404138998775	-0.0429508894569726	-1.24993285290164	-0.288148610144986	6.03885678992435	-0.0802439524402818
TRINITY_DN197633_c1_g1	-0.739858370387103	-0.739858370387103	-0.739858370387103	-0.739858370387103	-0.739858370387103	-0.739858370387103	-0.739858370387103	2.57773513423637	2.60127345847335
TRINITY_DN142764_c0_g2	-1.29213105232068	-0.426775306171084	-1.3545865534067	-0.4124674694872	0.150176651810361	-1.31560593023461	-0.483252327207227	5.31705389710843	-0.18241191009129
TRINITY_DN161820_c6_g2	-0.644570309938567	-0.644570309938567	-0.644570309938567	-0.644570309938567	-0.644570309938567	-0.644570309938567	1.35579031874495	0.65056493906225	1.86106660182421
TRINITY_DN166855_c6_g2	-0.566654272352318	-0.566654272352318	-0.493519567722103	-0.566654272352318	-0.566654272352318	-0.566654272352318	1.27531884657486	1.89303963063092	0.158432452277909
TRINITY_DN188072_c3_g4	-0.834118086930753	-0.834118086930753	-0.834118086930753	-0.834118086930753	-0.834118086930753	-0.834118086930753	3.06205686842544	1.99268459735507	-0.0500329441959956
TRINITY_DN70166_c0_g1	-0.791070380935049	-0.791070380935049	-0.791070380935049	-0.791070380935049	-0.791070380935049	-0.791070380935049	1.54120790212188	3.03725654547977	0.167957838008645
TRINITY_DN150837_c2_g1	-0.485509318454664	-0.485509318454664	-0.485509318454664	-0.485509318454664	-0.485509318454664	-0.485509318454664	1.03755074334059	1.59378344881819	0.281721718569211
TRINITY_DN248498_c0_g1	-0.602544068396652	-0.602544068396652	-0.602544068396652	-0.602544068396652	-0.602544068396652	-0.602544068396652	0.697872559440222	1.30550022182824	1.61189162911145
TRINITY_DN144757_c0_g2	-1.46028307029773	-1.34144684078788	-1.48601334539115	-0.302825546760569	0.0464969976086917	-0.270525054857259	-0.643245594842784	5.40665237493301	0.0511900803956638
TRINITY_DN179627_c1_g3	-0.84768001766835	-0.84768001766835	-0.84768001766835	-0.84768001766835	-0.84768001766835	-0.84768001766835	-0.84768001766835	3.55647377634653	2.37728634733192
TRINITY_DN156318_c9_g1	-0.192224400729314	-0.504712048270539	-1.98856002124278	-0.751695473786697	-0.248044887997548	-0.747219473736085	-0.315118020624668	5.13588486900807	-0.388310542620434
TRINITY_DN168599_c1_g2	-0.64182667652054	-0.896102419721714	-0.997758808212549	-0.541656060522251	0.0245881640002854	-1.24824972000522	-0.503890207155645	4.47221733215617	0.332678395981473
TRINITY_DN197724_c3_g1	-1.45274739200954	-0.889391846093502	-1.15434620261569	-0.766384503835923	-0.958158593633937	-1.00776227238194	-1.27545027840058	1.66159696705545	5.84264412191566
TRINITY_DN182913_c1_g1	-0.311485393706183	-1.35805902584018	-1.38610408361375	-0.704347386071526	0.236520611027489	-1.75856566086006	-0.0566173871880533	4.2274331090865	1.11122521716577
TRINITY_DN124601_c0_g1	-0.906922241503803	-0.906922241503803	-0.906922241503803	-0.906922241503803	-0.906922241503803	-0.906922241503803	1.41096064132561	1.0587697077209	2.9718030999763
TRINITY_DN149754_c0_g1	-0.739724816421827	-0.567529641354687	-0.275550538480182	-0.969520070473028	-1.08455331341927	-1.08455331341927	-0.958902211757748	0.241984034720684	5.43834987060532
TRINITY_DN175666_c5_g1	-0.791176534453797	-0.791176534453797	-0.791176534453797	-0.791176534453797	-0.791176534453797	-0.791176534453797	5.02723947588962	-0.791176534453797	0.510996265286956
TRINITY_DN198387_c1_g2	-0.713150773032075	-0.713150773032075	-0.713150773032075	-0.713150773032075	-0.713150773032075	-0.713150773032075	3.46890583597818	0.96537190385142	-0.155373101637149
TRINITY_DN197740_c4_g1	-0.316611411455715	-1.15051348812488	-1.50435083096699	-0.193527563512302	-0.423682271092386	-0.991045758858113	0.254798194472566	4.31194788537981	0.012985244158001
TRINITY_DN181950_c9_g3	-0.649043563969618	-0.649043563969618	-0.649043563969618	-0.649043563969618	-0.649043563969618	-0.649043563969618	1.03038023414298	3.51292471364435	-0.649043563969618
TRINITY_DN148835_c0_g1	-0.470091406957578	-0.470091406957578	-0.470091406957578	-0.470091406957578	-0.470091406957578	-0.470091406957578	1.98750288489883	0.999794569316886	-0.166749012470247
TRINITY_DN173876_c2_g3	-0.922904893456905	-0.787082544500161	-1.02773086967768	-0.612985680204495	-0.249051994819509	-0.624432206855603	-0.796015669270169	4.69317991759816	0.32702394118636
TRINITY_DN180064_c3_g6	-1.08962331222669	-1.29688716302317	-1.35227356280834	-0.571500600317901	0.285855806428076	-0.810985165938911	-0.734650606075434	4.86086560438331	0.709198999579059
TRINITY_DN181678_c8_g5	-0.948400467068585	-0.948400467068585	-0.948400467068585	-0.948400467068585	-0.948400467068585	-0.948400467068585	4.27482898977353	-0.948400467068585	2.36397427970657
TRINITY_DN175545_c1_g2	-0.772156745684361	-0.772156745684361	-0.772156745684361	-0.772156745684361	-0.772156745684361	-0.772156745684361	2.51664474596298	-0.772156745684361	2.88845247382755
TRINITY_DN12599_c0_g1	-0.57483275124095	-0.57483275124095	-0.57483275124095	-0.57483275124095	-0.57483275124095	-0.57483275124095	1.17104993766131	-0.159074084718451	2.43702065450284
TRINITY_DN157128_c4_g1	-0.514371685230633	-0.514371685230633	-0.514371685230633	-0.514371685230633	-0.514371685230633	-0.514371685230633	1.22028374824837	1.31750555596104	0.548440807174388
TRINITY_DN156225_c13_g1	-1.36401389727152	-0.96943170794729	-1.21299591485203	-1.34688245714776	-1.45460884750166	-1.23985140667874	9.77007434158429	-1.24740084850498	-0.934889261680306
TRINITY_DN189823_c3_g1	-1.01660493468421	-0.975361952452325	-1.01660493468421	-1.01660493468421	-1.01660493468421	-1.01660493468421	2.32024970444126	1.73913724466118	1.99899967677091
TRINITY_DN108470_c0_g1	-0.446857442683521	-0.446857442683521	-0.446857442683521	-0.446857442683521	-0.446857442683521	-0.446857442683521	0.611112625953809	0.919954330443606	1.15007769970371
