bleached_44_01	bleached_44_02	bleached_44_03	bleached_k4_01	bleached_k4_02	bleached_k4_03
TRINITY_GG_68001_c0_g1	-0.886005040641425	-0.886005040641425	-0.886005040641425	0.726583366057293	1.72658336605729	0.204848389809689
TRINITY_GG_18905_c4_g1	-0.975322174707334	-0.975322174707334	-0.975322174707334	0.609159347499319	0.459239337165274	1.85756783945741
TRINITY_GG_97479_c0_g1	-1.36765437570453	-1.36765437570453	-1.36765437570453	1.77099629018413	1.97148300921506	0.360483827714398
TRINITY_GG_58683_c23_g1	-1.16350895844639	-1.16350895844639	-1.16350895844639	1.37726228764284	1.73179366288692	0.381470924809413
TRINITY_GG_30249_c0_g1	-1.12949282515148	-1.12949282515148	-1.12949282515148	1.85400246926303	1.07276815841052	0.461707847780895
TRINITY_GG_85348_c0_g1	-1.07861125280017	-1.07861125280017	-1.07861125280017	1.06380218507357	1.24129565386784	0.930735919459086
TRINITY_GG_13695_c12_g2	-0.89435571893198	-0.89435571893198	-0.89435571893198	0.958841535838376	0.830731005698246	0.893494615259319
TRINITY_GG_59438_c5_g1	0.828007437417109	1.64380064800564	0.227277620837636	-0.899695235420129	-0.899695235420129	-0.899695235420129
TRINITY_GG_71329_c0_g1	0.174080508082245	0.553211446666751	2.4095984396506	-1.04563013146653	-1.04563013146653	-1.04563013146653
TRINITY_GG_3275_c98_g1	-0.887197106040637	-0.887197106040637	-0.887197106040637	0.685207541349695	0.450799357474379	1.52558441929784
TRINITY_GG_71567_c0_g1	-0.887058247492891	-0.887058247492891	-0.887058247492891	1.46457008160989	0.42328187311926	0.773322787749521
TRINITY_GG_59622_c3_g1	-0.925618426569446	-0.925618426569446	-0.925618426569446	1.17030599342909	0.821554110466017	0.784995175813231
TRINITY_GG_49144_c0_g1	-0.84169918070797	-0.84169918070797	-0.84169918070797	1.16262242524212	0.995032899751166	0.367442217130622
TRINITY_GG_12978_c2_g3	-0.873246486082488	-0.873246486082488	-0.873246486082488	0.802569445089781	0.483460766852893	1.33370924630479
TRINITY_GG_34593_c0_g1	-1.60092522206425	-1.24163721165228	-1.10839400819406	2.29302020722081	0.875973764589339	0.781962470100432
TRINITY_GG_100509_c0_g1	1.07470710330376	2.79171353737706	0.733579361392309	-1.41408402857785	-1.59295798674764	-1.59295798674764
TRINITY_GG_34629_c0_g1	-1.50918569636909	-1.50918569636909	-1.50918569636909	2.092867290494	0.948933784805412	1.48575601380788
TRINITY_GG_56957_c0_g1	2.75979783992502	0.434451420538888	0.974867009105915	-1.38970542318994	-1.38970542318994	-1.38970542318994
TRINITY_GG_61377_c1_g1	1.0374688858967	0.815277551053141	0.563180141246367	-0.805308859398736	-0.805308859398736	-0.805308859398736
TRINITY_GG_29365_c2_g1	2.43879664812264	1.97201631573051	1.6208869297231	-2.01056663119208	-2.01056663119208	-2.01056663119208
TRINITY_GG_29463_c0_g3	-1.11634824317708	-1.11634824317708	-1.11634824317708	1.56847049437614	0.93049201102589	0.850082224129216
TRINITY_GG_61235_c14_g1	-1.05971786554262	-1.05971786554262	-1.05971786554262	1.93123699485437	0.14316996792752	1.10474663384598
TRINITY_GG_6790_c69_g1	0.708446150020692	0.638556464303798	1.72120866033003	-1.02273709155151	-1.02273709155151	-1.02273709155151
TRINITY_GG_74977_c0_g1	0.791569384511705	1.61732321739482	1.3190463905721	-1.24264633082621	-1.24264633082621	-1.24264633082621
TRINITY_GG_62733_c26_g1	-1.7877984643685	-1.7877984643685	-1.7877984643685	1.61437796061099	1.48526977728507	2.26374765520943
TRINITY_GG_59518_c25_g1	-1.09037424176467	-1.09037424176467	-1.09037424176467	1.06213370660024	1.44816392186514	0.760825096828627
TRINITY_GG_57340_c0_g1	1.65261925668198	1.8589426538064	1.29597820940547	-1.47944498970974	-1.38712158100149	-1.94097354918262
TRINITY_GG_20948_c0_g1	1.77411260128572	1.27035131391612	0.841273670612459	-1.2952458619381	-1.2952458619381	-1.2952458619381
TRINITY_GG_29113_c0_g1	-0.947620870416209	-0.947620870416209	-0.947620870416209	1.67671401902888	1.39919422378433	-0.233045631564584
TRINITY_GG_55653_c0_g3	-0.895804004178133	-0.895804004178133	-0.895804004178133	0.291963742867891	1.13453207419283	1.26091619547368
TRINITY_GG_697_c15_g1	0.631128009730997	1.04896859130997	0.92586573020798	-0.868654110416315	-0.868654110416315	-0.868654110416315
TRINITY_GG_106683_c0_g1	1.2400110198116	0.126071692997677	1.60080193703641	-0.988961549948563	-0.988961549948563	-0.988961549948563
TRINITY_GG_4972_c11_g1	1.6268771783295	-0.34140378416447	1.70479344416605	-0.996755612777025	-0.996755612777025	-0.996755612777025
TRINITY_GG_38377_c0_g1	-0.89767480161245	-0.89767480161245	-0.89767480161245	0.769536110868421	1.18842956963084	0.735058724338086
TRINITY_GG_74617_c0_g1	1.17863586876343	0.87426949239039	2.22553604518563	-1.42614713544648	-1.42614713544648	-1.42614713544648
TRINITY_GG_68707_c0_g2	-1.09103530957437	-1.09103530957437	-1.09103530957437	1.32877321936491	0.380932478087151	1.56340023127103
TRINITY_GG_51704_c0_g1	-1.12991320151588	-1.12991320151588	-1.12991320151588	0.164634032379639	2.87889635380371	0.346209218364276
TRINITY_GG_99719_c5_g1	-1.66411825538641	-1.66411825538641	-1.66411825538641	2.57474501610935	2.11566674991472	0.301943000135172
TRINITY_GG_71747_c0_g1	-1.37652972886491	-1.37652972886491	-1.37652972886491	1.93337402685783	0.932355328546856	1.26385983119004
TRINITY_GG_74675_c0_g1	0.350023474580595	1.84693476602166	1.06465455239469	-1.08720426433231	-1.08720426433231	-1.08720426433231
TRINITY_GG_62061_c0_g1	-1.27777719118186	-1.27777719118186	-1.27777719118186	2.43316696339401	0.882174853551058	0.517989756600528
TRINITY_GG_62471_c0_g1	0.475652592700082	0.904125605740477	1.44702404689509	-0.942267415111883	-0.942267415111883	-0.942267415111883
TRINITY_GG_32660_c0_g1	-1.28549873036537	-1.28549873036537	-1.28549873036537	-0.563907331589986	1.31619778611559	3.10420573657049
TRINITY_GG_43239_c0_g1	-1.00833662700671	-1.00833662700671	-1.00833662700671	0.164150888503426	1.37350045689934	1.48735853561736
TRINITY_GG_79511_c1_g1	-0.990182693726256	-1.64363608079561	-1.21248593044048	1.13946721892049	1.50784084646654	1.19899663957533
TRINITY_GG_64438_c4_g2	-1.00166036898523	-1.00166036898523	-1.00166036898523	1.73581008010083	1.25504839859915	0.0141226282557001
TRINITY_GG_59839_c0_g1	-2.90575781235635	-2.15300922094922	-2.7041239511867	2.66646491010056	2.81010810939435	2.28631796499737
TRINITY_GG_1303_c0_g1	0.936386736637435	2.28352984517321	1.43878127615468	-1.55289928598844	-1.55289928598844	-1.55289928598844
TRINITY_GG_48830_c1_g1	-1.2176846520469	-1.2176846520469	-1.2176846520469	0.13224672131321	1.58160992290769	1.93919731191981
TRINITY_GG_2115_c0_g1	-2.05769488406886	-2.05769488406886	-2.05769488406886	3.51206960380304	4.04424928091217	-1.38323423250861
TRINITY_GG_23508_c2_g2	-1.39789376447514	-1.39789376447514	-1.39789376447514	2.76479966773609	-0.417502808413671	1.846384434103
TRINITY_GG_86830_c0_g1	-0.846534907194745	-0.846534907194745	-0.846534907194745	0.801470272615748	0.840077669620846	0.898056779347639
TRINITY_GG_31414_c1_g2	1.85628312114658	1.23797182609453	1.44236269125447	-1.51220587949853	-1.51220587949853	-1.51220587949853
TRINITY_GG_51191_c0_g1	-0.959020870031406	-0.959020870031406	-0.959020870031406	0.0878193841715668	1.63289785934427	1.15634536657838
TRINITY_GG_72521_c0_g1	-1.50658632014408	-1.50658632014408	-1.50658632014408	1.84518333188	1.36722687821501	1.30734875033724
TRINITY_GG_65826_c1_g2	0.390950782299175	1.01093141763287	1.45463601137598	-0.952172737102677	-0.952172737102677	-0.952172737102677
TRINITY_GG_78485_c0_g1	-1.44737252190309	-1.44737252190309	-1.44737252190309	1.10303567131419	1.88819648365366	1.35088541074141
TRINITY_GG_59518_c20_g1	-3.00828468758187	-3.00828468758187	-3.00828468758187	3.41379690292481	2.84471290003145	2.76634425978934
TRINITY_GG_45826_c1_g1	-0.894205973252927	-0.894205973252927	-0.894205973252927	0.522093332226952	1.41642498397766	0.744099603554165
TRINITY_GG_547_c37_g1	1.34001286650434	-0.281651116722684	1.93558904125035	-0.997983597010671	-0.997983597010671	-0.997983597010671
TRINITY_GG_3514_c0_g1	-1.04400958518733	-1.04400958518733	-1.04400958518733	1.538064636209	1.40224664470224	0.191717474650733
TRINITY_GG_54683_c19_g1	-0.811247820651373	-0.811247820651373	-0.811247820651373	0.860951198464393	0.503158686903447	1.06963357658628
TRINITY_GG_974_c33_g1	-1.02218611222038	-1.02218611222038	-1.02218611222038	0.785992971551088	1.25103136088311	1.02953400422695
TRINITY_GG_15124_c8_g1	0.34356437357	0.703878686508004	1.74330655297311	-0.930249871017037	-0.930249871017037	-0.930249871017037
TRINITY_GG_76233_c0_g1	2.51272848899998	0.140611831092987	1.98348648707164	-0.928675818118723	-1.589919677627	-2.11823131141888
TRINITY_GG_104163_c0_g1	-0.886264339167255	-0.886264339167255	-0.886264339167255	1.33034572957519	0.686140308223076	0.642306979703502
TRINITY_GG_55615_c2_g1	-0.853093333402019	-0.853093333402019	-0.853093333402019	0.486614174046578	0.90179416876145	1.17087165739803
TRINITY_GG_13580_c0_g1	-2.11994311032361	-2.11994311032361	-2.11994311032361	1.75288564921127	3.01440106122169	1.59254262053788
TRINITY_GG_91905_c2_g2	-0.91713828317713	-0.91713828317713	-0.91713828317713	0.92764906690193	0.918785791077245	0.904979991552215
TRINITY_GG_99414_c5_g1	-0.907947899059187	-0.907947899059187	-0.907947899059187	1.11566231612346	0.164500951010505	1.4436804300436
TRINITY_GG_5465_c1_g2	2.4013112748946	2.52188157543973	-0.902078573899224	-1.34037142547837	-1.34037142547837	-1.34037142547837
TRINITY_GG_74956_c0_g1	-1.31479110521699	-1.31479110521699	-1.31479110521699	1.04585409724322	2.46141818522043	0.437101033187318
TRINITY_GG_61775_c0_g1	2.26852662981019	2.29727963770006	1.60160820151634	-2.05032565318437	-2.09716590738734	-2.01992290845488
TRINITY_GG_58886_c49_g1	-1.33875459409028	-1.33875459409028	-1.33875459409028	1.7500654392083	0.627306661431306	1.63889168163123
TRINITY_GG_63659_c4_g1	-1.44514986051327	-1.7020915461321	-1.04073772171609	1.21231065793762	1.62207064234136	1.35359782808249
TRINITY_GG_87933_c2_g1	0.704360796834794	0.875310803677871	0.785112994706292	-0.788261531739652	-0.788261531739652	-0.788261531739652
TRINITY_GG_65313_c0_g1	-1.635976711203	-1.635976711203	-1.635976711203	3.06850797484763	0.923759813229983	0.915662345531387
TRINITY_GG_53857_c5_g1	-1.68694564843357	-1.16657031300495	-1.95991928361699	1.69021954911264	0.985226344684718	2.13798935125816
TRINITY_GG_99920_c12_g1	-1.14637402682397	-1.14637402682397	-1.14637402682397	0.695599092103209	1.15784494189239	1.58567804647632
TRINITY_GG_103206_c1_g1	-0.802177127869936	-0.802177127869936	-0.802177127869936	1.07202965800786	1.00311532773078	0.33138639787117
TRINITY_GG_226_c50_g1	0.567923934495157	1.42520228209385	1.22218768012427	-1.07177129890443	-1.07177129890443	-1.07177129890443
TRINITY_GG_34866_c1_g1	-1.08929082757929	-1.08929082757929	-1.08929082757929	0.594630153230033	0.434271128477721	2.23897120103012
TRINITY_GG_89464_c0_g1	-0.828182866708609	-0.828182866708609	-0.828182866708609	1.40048192810833	0.709361705255965	0.374704966761534
TRINITY_GG_76395_c0_g1	2.45869709254855	0.101382683754641	1.37980251371354	-1.31329409667225	-1.31329409667225	-1.31329409667225
TRINITY_GG_6798_c26_g1	0.656102588229274	0.858441994792072	1.30365863379906	-0.939401072273468	-0.939401072273468	-0.939401072273468
TRINITY_GG_45619_c0_g1	-1.94111083456611	-1.94111083456611	-1.94111083456611	0.968086228425574	2.10756130281425	2.74768497245852
TRINITY_GG_16588_c1_g2	-1.04927954348752	-1.04927954348752	-1.04927954348752	0.782192389360182	0.553367365017856	1.81227887608451
TRINITY_GG_39910_c0_g1	2.60027631331766	1.67275072616623	1.90129266620812	-2.058106568564	-2.058106568564	-2.058106568564
TRINITY_GG_90496_c0_g1	-1.59127531136464	-1.59127531136464	-1.59127531136464	0.275830418138016	2.78841495605178	1.70958055990412
TRINITY_GG_58609_c16_g2	1.02623095038819	2.76150140779731	-0.0289028838829266	-1.25294315810086	-1.25294315810086	-1.25294315810086
TRINITY_GG_57857_c0_g1	-1.08674533966604	-1.08674533966604	-1.08674533966604	-0.676404235051955	2.42788193321338	1.5087583208367
TRINITY_GG_237_c0_g2	0.489216790479883	1.55881851357984	0.928211149143324	-0.992082151067682	-0.992082151067682	-0.992082151067682
TRINITY_GG_53927_c90_g1	-0.890322865695777	-0.890322865695777	-0.890322865695777	0.320065998749626	0.749372367703806	1.6015302306339
TRINITY_GG_57791_c166_g1	1.60767112038975	0.14663944736914	1.07833138148703	-0.944213983081973	-0.944213983081973	-0.944213983081973
TRINITY_GG_47031_c0_g1	4.12873381947455	-0.174263674850599	4.38551497737503	-2.77999504066633	-2.77999504066633	-2.77999504066633
TRINITY_GG_5442_c42_g1	-1.64918445401614	-1.64918445401614	-1.64918445401614	1.48913855004034	1.08221604454629	2.37619876746178
TRINITY_GG_849_c0_g1	-1.26987191743854	-1.82413762093678	-2.18314797251211	1.17911291376364	1.34578738050553	2.75225721661826
TRINITY_GG_64694_c0_g1	-3.73882281136594	-2.67462974943844	-3.30907296056572	3.32737403888375	2.45805958999236	3.93709189249399
TRINITY_GG_15084_c0_g1	0.881977633988316	0.559507885240306	1.11914811069604	-0.853544543308222	-0.853544543308222	-0.853544543308222
TRINITY_GG_8393_c0_g1	0.149581837381538	2.06285877422999	2.57258893587101	-1.59500984916085	-1.59500984916085	-1.59500984916085
TRINITY_GG_63242_c1_g2	1.50038415204222	1.60774156133871	1.21910976854434	-1.44241182730842	-1.44241182730842	-1.44241182730842
TRINITY_GG_59606_c44_g1	1.41204728462377	0.426782599174094	0.689717271501168	-0.842849051766345	-0.842849051766345	-0.842849051766345
TRINITY_GG_40562_c0_g1	-1.36369490168788	-1.36369490168788	-1.36369490168788	3.15628724201367	-0.0910744470248857	1.02587191007485
TRINITY_GG_18677_c5_g1	-1.38349371339616	-1.38349371339616	-1.38349371339616	1.61920880698366	1.46930417942261	1.0619681537822
TRINITY_GG_54007_c0_g1	1.60689102527757	1.11174006473889	1.88227684841902	-1.29976001947263	-1.66065435565288	-1.64049356330997
TRINITY_GG_5505_c16_g1	1.23743485245003	1.11612597132965	1.27462114744778	-1.17938819113173	-1.48009884295459	-0.968694937141138
TRINITY_GG_157_c99_g3	0.713392876386822	0.672328969648463	1.2706242592041	-0.885448701746463	-0.885448701746463	-0.885448701746463
TRINITY_GG_30616_c0_g1	0.0938719993302397	1.17805832470011	1.91758480841568	-1.06317171081534	-1.06317171081534	-1.06317171081534
TRINITY_GG_22167_c0_g1	1.05198256560718	1.47930643821385	1.76137824301691	-2.13170260428016	-0.846963933199655	-1.31400070935812
TRINITY_GG_88216_c0_g1	3.43449865957735	1.25238272692336	1.78699374657149	-2.15795837769073	-2.15795837769073	-2.15795837769073
TRINITY_GG_93410_c0_g2	-0.980177249517403	-0.980177249517403	-0.980177249517403	0.803069847860713	1.57661999707534	0.560841903616156
TRINITY_GG_26520_c0_g1	-1.10225148698232	-1.10225148698232	-1.10225148698232	1.30319635672522	1.18551629099306	0.818041813228687
TRINITY_GG_105127_c2_g1	-0.810073577799032	-0.810073577799032	-0.810073577799032	0.527922885715984	0.784474971751322	1.11782287592979
TRINITY_GG_64267_c8_g1	0.278415901721038	1.11601385899374	1.4995016523397	-0.96464380435149	-0.96464380435149	-0.96464380435149
TRINITY_GG_1471_c33_g1	-0.826513078719461	-0.826513078719461	-0.826513078719461	0.778981255133048	0.963424790260734	0.737133190764603
TRINITY_GG_84582_c4_g1	-0.780039302944265	-0.780039302944265	-0.780039302944265	0.869806049361745	0.662506153161039	0.807805706310012
TRINITY_GG_51201_c0_g2	1.37206870072337	0.270949062101917	2.17165215530375	-1.27155663937634	-1.27155663937634	-1.27155663937634
TRINITY_GG_61399_c1_g1	0.909364015454099	-0.215211845999469	2.40558079251806	-1.03324432065756	-1.03324432065756	-1.03324432065756
TRINITY_GG_35788_c0_g1	2.005300901261	1.92526502838451	2.38404399148437	-2.21943399676963	-2.21943399676963	-1.87574192759061
TRINITY_GG_46012_c0_g1	-1.04858218291048	-1.04858218291048	-1.04858218291048	0.671258372153789	0.37902398987142	2.09546418670623
TRINITY_GG_105299_c0_g1	1.09129046517341	1.86265127539959	1.63106419212831	-1.48344184044116	-1.93187200226284	-1.16969208999731
TRINITY_GG_6728_c21_g1	-1.13379426880975	-1.13379426880975	-1.13379426880975	1.95790556532706	0.583416030209845	0.860061210892348
TRINITY_GG_63936_c20_g1	0.439196628319266	1.22708615764814	0.990559139336243	-0.885613975101218	-0.885613975101218	-0.885613975101218
TRINITY_GG_65948_c0_g1	1.83912443432815	1.31737973887008	1.27126506774883	-1.37295401852911	-1.52740761120898	-1.52740761120898
TRINITY_GG_64505_c7_g2	-1.74430193787814	-1.74430193787814	-1.74430193787814	1.81787941859373	1.33976232691034	2.07526406813034
TRINITY_GG_46225_c0_g1	-0.859931894104898	-0.859931894104898	-0.859931894104898	1.15263677939816	0.466605454035054	0.960553448881481
TRINITY_GG_99295_c23_g1	1.51837526389247	0.271592586954174	1.28242346191074	-1.02413043758579	-1.02413043758579	-1.02413043758579
TRINITY_GG_98302_c0_g1	2.57860569896579	1.13450490772819	2.32056289533952	-2.23837525929378	-2.53390398781067	-1.26139425492904
TRINITY_GG_77276_c3_g1	-1.32924286412357	-1.32924286412357	-1.32924286412357	2.27767307770163	0.802346620204565	0.90770889446451
TRINITY_GG_80125_c1_g1	-1.06989069811713	-1.06989069811713	-1.06989069811713	0.64731960090247	2.18334224042091	0.379010253028002
TRINITY_GG_63840_c11_g2	-1.58624166362351	-1.58624166362351	-1.58624166362351	1.5177594466977	1.88103781683647	1.35992772733637
TRINITY_GG_62377_c4_g2	-0.938945536452578	-0.938945536452578	-0.938945536452578	1.53094043982189	0.798308567871752	0.487587601664095
TRINITY_GG_68881_c1_g1	-1.2910881485847	-1.15823004278516	-1.51525758660064	2.29983557749365	1.14239736207869	0.522342838398158
TRINITY_GG_43069_c0_g1	-1.02950153237857	-1.02950153237857	-1.02950153237857	-0.461956084734826	2.16962110963503	1.38083957223551
TRINITY_GG_1397_c0_g1	-0.961489362675913	-0.961489362675913	-0.961489362675913	0.473605788944184	0.638780390833092	1.77208190825046
TRINITY_GG_8333_c0_g2	-0.992757068249715	-0.992757068249715	-0.992757068249715	1.15226817398685	1.50319386869306	0.322809162069233
TRINITY_GG_68348_c2_g1	-0.939059082959932	-0.939059082959932	-0.939059082959932	0.554075839345573	2.07386709148434	0.189234318049886
TRINITY_GG_41461_c0_g1	-0.889053742425983	-0.889053742425983	-0.889053742425983	0.778157170054888	1.13420160987432	0.754802447348742
TRINITY_GG_106559_c0_g1	1.03845774223464	1.88333144816171	0.217416741013882	-0.996731686227657	-1.07123712259129	-1.07123712259129
TRINITY_GG_62780_c0_g1	-0.0702685416035531	2.35951883852027	3.13980360809703	-1.80968463500458	-1.80968463500458	-1.80968463500458
TRINITY_GG_24168_c0_g1	-1.50603193110231	-1.15870988935638	-2.27687483404175	0.612956340775311	2.31607853801663	2.01258177570849
TRINITY_GG_69904_c0_g1	1.63414354775651	1.44646385810162	2.23501930565362	-1.35483470247637	-2.33631095611608	-1.6244810529193
TRINITY_GG_61822_c10_g1	-0.909536087875062	-0.909536087875062	-0.909536087875062	1.01456379776568	0.611011880231515	1.10303258562799
TRINITY_GG_54045_c14_g1	3.86421448319146	0.701749118915913	3.61628280860169	-2.11357596382201	-2.05700588396011	-4.01166456292694
TRINITY_GG_637_c70_g1	-1.0381098946862	-1.0381098946862	-1.0381098946862	1.36297440681881	0.881420881701092	0.869934395538692
TRINITY_GG_52358_c0_g1	-0.932994222749823	-0.932994222749823	-0.932994222749823	1.55962810582462	0.462617025753979	0.776737536670868
TRINITY_GG_6116_c2_g1	1.24684782780831	1.1091794779972	1.08202995946197	-1.14601908842249	-1.14601908842249	-1.14601908842249
TRINITY_GG_3055_c1_g1	-1.26985523207182	-1.26985523207182	-1.26985523207182	2.06571377348493	-0.161498053981401	1.90534997671193
TRINITY_GG_62226_c15_g1	-0.973204811357189	-0.973204811357189	-0.973204811357189	1.77804465347161	1.31485838896813	-0.173288608368175
TRINITY_GG_83396_c0_g1	3.75451635610928	3.47858103802973	1.90716739579609	-2.65326347504756	-3.1180295078542	-3.36897180703333
TRINITY_GG_3463_c4_g4	-1.24697820015372	-1.24697820015372	-1.24697820015372	1.47963507065268	1.47723548660364	0.78406404320485
TRINITY_GG_8747_c5_g1	1.9751316098313	0.645593449967316	1.32736457516026	-1.31602987831963	-1.31602987831963	-1.31602987831963
TRINITY_GG_59189_c6_g1	-1.7747910872459	-2.04382423370114	-2.04382423370114	2.19121347594101	1.40652925021506	2.26469682849212
TRINITY_GG_13612_c0_g2	-0.885343437389093	-0.885343437389093	-0.885343437389093	1.21395176694868	0.503672622299416	0.93840592291918
TRINITY_GG_56484_c1_g1	-1.31922045243065	-1.31922045243065	-1.31922045243065	1.03212518929181	1.81795514881739	1.10758101918274
TRINITY_GG_56202_c0_g1	2.02442050897391	1.65102339910485	-0.19348452137022	-1.16065312890285	-1.16065312890285	-1.16065312890285
TRINITY_GG_56629_c46_g1	-0.940039943730823	-0.940039943730823	-0.940039943730823	0.635272386956613	0.681015559568916	1.50383188466694
TRINITY_GG_103371_c0_g1	-1.80795640178334	-1.92432115847513	-1.79602775746531	1.6614826689901	2.49204571263131	1.37477693610236
TRINITY_GG_54537_c0_g2	-1.05350909478852	-1.05350909478852	-1.05350909478852	1.58641761796028	0.786853423869919	0.787256242535356
TRINITY_GG_67059_c0_g1	-0.917189603562906	-0.917189603562906	-0.917189603562906	0.587684985835558	0.197843639383334	1.96604018546983
TRINITY_GG_61396_c0_g2	-1.08102731884062	-1.08102731884062	-1.08102731884062	0.250677897658275	1.67043640232494	1.32196765653863
TRINITY_GG_7318_c3_g1	-1.15295921757259	-1.15295921757259	-1.15295921757259	1.69263119127526	0.366582687005842	1.39966377443668
TRINITY_GG_35192_c0_g1	1.42333476358443	1.80908129337116	2.45296404779388	-1.89512670158316	-1.89512670158316	-1.89512670158316
TRINITY_GG_22038_c0_g2	2.08854717712074	0.868759682837275	1.89547635796704	-1.14840333990588	-1.79738976891254	-1.90699010910664
TRINITY_GG_39823_c0_g1	-1.08987202142638	-1.08987202142638	-1.08987202142638	2.06231139762867	0.00233541667070947	1.20496924997976
TRINITY_GG_23897_c0_g1	-1.38943557972712	-1.38943557972712	-1.38943557972712	-1.08726277998637	2.22008301068418	3.03548650848356
TRINITY_GG_47032_c2_g2	3.59332558115876	0.751223295691067	2.33746648450421	-2.22733845378468	-2.22733845378468	-2.22733845378468
TRINITY_GG_63269_c15_g2	-1.31463944898845	-1.31463944898845	-1.31463944898845	1.46609058748792	1.61742172235497	0.860406037122461
TRINITY_GG_43216_c0_g1	-1.07351183371045	-1.07351183371045	-1.07351183371045	0.46303846182546	1.97262994793427	0.784867091371621
TRINITY_GG_56400_c67_g1	-1.66449281950891	-1.66449281950891	-1.66449281950891	1.62666866864202	1.99497511757587	1.37183467230885
TRINITY_GG_5190_c8_g2	-1.80779546404367	-1.80779546404367	-1.80779546404367	2.30965024342238	2.44255980771937	0.671176340989269
TRINITY_GG_61368_c39_g1	1.64082334811525	-0.0822321144435039	1.52942026436238	-1.02933716601138	-1.02933716601138	-1.02933716601138
TRINITY_GG_17903_c33_g1	-0.86335212223309	-0.86335212223309	-0.86335212223309	0.959581925795281	0.491664141986459	1.13881029891753
TRINITY_GG_61495_c8_g1	-0.870460233347011	-0.870460233347011	-0.870460233347011	1.17917053437759	0.700973882529498	0.731236283133946
TRINITY_GG_44822_c0_g1	-0.928633699912255	-0.928633699912255	-0.928633699912255	0.703169055011874	0.520795614190944	1.56193643053395
TRINITY_GG_61872_c22_g1	0.67727763717228	0.819678391561614	0.97973033451706	-0.825562121083651	-0.825562121083651	-0.825562121083651
TRINITY_GG_12300_c0_g1	-1.63385380710659	-1.63385380710659	-1.63385380710659	2.45242044285822	1.30499652989947	1.14414444856208
TRINITY_GG_56007_c0_g2	1.79442887749911	2.44111130492667	1.01462934378516	-1.75005650873698	-1.75005650873698	-1.75005650873698
TRINITY_GG_26771_c0_g2	-0.893092312046951	-0.893092312046951	-0.893092312046951	0.974804151945704	0.899346618017687	0.805126166177463
TRINITY_GG_65909_c0_g2	-0.880718373999499	-0.880718373999499	-0.880718373999499	0.82592268330991	1.5315211922639	0.284711246424687
TRINITY_GG_9894_c4_g1	-2.48081754200417	-2.66690703236925	-1.61911913341499	1.72322213669598	2.02719369197062	3.0164278791218
TRINITY_GG_89716_c1_g1	1.56580863948739	0.94606325762943	0.577929202844222	-1.02993369998701	-1.02993369998701	-1.02993369998701
TRINITY_GG_64613_c3_g1	1.38391859481406	0.634524890930362	1.0673324435628	-1.02859197643574	-1.02859197643574	-1.02859197643574
TRINITY_GG_77468_c0_g1	-1.42162011888984	-1.42162011888984	-1.42162011888984	3.97453937018332	1.15514385878329	-0.864822872297094
TRINITY_GG_103878_c0_g2	-1.0414379155885	-1.0414379155885	-1.0414379155885	0.701861612299757	1.89439895809553	0.528053176370217
TRINITY_GG_102849_c0_g1	-0.680209258073514	2.02272380849433	2.48748764247668	-1.2766673976325	-1.2766673976325	-1.2766673976325
TRINITY_GG_71243_c2_g1	-1.21382212344762	-1.21382212344762	-1.21382212344762	1.26850989729975	-0.116211326821203	2.48916779986433
TRINITY_GG_57851_c0_g1	-1.04238496097036	-1.04238496097036	-1.04238496097036	0.693137216326174	1.61365370176175	0.820363964823166
TRINITY_GG_16262_c2_g1	2.11434004662091	0.566490945099139	3.55563961602956	-1.64316966431272	-1.33182356458953	-3.26147737884736
TRINITY_GG_5275_c61_g1	-0.895291773838769	-0.895291773838769	-0.895291773838769	0.723416738475018	0.969835221241926	0.992623361799364
TRINITY_GG_70887_c0_g2	1.37692005037448	1.32163186236692	0.836664013102885	-1.17840530861476	-1.17840530861476	-1.17840530861476
TRINITY_GG_64053_c5_g1	-0.955407238235928	-0.955407238235928	-0.955407238235928	0.206802798078379	1.616269571735	1.0431493448944
TRINITY_GG_57895_c15_g1	-0.975958008011648	-0.975958008011648	-0.975958008011648	1.00844905729897	0.845752207023026	1.07367275971295
TRINITY_GG_99164_c0_g1	-1.23096363850914	-1.23096363850914	-1.23096363850914	1.33219449189367	1.21370342833277	1.14699299530098
TRINITY_GG_57035_c0_g1	1.62446329965546	0.324868391314992	1.21825148059522	-1.05586105718856	-1.05586105718856	-1.05586105718856
TRINITY_GG_16780_c3_g1	-0.94133320215243	-0.94133320215243	-0.94133320215243	0.240087438127712	1.01732390552468	1.5665882628049
TRINITY_GG_5359_c3_g1	-1.36865773822706	-1.36865773822706	-1.36865773822706	2.46423227593768	0.552016672814556	1.08972426592895
TRINITY_GG_39710_c0_g1	0.384546629392495	1.42240921564335	1.28992349252515	-1.03229311252033	-1.03229311252033	-1.03229311252033
TRINITY_GG_102460_c0_g1	-0.969692002091346	-0.969692002091346	-0.969692002091346	0.416015122566588	1.06276153513461	1.43029934857284
TRINITY_GG_54542_c0_g1	-1.1168624502128	-1.00730485732682	-1.18999715484301	1.23035049780989	0.671164210910384	1.41264975366236
TRINITY_GG_16584_c4_g1	0.0143584993167569	0.470629777060726	3.04851872152228	-1.17783566596659	-1.17783566596659	-1.17783566596659
TRINITY_GG_3446_c7_g3	-1.02767778475727	-1.02767778475727	-1.02767778475727	1.23625802381806	0.825519470013089	1.02125586044066
TRINITY_GG_21052_c0_g1	-0.96848224381422	-0.96848224381422	-0.96848224381422	-0.23729900224202	1.452673716848	1.69007201683668
TRINITY_GG_105633_c1_g1	-2.79751198598348	-1.59843222423695	-0.999654761433468	1.97133223759227	0.827209126836633	2.59705760722501
TRINITY_GG_6728_c2_g1	-1.47851470660524	-1.17405387372579	-1.24109975854282	1.50754036900431	1.26405016040032	1.12207780946922
TRINITY_GG_43538_c0_g1	1.0353010543548	1.44763637071051	1.66491943530619	-1.38261895345717	-1.38261895345717	-1.38261895345717
TRINITY_GG_54465_c0_g1	-1.13647257580706	-1.13647257580706	-1.13647257580706	1.29968926350739	1.28198726177393	0.827741202139876
TRINITY_GG_8100_c3_g2	-0.866069693675387	-0.866069693675387	-0.866069693675387	0.207065010954828	1.21526993377655	1.17587413629478
TRINITY_GG_90368_c1_g1	-1.21269357374129	-1.21269357374129	-1.21269357374129	1.0605238993622	1.20360573173859	1.37395109012309
TRINITY_GG_52220_c0_g1	-1.1624422279851	-1.1624422279851	-1.1624422279851	1.95125827117962	1.12562097234021	0.410447440435477
TRINITY_GG_60270_c73_g1	-1.42252778307202	-1.42252778307202	-1.42252778307202	0.365322551119283	2.1405082867494	1.76175251134737
TRINITY_GG_1404_c0_g1	-1.12529239366994	-1.05477561359056	-1.16463489384518	1.66571943651562	2.00651208335332	-0.327528618763257
TRINITY_GG_41642_c0_g1	-1.60696865373605	-1.60696865373605	-1.60696865373605	3.52120099753823	2.84041217513726	-1.54070721146733
TRINITY_GG_42148_c4_g1	2.36980794667347	-0.257360677982103	0.88694710138374	-0.999798123358369	-0.999798123358369	-0.999798123358369
TRINITY_GG_41802_c33_g1	1.22440702425075	1.08745048168861	0.508314919474201	-0.940057475137853	-0.940057475137853	-0.940057475137853
TRINITY_GG_6889_c8_g1	-0.886011011789374	-0.886011011789374	-0.886011011789374	0.782108112897058	1.75761432831034	0.11831059416072
TRINITY_GG_6857_c47_g1	-0.989124920440962	-0.989124920440962	-0.989124920440962	-0.22869104577085	1.46294330978285	1.73312249731089
TRINITY_GG_3723_c0_g1	-0.894733715246801	-0.894733715246801	-0.894733715246801	0.5123470602037	0.791878861568791	1.37997522396791
TRINITY_GG_19363_c0_g1	-1.10123507527748	-1.10123507527748	-1.10123507527748	1.07093237477579	1.50497023766501	0.727802613391652
TRINITY_GG_105918_c0_g1	2.23981778699913	1.2215727542537	1.68648935972593	-1.71595996699292	-1.71595996699292	-1.71595996699292
TRINITY_GG_55738_c25_g1	1.45066314828342	0.987853290723026	1.46388527963999	-1.30080057288214	-1.30080057288214	-1.30080057288214
TRINITY_GG_56549_c39_g1	-0.971546183323684	-0.971546183323684	-0.971546183323684	0.678299168982327	1.49155308402442	0.744786296964304
TRINITY_GG_5831_c4_g1	-0.989174422610746	-0.989174422610746	-0.989174422610746	1.39100088913128	0.860824836855352	0.715697541845607
TRINITY_GG_105633_c11_g1	-1.52821168132087	-1.52821168132087	-1.52821168132087	2.2476816789629	1.38826496311684	0.948688401882874
TRINITY_GG_53871_c78_g1	-0.894573602953688	-0.894573602953688	-0.894573602953688	0.343601815623688	1.62446500664637	0.715653986591005
TRINITY_GG_5304_c16_g1	-1.19534593966983	-1.0936958635754	-1.19534593966983	1.46777092769627	0.296250654740614	1.72036616047819
TRINITY_GG_2489_c0_g2	-0.0484935560275859	1.17975926074428	2.37925063313082	-1.17017211261584	-1.17017211261584	-1.17017211261584
TRINITY_GG_20121_c1_g1	1.70739585115656	1.44608741049972	0.76567029483398	-1.25259589817614	-1.22746120249348	-1.43909645582063
TRINITY_GG_5905_c7_g1	-1.02059684965738	-1.02059684965738	-1.02059684965738	0.350125425490785	1.90160099873898	0.81006412474238
TRINITY_GG_4238_c8_g1	-0.902534586918383	-0.902534586918383	-0.902534586918383	0.714763895922463	0.868928471447268	1.12391139338542
TRINITY_GG_77195_c0_g1	3.34288241903415	2.44082201523332	0.706439800039875	-1.41472425643919	-2.48458457557043	-2.59083540229773
TRINITY_GG_90396_c2_g1	2.01176766445881	0.389987104764606	0.550481071150385	-0.984078613457932	-0.984078613457932	-0.984078613457932
TRINITY_GG_59534_c3_g1	0.913754610271338	0.786603632519317	1.94523758755335	-1.21519861011467	-1.21519861011467	-1.21519861011467
TRINITY_GG_17222_c0_g1	-1.7000287249437	-1.7000287249437	-1.7000287249437	1.44874272159263	1.92967759700186	1.7216658562366
TRINITY_GG_82881_c0_g1	-0.911390276424084	-0.911390276424084	-0.911390276424084	0.922511800245079	0.815005015226368	0.996654013800805
TRINITY_GG_13261_c0_g1	-1.27045964165559	-1.27045964165559	-1.27045964165559	0.847900084297472	1.80044484247799	1.16303399819129
TRINITY_GG_1205_c71_g1	0.871934797465797	1.10040973654842	0.507840073246046	-0.826728202420087	-0.826728202420087	-0.826728202420087
TRINITY_GG_41670_c0_g1	-2.13885849883293	-1.80887384907451	-1.93346598584325	1.93092958085602	2.46444144120221	1.48582731169247
TRINITY_GG_63599_c31_g4	-0.891360545555698	-0.891360545555698	-0.891360545555698	0.354743464328218	1.10972107016975	1.20961710216912
TRINITY_GG_82604_c5_g1	-1.38105943947232	-1.38105943947232	-1.38105943947232	2.70453517555312	2.36868933939218	-0.930046196528344
TRINITY_GG_3822_c2_g2	0.921412488620072	2.29534290296204	2.21776828888245	-1.81150789348819	-1.81150789348819	-1.81150789348819
TRINITY_GG_88477_c1_g1	-1.02002591832275	-1.02002591832275	-1.02002591832275	0.00429376087266697	1.08431074149199	1.97147325260358
TRINITY_GG_98929_c0_g1	0.789595382403741	1.05731179424968	1.06049538150894	-0.969134186054121	-0.969134186054121	-0.969134186054121
TRINITY_GG_71032_c3_g1	-0.884094322637162	-0.884094322637162	-0.884094322637162	0.521898037038675	0.925320121598736	1.20506480927408
TRINITY_GG_19083_c0_g2	-1.00821723727694	-1.00821723727694	-1.00821723727694	-0.0754001345350888	1.62567890864214	1.47437293772377
TRINITY_GG_27840_c0_g1	-1.42153244701603	-1.42153244701603	-1.42153244701603	4.97496958664664	0.20933893599655	-0.919711181595116
TRINITY_GG_62323_c4_g1	0.40683046885658	1.26524149877522	1.52645932954698	-1.06617709905959	-1.06617709905959	-1.06617709905959
TRINITY_GG_102199_c0_g1	5.40492207933871	0.0623284511634823	0.0890849094058781	-1.82822040642052	-1.80599448818555	-1.922120545302
TRINITY_GG_2486_c3_g1	-1.36884128851039	-1.36884128851039	-1.36884128851039	2.4241181506485	-0.213739730384689	1.89614544526737
TRINITY_GG_14740_c0_g1	-2.01475463526716	-1.40594539259163	-1.63624301201343	1.52886497313111	1.81752780043382	1.71055026630729
TRINITY_GG_77111_c5_g1	3.53801785558956	2.03058698065135	1.18009632063685	-1.52540315456445	-2.16988263825325	-3.05341536406006
TRINITY_GG_97700_c0_g1	-2.57475457648444	-2.58025056423929	-2.73511169322672	3.09481762038777	2.21565277006492	2.57964644349775
TRINITY_GG_81953_c0_g2	-0.89903336933262	-0.89903336933262	-0.89903336933262	1.08937865639217	0.149202816320228	1.45851863528546
TRINITY_GG_57874_c2_g1	-0.990916634685664	-0.990916634685664	-0.990916634685664	0.537654684185093	0.841770881753867	1.59332433811803
TRINITY_GG_59913_c1_g1	-0.9040802952472	-0.9040802952472	-0.9040802952472	1.47775678865885	0.148335598903939	1.08614849817881
TRINITY_GG_29065_c1_g2	-1.37781037947614	-1.37781037947614	-1.37781037947614	1.37000664943553	0.927576527001547	1.83584796199134
TRINITY_GG_62529_c1_g2	-1.4060101688863	-1.4060101688863	-1.4060101688863	1.84752534831075	1.36861877848491	1.00188637986323
TRINITY_GG_27930_c0_g2	-1.166731626435	-1.166731626435	-1.166731626435	1.26275043874201	0.589010552910394	1.64843388765258
TRINITY_GG_24234_c8_g1	-0.960258659014058	-0.960258659014058	-0.960258659014058	0.586203699153034	0.677583401310047	1.61698887657909
TRINITY_GG_103418_c8_g1	-0.280735114779908	1.88938047983804	1.48409309606076	-1.03091282037297	-1.03091282037297	-1.03091282037297
TRINITY_GG_76140_c2_g1	3.23113701686025	0.649117524790848	2.89234997875041	-1.65810502232474	-1.08398703276853	-4.03051246530825
TRINITY_GG_56685_c2_g1	-0.845036677109094	-0.845036677109094	-0.845036677109094	0.330647593621903	1.12692065830591	1.07754177939946
TRINITY_GG_32881_c1_g1	-0.817783680374919	-0.817783680374919	-0.817783680374919	0.955790742396389	0.351499980740811	1.14606031798756
TRINITY_GG_3248_c14_g1	-1.05412826625713	-1.05412826625713	-1.05412826625713	0.457845715524673	1.12570122459417	1.57883785865254
TRINITY_GG_105691_c3_g2	-0.87871321293863	-0.87871321293863	-0.87871321293863	1.04994135696155	1.19647710121659	0.389721180637754
TRINITY_GG_42702_c0_g1	1.76741937918636	1.2578172968822	1.55482338207355	-1.52668668604737	-1.52668668604737	-1.52668668604737
TRINITY_GG_57453_c7_g2	-0.984607596412966	-0.984607596412966	-0.984607596412966	1.1423652598448	0.99614892281805	0.815308606576048
TRINITY_GG_7495_c1_g1	2.37702734888918	1.37103511426071	3.60538966013967	-1.67751745105346	-2.30405905552601	-3.37187561671009
TRINITY_GG_52895_c0_g1	-2.19209700565487	-2.19209700565487	-2.19209700565487	2.11991462540497	1.80997537929633	2.64640101226333
TRINITY_GG_8709_c0_g1	1.38332024624857	1.13078047015122	0.761971556282349	-1.09202409089404	-1.09202409089404	-1.09202409089404
TRINITY_GG_55803_c4_g1	2.29296843317174	2.63765672844612	4.7515830136154	-1.69873060883408	-4.05837204863133	-3.92510551776786
TRINITY_GG_88402_c4_g1	-0.930168897593505	-0.930168897593505	-0.930168897593505	0.0318247798267501	1.08953301684904	1.66914889610472
TRINITY_GG_26162_c1_g1	2.7954309758486	1.42394218129024	-0.217569721765872	-1.33393447845766	-1.33393447845766	-1.33393447845766
TRINITY_GG_6611_c14_g1	0.37667640500149	0.815570504783083	1.465023348105	-0.885756752629857	-0.885756752629857	-0.885756752629857
TRINITY_GG_6584_c16_g1	-1.14582095413182	-1.14582095413182	-1.14582095413182	0.904506599426603	1.13305590597029	1.39990035699857
TRINITY_GG_48916_c0_g3	1.27074876153058	1.3040599143935	1.3009545177923	-1.29192106457212	-1.29192106457212	-1.29192106457212
TRINITY_GG_100534_c0_g1	0.452226104357492	1.55152339472199	1.71149392369512	-1.2384144742582	-1.2384144742582	-1.2384144742582
TRINITY_GG_53937_c83_g1	-1.03051178007753	-1.03051178007753	-1.03051178007753	1.10535138529115	1.42023759545997	0.565946359481459
TRINITY_GG_65839_c9_g1	-0.793464140716579	-0.793464140716579	-0.793464140716579	0.587819231787205	1.1329148844833	0.659658305879233
TRINITY_GG_68822_c0_g3	-0.866066750248113	-0.866066750248113	-0.866066750248113	0.834372967892979	0.567426889598767	1.19640039325259
TRINITY_GG_767_c0_g2	-1.33526225908952	-1.71922463247106	-1.27531971863323	1.21992591154596	0.968678349262838	2.14120234938501
TRINITY_GG_64541_c16_g1	-0.950642126742808	-0.950642126742808	-0.950642126742808	1.55753295428987	0.618362800075372	0.676030625863186
TRINITY_GG_54623_c11_g1	-0.954635854438475	-0.954635854438475	-0.954635854438475	0.535934276007726	0.749793497638002	1.5781797896697
TRINITY_GG_93920_c0_g1	-1.24319808326332	-1.24319808326332	-1.24319808326332	1.38860467166081	1.54715693044752	0.793832647681644
TRINITY_GG_15541_c0_g1	-0.798856042968776	-0.798856042968776	-0.798856042968776	0.481506447005003	0.750073726507624	1.1649879553937
TRINITY_GG_88216_c0_g2	2.59528460384859	0.192854110099499	1.64970270578046	-1.57480068813785	-1.38450189651125	-1.47853883507944
TRINITY_GG_2800_c10_g1	-1.86485596903069	-1.42298228477954	-2.15763771825854	2.53579348183326	2.15524523702581	0.754437253209701
TRINITY_GG_28941_c1_g2	0.503738904894738	0.9641115139171	2.24565740876034	-1.23783594252406	-1.23783594252406	-1.23783594252406
TRINITY_GG_35826_c0_g1	-1.37893522955119	-1.37893522955119	-1.37893522955119	1.53352302965599	1.91561200434433	0.687670654653247
TRINITY_GG_53927_c68_g3	-1.09937021825326	-1.1627955983949	-1.18869256750518	0.619251650649206	1.63856460338701	1.19304213011713
TRINITY_GG_37853_c2_g1	1.1435617442099	1.5220490142755	0.467957120568375	-1.04452262635126	-1.04452262635126	-1.04452262635126
TRINITY_GG_53997_c155_g1	0.117331000524011	0.722706856030628	2.35413896890408	-1.06472560848624	-1.06472560848624	-1.06472560848624
TRINITY_GG_26230_c0_g1	-0.872347255351566	-0.872347255351566	-0.872347255351566	1.36154080482271	0.757125941435383	0.498375019796602
TRINITY_GG_4392_c14_g3	-1.49130479748442	-1.49130479748442	-1.49130479748442	0.894402327173517	1.36428631022603	2.2152257550537
TRINITY_GG_11682_c0_g1	-0.88768136748122	-0.88768136748122	-0.88768136748122	1.10327349291577	0.0168990674400972	1.54287154208779
TRINITY_GG_64129_c1_g1	-0.867531044916136	-0.867531044916136	-0.867531044916136	1.54876826056374	0.495359597749724	0.558465276434943
TRINITY_GG_71984_c0_g1	1.80346975469365	1.1559465128837	-0.0295252782184313	-0.976630329786306	-0.976630329786306	-0.976630329786306
TRINITY_GG_8928_c3_g1	1.27293647042552	0.940319885554413	1.08846127929753	-1.10057254509249	-1.10057254509249	-1.10057254509249
TRINITY_GG_41063_c0_g1	-1.3621728779302	-1.3621728779302	-1.3621728779302	1.16339491097115	1.14320997113211	1.77991375168733
TRINITY_GG_275_c2_g1	2.08019619923196	0.28981500273972	2.15135446731894	-1.72325506570664	-1.47592385285019	-1.32218675073379
TRINITY_GG_55274_c108_g1	-1.03583631558639	-1.03583631558639	-1.03583631558639	1.04550331186555	1.01309732961153	1.04890830528208
TRINITY_GG_60089_c16_g1	-0.882389871503084	-0.882389871503084	-0.882389871503084	0.697755612920297	0.990635829543389	0.958778172045566
TRINITY_GG_49807_c0_g1	-1.23444249103573	-1.23444249103573	-1.23444249103573	1.85183175892908	1.09898124268946	0.752514471488666
TRINITY_GG_12263_c0_g1	2.54058612204875	1.26690134878851	0.683955045356033	-1.49714750539776	-1.49714750539776	-1.49714750539776
TRINITY_GG_8527_c0_g1	0.75204774981826	0.707886995184118	1.43028438689	-0.963406377297458	-0.963406377297458	-0.963406377297458
TRINITY_GG_2217_c109_g1	1.150495898279	0.670364952653847	1.4044017405007	-1.07508753047785	-1.07508753047785	-1.07508753047785
TRINITY_GG_45311_c0_g1	-0.801225850708228	-0.801225850708228	-0.801225850708228	0.648203463394972	0.742764868956622	1.01270921977309
TRINITY_GG_54787_c70_g1	-0.903194459876508	-0.903194459876508	-0.903194459876508	1.39164681152963	0.758555139934197	0.559381428165696
TRINITY_GG_62587_c0_g2	0.589114233769379	1.47070451482768	1.15261222530194	-1.070810324633	-1.070810324633	-1.070810324633
TRINITY_GG_53936_c198_g2	0.746644760416464	0.812574234351813	1.09904730183394	-0.886088765534072	-0.886088765534072	-0.886088765534072
TRINITY_GG_79588_c0_g1	-1.22984506574248	-1.22984506574248	-1.22984506574248	0.745785120538345	0.986144088404242	1.95760598828485
TRINITY_GG_3790_c72_g1	0.943023722574658	1.20131847991556	1.15031557648145	-1.09821925965722	-1.09821925965722	-1.09821925965722
TRINITY_GG_2918_c18_g2	1.33609970835684	1.17724154017253	0.807588080488111	-1.10697644300583	-1.10697644300583	-1.10697644300583
TRINITY_GG_74111_c0_g1	0.881584970160313	0.847468625228243	0.730173266369328	-0.819742287252628	-0.819742287252628	-0.819742287252628
TRINITY_GG_58977_c4_g1	0.894725271530169	1.68397185957026	0.892287403651044	-1.15699484491716	-1.15699484491716	-1.15699484491716
TRINITY_GG_59389_c21_g1	2.01368095980107	0.650876596220711	1.84130986938435	-1.50195580846871	-1.50195580846871	-1.50195580846871
TRINITY_GG_50545_c0_g1	-1.1318325594068	-1.1318325594068	-1.1318325594068	1.89106784270327	0.217532718187409	1.28689711732973
TRINITY_GG_14481_c3_g1	0.421887418218522	0.999555670619468	1.73191736025497	-1.05112014969765	-1.05112014969765	-1.05112014969765
TRINITY_GG_4014_c54_g1	-0.906030224892292	-0.906030224892292	-0.906030224892292	0.329696834945766	0.756631030582801	1.63176280914831
TRINITY_GG_2099_c39_g2	-0.788853498823164	-0.788853498823164	-0.788853498823164	0.709907966848689	1.12762314561455	0.52902938400625
TRINITY_GG_75579_c0_g1	-1.35017049004345	-1.35017049004345	-1.35017049004345	1.18139811877151	0.813972158804854	2.05514119255399
TRINITY_GG_66140_c0_g1	-0.887832915565055	-0.887832915565055	-0.887832915565055	0.414339884175697	1.2060652470205	1.04309361549897
TRINITY_GG_9120_c0_g1	-1.17230315929324	2.61483299564286	2.80164005616745	-1.43533756512703	-1.36398095926384	-1.44485136812621
TRINITY_GG_2742_c5_g1	-0.895998099368833	-0.895998099368833	-0.895998099368833	1.86443577530128	0.589943884043586	0.233614638761636
TRINITY_GG_18232_c1_g1	-0.868001263030559	-0.868001263030559	-0.868001263030559	0.771693970369023	0.979594839232082	0.852714979490572
TRINITY_GG_89760_c0_g1	-1.16511755635316	-1.16511755635316	-1.16511755635316	0.189898707866392	1.80996229803433	1.49549166315875
TRINITY_GG_77884_c5_g1	1.38605414282243	0.512599833297248	0.886403118077485	-0.928352364732388	-0.928352364732388	-0.928352364732388
TRINITY_GG_34866_c0_g1	-1.45085713286319	-1.45085713286319	-1.45085713286319	0.69775163734203	1.27532014669151	2.37949961455603
TRINITY_GG_55630_c67_g1	-1.06367415221329	-1.06367415221329	-1.06367415221329	0.728348235321851	1.81838191875534	0.644292302562685
TRINITY_GG_63779_c7_g1	-0.890457966389484	-0.890457966389484	-0.890457966389484	0.752474602969002	0.988463513360367	0.930435782839082
TRINITY_GG_1402_c0_g1	-1.28059011516163	-1.28059011516163	-1.28059011516163	2.1199478144221	1.10207713758342	0.619745393479357
TRINITY_GG_105850_c6_g4	-1.25139736396908	-1.25139736396908	-1.25139736396908	1.33188100993926	1.4701940348063	0.952117047161678
TRINITY_GG_103159_c0_g1	1.16041221172349	2.07971851831264	1.49601999322288	-1.76000947920658	-1.44151591983047	-1.53462532422195
TRINITY_GG_49647_c0_g1	-1.55805897339138	-1.55805897339138	-1.55805897339138	2.25659398338775	0.560965129750891	1.8566178070355
TRINITY_GG_54330_c140_g1	0.663072737302116	1.43020261208143	2.15213175319674	-1.44361058627766	-1.35818593002498	-1.44361058627766
TRINITY_GG_48316_c0_g3	1.98988924256025	2.36596250499087	0.739357358267167	-1.69840303527276	-1.69840303527276	-1.69840303527276
TRINITY_GG_32775_c0_g1	1.87944265237768	1.34565597025607	0.797098873140907	-1.34073249859155	-1.34073249859155	-1.34073249859155
TRINITY_GG_97540_c1_g1	-1.39716371588535	-1.39716371588535	-1.39716371588535	2.31576216295939	1.14558959479988	0.73013938989678
TRINITY_GG_43778_c0_g1	-0.21126796222721	1.29384927552028	2.42830723021964	-1.1702961811709	-1.1702961811709	-1.1702961811709
TRINITY_GG_7805_c6_g1	-1.21066411919973	-1.21066411919973	-1.21066411919973	1.00097113412742	1.19967698541436	1.4313442380574
TRINITY_GG_63831_c34_g2	0.58926596631772	0.954805813136649	1.06642517750436	-0.870165652319577	-0.870165652319577	-0.870165652319577
TRINITY_GG_88630_c0_g1	0.203463840867199	0.936755890293827	2.10648312411175	-1.08223428509093	-1.08223428509093	-1.08223428509093
TRINITY_GG_50668_c0_g1	-0.836219468277143	-0.836219468277143	-0.836219468277143	0.477026383510419	0.706286233201119	1.32534578811989
TRINITY_GG_9568_c4_g1	-0.983643991650153	-0.983643991650153	-0.983643991650153	-0.0105838188460693	2.44690891791886	0.514606875877672
TRINITY_GG_36247_c0_g2	-1.21877108367506	-1.21877108367506	-1.21877108367506	1.15918555013505	1.93811088029165	0.559016820598485
TRINITY_GG_14576_c0_g1	1.01567522087042	2.04437427830024	1.05004621219186	-1.37003190378751	-1.37003190378751	-1.37003190378751
TRINITY_GG_7233_c4_g1	-0.917056404377612	-0.917056404377612	-0.917056404377612	1.58374564867955	0.730027808251341	0.43739575620195
TRINITY_GG_80231_c0_g1	1.21839069823256	0.497049691883306	0.738369990639767	-0.81793679358521	-0.81793679358521	-0.81793679358521
TRINITY_GG_6818_c39_g1	-1.29349272463325	-1.29349272463325	-1.29349272463325	1.6757038233585	1.13706018493576	1.06771416560548
TRINITY_GG_98618_c0_g1	-0.82898560301929	-0.82898560301929	-0.82898560301929	0.828197057109133	1.13781398160791	0.520945770340824
TRINITY_GG_100509_c2_g1	2.44719845424487	3.67175841871326	-0.0551932765983447	-2.02125453211993	-2.02125453211993	-2.02125453211993
TRINITY_GG_52910_c0_g2	-0.899810980498449	-0.899810980498449	-0.899810980498449	0.859344853301823	0.70568335335406	1.13440473483946
TRINITY_GG_26275_c2_g1	-0.139418049984706	0.8737513252661	3.05889018460872	-1.26440781996337	-1.26440781996337	-1.26440781996337
TRINITY_GG_74507_c0_g1	2.4086401138635	0.511915822810277	1.49910479699942	-1.47322024455773	-1.47322024455773	-1.47322024455773
TRINITY_GG_54137_c245_g1	-0.810408009674417	-0.810408009674417	-0.810408009674417	0.831600347582706	0.804537357262454	0.795086324178092
TRINITY_GG_83500_c0_g1	1.02572244868334	1.69023174862199	1.58831986676469	-1.43475802135667	-1.43475802135667	-1.43475802135667
TRINITY_GG_19257_c0_g1	0.334214020332371	1.38083225501704	1.37266603486862	-1.02923743673934	-1.02923743673934	-1.02923743673934
TRINITY_GG_104035_c0_g1	-1.9037503937289	-1.65565122964272	-2.10777804765678	3.05013024765123	-1.72215527745203	4.33920470082919
TRINITY_GG_195_c23_g2	-1.06372668495291	-1.06372668495291	-1.06372668495291	0.134767468686172	0.79345812083829	2.26295446533427
TRINITY_GG_74502_c0_g1	-0.877496019705269	-0.877496019705269	-0.877496019705269	0.369216080826592	1.2231452962682	1.04012668202101
TRINITY_GG_4901_c18_g1	-1.77255750683381	-1.59368354866401	-1.77255750683381	2.49407913568018	2.16995699850543	0.474762428146012
TRINITY_GG_3475_c0_g1	1.53362662001937	2.20750570256254	2.57117657583888	-2.70789516830626	-2.09068082891237	-1.51373290120217
TRINITY_GG_4571_c0_g1	-1.00764809728258	-1.00764809728258	-1.00764809728258	0.162276904159728	1.57995692277695	1.28071046491108
TRINITY_GG_50210_c0_g1	-0.851088269994668	-0.851088269994668	-0.851088269994668	1.13295415610236	0.296869611392434	1.12344104248921
TRINITY_GG_28701_c0_g1	-1.09955137633788	-1.09955137633788	-1.09955137633788	1.10145508971821	0.442954325140383	1.75424471415504
TRINITY_GG_432_c0_g2	-1.53719551644869	-1.53719551644869	-1.53719551644869	1.58166252107719	1.28349404411053	1.74642998415835
TRINITY_GG_13142_c0_g1	-0.925814739912602	-0.925814739912602	-0.925814739912602	0.873272566161402	0.872443192731899	1.0317284608445
TRINITY_GG_55850_c0_g3	-0.823206530485901	-0.823206530485901	-0.823206530485901	1.29515319546716	0.841276309878782	0.333190086111764
TRINITY_GG_18869_c0_g1	1.24650807129612	1.51327278312774	2.02391331607906	-1.7030268617209	-1.7030268617209	-1.37764044706112
TRINITY_GG_2276_c35_g3	-1.24637148790266	-1.24637148790266	-1.24637148790266	1.50444936877062	1.53917906383659	0.695486031100778
TRINITY_GG_81837_c0_g1	-1.3443908410668	-1.3443908410668	-1.3443908410668	0.497984647139488	1.87346025574433	1.66172762031658
TRINITY_GG_99821_c0_g1	2.03460903478624	3.01881779621576	0.239075105366014	-1.76416731212267	-1.76416731212267	-1.76416731212267
TRINITY_GG_33798_c0_g1	-1.1387621237794	-1.1387621237794	-1.1387621237794	1.24611657993077	1.6761983892363	0.493971402171134
TRINITY_GG_72036_c4_g2	-1.26476669684631	-2.24894617936391	-1.26690969252654	2.44584989645271	0.610286322398162	1.72448634988589
TRINITY_GG_62636_c2_g1	0.679795166059971	1.14025764936484	0.59374957390327	-0.804600796442695	-0.804600796442695	-0.804600796442695
TRINITY_GG_20092_c41_g1	-1.09099998325361	-1.09099998325361	-1.09099998325361	0.741687533185919	1.32394734476729	1.20736507180763
TRINITY_GG_41314_c0_g1	-0.783801507279839	-0.783801507279839	-0.783801507279839	0.650760004592769	0.676678962760172	1.02396555448658
TRINITY_GG_32321_c0_g1	2.72866789415601	1.92851836033922	0.518794446917055	-2.14698654438283	-1.91790531304609	-1.11108884398337
TRINITY_GG_1407_c46_g1	-0.896968222271171	-0.896968222271171	-0.896968222271171	1.0354709642823	1.44672384690785	0.208709855623366
TRINITY_GG_10626_c1_g2	-1.77951854729974	-1.77951854729974	-1.77951854729974	2.48283943668488	1.86144936315016	0.994266842064166
TRINITY_GG_56049_c5_g1	-0.841795048025805	-0.841795048025805	-0.841795048025805	1.48962354980901	0.26119894529752	0.774562648970885
TRINITY_GG_81424_c1_g1	-1.10132005367232	-1.10132005367232	-1.10132005367232	1.65335370005889	2.25214439448309	-0.601537933525011
TRINITY_GG_34620_c0_g1	1.95043471348549	1.81478705336365	1.8539072539027	-1.9364520723438	-2.66203807288894	-1.0206388755191
TRINITY_GG_104992_c2_g1	-2.17838460479103	-2.17838460479103	-2.17838460479103	1.28484547772159	2.53465129007091	2.71565704658057
TRINITY_GG_57730_c25_g1	2.04960581813926	-0.177445712202773	1.97003067785533	-1.11012812792935	-1.3747008616582	-1.35736179420426
TRINITY_GG_76770_c11_g1	-0.906856670450716	-0.906856670450716	-0.906856670450716	0.916485091312427	0.919335865785886	0.884749054253836
TRINITY_GG_90153_c0_g1	0.228157443391226	1.22344941667127	1.47258431017426	-0.974730390078917	-0.974730390078917	-0.974730390078917
TRINITY_GG_79179_c2_g1	-1.02415421146344	-1.02415421146344	-1.02415421146344	1.47588295951824	1.11891262091462	0.477667053957467
TRINITY_GG_56707_c32_g1	-0.917144506989507	-0.917144506989507	-0.917144506989507	0.943222423148613	1.47682076867074	0.331390329149172
TRINITY_GG_62529_c0_g3	-1.25696034940613	-1.25696034940613	-1.25696034940613	1.37554054007839	0.883163874502944	1.51217663363705
TRINITY_GG_87063_c0_g1	1.71922451338775	1.35580330215356	0.835403127889624	-1.29630760218297	-1.32980703960808	-1.28431630163989
TRINITY_GG_36417_c0_g1	-0.9732907847093	-0.9732907847093	-0.9732907847093	1.22331625938552	0.576624768912656	1.11993132582972
TRINITY_GG_83823_c4_g1	-1.53518058262623	-1.53518058262623	-1.53518058262623	2.10439889716949	1.29993503263198	1.20120781807723
TRINITY_GG_4235_c7_g3	-1.17808494186823	-1.17808494186823	-1.17808494186823	2.14008726113479	0.436389340969466	0.957778223500445
TRINITY_GG_6783_c76_g1	-0.848481356055316	-0.848481356055316	-0.848481356055316	0.487230554265145	0.580732873784268	1.47748064011654
TRINITY_GG_17139_c0_g1	0.149366425200548	1.49070042376151	2.57780995240404	-1.4059589337887	-1.4059589337887	-1.4059589337887
TRINITY_GG_94016_c0_g1	-1.29996778676204	-1.29996778676204	-1.29996778676204	0.824360348240157	1.3248349784909	1.75070803355508
TRINITY_GG_17720_c25_g1	-0.971386616966738	-0.971386616966738	-0.971386616966738	0.716569877077743	1.28652917435748	0.911060799464992
TRINITY_GG_101937_c0_g1	-1.48172980588462	-2.27666546868816	-1.75159887660995	2.44945730269459	2.14469249823435	0.915844350253789
TRINITY_GG_59106_c27_g1	2.74803678601524	0.578178162683356	1.75532013043448	-1.69384502637769	-1.69384502637769	-1.69384502637769
TRINITY_GG_99445_c39_g1	-1.29303329629536	-1.29303329629536	-1.29303329629536	0.929462171006696	1.42198145361553	1.52765626426385
TRINITY_GG_2544_c27_g2	-0.837938431707826	-0.837938431707826	-0.837938431707826	1.07815599123053	1.19909229923714	0.236567004655804
TRINITY_GG_101733_c0_g2	1.00598721911552	0.146630450396019	1.45911884939708	-0.870578839636204	-0.870578839636204	-0.870578839636204
TRINITY_GG_59533_c0_g1	-0.839941822859043	-0.839941822859043	-0.839941822859043	1.29788954887342	0.391490585588922	0.830445334114791
TRINITY_GG_62637_c3_g3	-0.869728259511215	-0.869728259511215	-0.869728259511215	1.03215230420744	0.80382816447893	0.773204309847272
TRINITY_GG_24216_c0_g1	-0.925679392957051	-0.925679392957051	-0.925679392957051	0.642352711814227	1.30206168288208	0.83262378417485
TRINITY_GG_61822_c0_g1	-1.71428032814201	-1.78191904501737	-1.78191904501737	2.48576655784262	0.941421075233799	1.85093078510033
TRINITY_GG_87818_c0_g2	0.75465991295771	1.29043239022017	0.950457839915357	-0.998516714364413	-0.998516714364413	-0.998516714364413
TRINITY_GG_64519_c19_g1	-1.75689878300078	-1.1211154982818	-1.1211154982818	0.899775450307062	2.38987702579709	0.70947730346023
TRINITY_GG_62529_c0_g2	-1.36476140501425	-1.36476140501425	-1.36476140501425	1.24711916208851	0.917085186562359	1.93007986639189
TRINITY_GG_9707_c18_g1	2.44781657337432	0.788588436084469	0.542027091626838	-1.19362874753258	-1.2510503821114	-1.33375297144165
TRINITY_GG_29755_c3_g1	-0.894593364466254	-0.894593364466254	-0.894593364466254	0.732546506499297	0.882352827390833	1.06888075950863
TRINITY_GG_20139_c0_g1	1.40191670278799	-0.0809356920905506	1.66092506543063	-0.993968692042692	-0.993968692042692	-0.993968692042692
TRINITY_GG_11088_c0_g1	-1.31738678660207	-1.18812511619427	-1.60924737793409	0.184717963845634	2.07090478957015	1.85913652731464
TRINITY_GG_17157_c0_g1	0.434698154200577	1.02349178967928	2.35201837653464	-1.1915406220991	-1.24189482198615	-1.37677287632926
TRINITY_GG_47283_c0_g1	0.787617374830281	1.6921978097516	1.0199216220879	-1.16657893555659	-1.16657893555659	-1.16657893555659
TRINITY_GG_4893_c21_g1	0.970224697237812	1.45531409134819	0.952572678875775	-1.12603715582059	-1.12603715582059	-1.12603715582059
TRINITY_GG_52894_c0_g1	-1.65686636353473	-1.65686636353473	-1.65686636353473	1.61739529772232	1.27216711511113	2.08103667777073
TRINITY_GG_4124_c6_g1	2.60121579306897	0.324908934748854	2.31727136154955	-1.51116827675004	-1.97731011697689	-1.75491769564044
TRINITY_GG_58011_c10_g1	-1.05443970347988	-1.05443970347988	-1.05443970347988	0.633516790564605	0.84936985509882	1.6804324647762
TRINITY_GG_16995_c0_g1	-0.861292980596947	-0.861292980596947	-0.861292980596947	1.03168083467639	0.989106416173307	0.563091690941149
TRINITY_GG_106276_c1_g1	1.24519441796253	1.54578707100124	1.36954176909888	-1.38684108602089	-1.38684108602089	-1.38684108602089
TRINITY_GG_43517_c0_g1	-1.46476554826156	-1.46476554826156	-1.46476554826156	1.42431855033659	2.66920889634668	0.300769198101415
TRINITY_GG_30241_c0_g1	-1.05750670270286	-1.05750670270286	-1.05750670270286	0.972829375668096	-0.062564992525892	2.26225572496639
TRINITY_GG_55559_c61_g1	-0.963014518825083	-0.963014518825083	-0.963014518825083	0.0984160816726648	1.0192033274905	1.77142414731208
TRINITY_GG_29503_c0_g1	-0.917666786557311	-0.917666786557311	-0.917666786557311	1.85147019648586	0.247762833866874	0.653767329319198
TRINITY_GG_66985_c0_g1	-0.993406828594657	-0.993406828594657	-0.993406828594657	0.15063954102205	0.876069805370745	1.95351113939118
TRINITY_GG_195_c9_g1	-1.61189523609695	-1.61189523609695	-1.38169222273052	1.7707720166481	1.26486725468461	1.56984342359171
TRINITY_GG_41010_c0_g1	1.07647453393365	1.553640613069	0.955634641728107	-1.19524992957692	-1.19524992957692	-1.19524992957692
TRINITY_GG_50210_c1_g1	-0.812131057410835	-0.812131057410835	-0.812131057410835	1.05734557655457	0.948728579411072	0.430319016266867
TRINITY_GG_769_c18_g1	0.405399520450104	1.03622613603018	1.28539530483386	-0.909006987104716	-0.909006987104716	-0.909006987104716
TRINITY_GG_5843_c59_g1	-0.891359784504885	-0.891359784504885	-0.891359784504885	1.31590838860714	0.378870122733113	0.979300842174397
TRINITY_GG_21167_c3_g1	1.93778858290244	2.9100019583968	0.53532563145015	-1.79437205758313	-1.79437205758313	-1.79437205758313
TRINITY_GG_75615_c1_g1	-0.897986824379148	-0.897986824379148	-0.897986824379148	0.135524277982175	1.83536751623468	0.723068678920591
TRINITY_GG_92376_c2_g1	1.7824421709379	2.50493607653724	1.31207191807053	-1.86648338851522	-1.86648338851522	-1.86648338851522
TRINITY_GG_11093_c0_g1	-1.14241167256323	-2.07564266035053	-1.48619920141433	0.825159145653417	2.25529351592381	1.62380087275085
TRINITY_GG_104426_c0_g2	-1.47025843079822	-1.47025843079822	-1.47025843079822	2.2030718477191	0.901857887400618	1.30584555727494
TRINITY_GG_7089_c7_g1	1.52357352888182	2.45340377256696	1.53699985384637	-2.15301430473126	-1.84155320889496	-1.51940964166893
TRINITY_GG_59189_c1_g1	-1.2091500577008	-0.995564407801294	-1.86095145123031	1.30919783237971	1.27630736129168	1.48016072306102
TRINITY_GG_55201_c2_g2	-1.11149560411608	-1.11149560411608	-1.11149560411608	1.3994663151613	-0.105018040044879	2.04003853723183
TRINITY_GG_23352_c6_g1	-1.04805330236045	-1.04805330236045	-1.04805330236045	1.40822717915028	0.734355262566923	1.00157746536415
TRINITY_GG_46185_c0_g1	0.710703880372899	0.389262442613069	1.47055837882657	-0.856841567270848	-0.856841567270848	-0.856841567270848
TRINITY_GG_342_c89_g1	0.872629015596661	0.82463193572861	0.812723909054819	-0.836661620126697	-0.836661620126697	-0.836661620126697
TRINITY_GG_21985_c0_g2	2.22956349525118	0.566739102933457	0.591461532344688	-1.12925471017644	-1.12925471017644	-1.12925471017644
TRINITY_GG_21058_c0_g1	-1.2916698751379	-1.23808320434332	-1.39821090919315	0.411386996421893	1.77597554686473	1.74060144538775
TRINITY_GG_9346_c0_g1	-0.924209884321232	-0.924209884321232	-0.924209884321232	1.22439888588399	1.04590751328427	0.502323253795441
TRINITY_GG_55630_c28_g1	-0.814834294722638	-0.814834294722638	-0.814834294722638	1.24452098289378	0.523732742278513	0.676249158995618
TRINITY_GG_5643_c44_g1	-1.35030746401426	-1.35030746401426	-1.35030746401426	1.8997445612861	0.570747957208068	1.58042987354862
TRINITY_GG_43778_c0_g2	-0.529419151025572	2.04572730259637	2.77643266664864	-1.43091360607315	-1.43091360607315	-1.43091360607315
TRINITY_GG_21167_c2_g1	1.66966644577115	2.76095751934077	2.28393291311253	-2.23818562607482	-2.23818562607482	-2.23818562607482
TRINITY_GG_89507_c0_g2	-0.781940160304415	-0.781940160304415	-0.781940160304415	0.897483637808181	0.779263760465505	0.669073082639558
TRINITY_GG_13129_c0_g2	1.28578512563786	1.11550536602598	0.731010036798348	-1.01194271905217	-1.06017890470501	-1.06017890470501
TRINITY_GG_55862_c58_g2	0.907466424360059	1.5029245128871	1.21730211927572	-1.20923101884096	-1.20923101884096	-1.20923101884096
TRINITY_GG_58198_c0_g1	1.29717760197507	1.03762169214418	2.12342522021798	-0.80665038064352	-1.55167974430131	-2.09989438939241
TRINITY_GG_55711_c21_g1	-0.931929715916603	-0.931929715916603	-0.931929715916603	1.08955001149385	1.48760917559718	0.218629960658778
TRINITY_GG_62792_c9_g1	0.764754456824407	0.338990550952505	1.56804710758753	-0.890597371788147	-0.890597371788147	-0.890597371788147
TRINITY_GG_65980_c0_g1	0.63049292312229	0.810471589228525	1.82050374280226	-1.08715608505103	-1.08715608505103	-1.08715608505103
TRINITY_GG_61538_c8_g1	0.41522260149891	1.91065155487552	1.39726064351171	-1.24104493329538	-1.24104493329538	-1.24104493329538
TRINITY_GG_55735_c6_g3	1.17347965967106	1.50552963014129	2.66593207495857	-1.78164712159031	-1.78164712159031	-1.78164712159031
TRINITY_GG_49372_c2_g1	1.00246922263019	0.0971427027091913	2.28478475614176	-1.12813222716038	-1.12813222716038	-1.12813222716038
TRINITY_GG_46030_c0_g1	-1.11847427588787	-1.11847427588787	-1.11847427588787	0.545553383832281	1.39602676038642	1.4138426834449
TRINITY_GG_59853_c15_g1	1.20032138761727	1.78923119843378	1.66699259788717	-2.36641793141149	-0.875109556644223	-1.41501769588251
TRINITY_GG_14751_c2_g2	-1.21052694878266	-1.21052694878266	-1.21052694878266	1.50558599334149	1.42963120618062	0.696363646825861
TRINITY_GG_78812_c1_g2	-0.361303881700097	0.229602556840674	3.89453441577972	-1.25427769697343	-1.25427769697343	-1.25427769697343
TRINITY_GG_69871_c0_g1	-1.18808289053203	-1.18808289053203	-1.18808289053203	3.09064532240691	1.03688347446825	-0.563280125279079
TRINITY_GG_835_c64_g1	-1.50275986580217	-1.29861914902194	-1.50275986580217	1.61941585753877	1.29839879029153	1.38632423279598
TRINITY_GG_48615_c1_g1	-1.03382891222	-1.03382891222	-1.03382891222	0.56786760426096	1.8984212791094	0.635197853289633
TRINITY_GG_74638_c2_g2	-1.0619789181567	-1.0619789181567	-1.0619789181567	1.37711225219642	1.80868170852258	0.000142793751097381
TRINITY_GG_17984_c0_g1	-1.03042788084621	-1.03042788084621	-1.03042788084621	0.333023576225507	0.6766551109255	2.08160495538761
TRINITY_GG_1594_c85_g1	-0.811629990520522	-0.811629990520522	-0.811629990520522	0.902065824322837	0.809894453150936	0.722929694087794
TRINITY_GG_50898_c0_g4	-1.57102958376324	-1.63377016015532	-1.24936184831489	1.88775104815583	0.893835179480123	1.67257536459749
TRINITY_GG_55679_c55_g1	-1.06043782924169	-1.06043782924169	-1.06043782924169	0.556390337363243	1.45885244979484	1.16607070056699
TRINITY_GG_78874_c5_g1	-1.05487368720785	-1.05487368720785	-1.05487368720785	0.630393719308991	0.638445991603724	1.89578135071084
TRINITY_GG_32174_c0_g1	-1.00007636730285	-1.00007636730285	-1.00007636730285	1.19432592463573	0.0425679701056478	1.76333520716716
TRINITY_GG_59466_c0_g2	2.08565692797652	-0.902602765899605	2.32466406316387	-1.16923940841359	-1.16923940841359	-1.16923940841359
TRINITY_GG_47313_c3_g1	-1.01755061500232	-1.01755061500232	-1.01755061500232	2.4322748443711	0.622144618397259	-0.001767617761395
TRINITY_GG_64570_c34_g2	-0.985830387351879	-0.985830387351879	-0.985830387351879	1.00112657517252	0.833837796144576	1.12252679073854
TRINITY_GG_87786_c0_g1	-1.67083072807198	-1.67083072807198	-1.67083072807198	1.72601376886784	1.30424912631551	1.98222928903259
TRINITY_GG_59936_c0_g1	-1.67182027333028	-1.67182027333028	-1.67182027333028	1.74014823702985	1.33501630406638	1.9402962788946
TRINITY_GG_69887_c0_g1	-1.38801808626014	-1.38801808626014	-1.38801808626014	2.21664632890356	1.85412707458944	0.0932808552874236
TRINITY_GG_86208_c0_g1	0.38570239354237	1.45302368720006	1.0267079697817	-0.955144683508043	-0.955144683508043	-0.955144683508043
TRINITY_GG_98583_c0_g1	1.73710494196056	0.929321912196266	2.0577222541155	-1.03147025872247	-2.07472345667635	-1.6179553928735
TRINITY_GG_5144_c0_g1	-0.80393103540545	-0.80393103540545	-0.80393103540545	0.909764779437909	0.414540175337812	1.08748815144063
TRINITY_GG_77994_c1_g1	-1.13022216468974	-1.13022216468974	-1.13022216468974	-0.118011080738861	0.399348942884159	3.10932863192391
TRINITY_GG_62491_c0_g1	-1.39482972135895	-1.39482972135895	-1.39482972135895	0.956233177581435	2.00884702476258	1.21940896173284
TRINITY_GG_106226_c10_g1	-0.793278428170181	-0.793278428170181	-0.793278428170181	0.729279564700256	0.594635496215766	1.05592022359452
TRINITY_GG_191_c5_g1	-0.941529650359693	-1.4849583432066	-1.28618505255821	1.11289282566537	1.22357884263309	1.37620137782605
TRINITY_GG_98130_c0_g1	-2.11054180986361	-2.11054180986361	-2.11054180986361	1.01610072125455	2.65175384728308	2.66377086105321
TRINITY_GG_63578_c70_g1	0.650225411177032	0.597794664220808	1.43030632327834	-0.892775466225393	-0.892775466225393	-0.892775466225393
TRINITY_GG_56661_c4_g1	1.32819683576472	0.322675992203707	1.94274309974019	-1.19787197590287	-1.19787197590287	-1.19787197590287
TRINITY_GG_54339_c58_g1	-1.13079060335221	-1.13079060335221	-1.13079060335221	0.976562495096083	0.511679933963609	1.90412938099695
TRINITY_GG_4520_c4_g1	-0.985036784708191	-0.985036784708191	-0.985036784708191	1.44364162524004	0.606642632227546	0.904826096656988
TRINITY_GG_28526_c0_g1	-0.839159874705327	-0.839159874705327	-0.839159874705327	0.769649367970197	0.705325511530764	1.04250474461502
TRINITY_GG_103573_c15_g1	-1.26629985802898	-1.26629985802898	-1.26629985802898	1.64366520872899	1.06454533159444	1.0906890337635
TRINITY_GG_50246_c0_g1	3.62098931832272	-0.364586485929612	3.41129961077844	-2.22256748105718	-2.22256748105718	-2.22256748105718
TRINITY_GG_81756_c0_g1	-1.77266138665425	-1.85402518741678	-1.16120669693495	1.80228586769004	1.84283308522865	1.14277431808728
TRINITY_GG_39014_c0_g1	-1.00968310100575	-1.00968310100575	-1.00968310100575	1.56272154638458	0.411472859656473	1.0548548969762
TRINITY_GG_54832_c42_g1	0.737145076896929	1.46711092398482	0.970362863927141	-1.05820628826963	-1.05820628826963	-1.05820628826963
TRINITY_GG_57889_c0_g1	0.51024684417735	0.9240775721262	1.31936222409939	-0.91789554680098	-0.91789554680098	-0.91789554680098
TRINITY_GG_87658_c0_g1	0.290168983747137	1.15812569936505	1.85650152551439	-1.10159873620886	-1.10159873620886	-1.10159873620886
TRINITY_GG_38201_c0_g1	-1.10653843974834	-1.10653843974834	-1.10653843974834	0.907459706292663	1.2297449481161	1.18241066483625
TRINITY_GG_69199_c0_g1	-0.976533074638105	-0.976533074638105	-0.976533074638105	1.25489933380986	1.14381886572712	0.530881024377336
TRINITY_GG_37956_c0_g1	1.21972119688573	0.764180227347171	2.28781100540904	-1.42390414321398	-1.42390414321398	-1.42390414321398
TRINITY_GG_67084_c2_g1	-1.31594468200115	-1.31594468200115	-1.31594468200115	0.992357938971179	1.78805642832007	1.1674196787122
TRINITY_GG_9190_c24_g1	2.31967545457005	-0.625007622847179	1.60249483477659	-1.09905422216648	-1.09905422216648	-1.09905422216648
TRINITY_GG_41856_c0_g1	0.844545411671325	2.19778006012147	1.86843954911645	-1.49385972875814	-2.02102072295626	-1.39588456919484
TRINITY_GG_52596_c5_g1	1.45184300345295	0.108634986576257	1.09626999246	-0.885582660829737	-0.885582660829737	-0.885582660829737
TRINITY_GG_41698_c0_g1	2.60066152730343	-1.06189485672121	2.46477926357039	-1.3345153113842	-1.3345153113842	-1.3345153113842
TRINITY_GG_3046_c9_g1	-1.08515041231527	-1.08515041231527	-1.08515041231527	1.68440977256164	1.14320654188578	0.427834922498403
TRINITY_GG_73570_c5_g1	-0.96802319990288	-0.96802319990288	-0.96802319990288	0.484045030320931	1.52331684697584	0.896707722411871
TRINITY_GG_77314_c0_g2	-0.902204635490211	-0.902204635490211	-0.902204635490211	0.67068503293037	0.32059992555505	1.71532894798521
TRINITY_GG_40441_c0_g1	-1.83337622856995	-1.83337622856995	-1.83337622856995	1.73185535323555	3.07558074937668	0.692692583097634
TRINITY_GG_62231_c76_g1	-1.02828287722558	-1.02828287722558	-1.02828287722558	1.51372747831102	0.342997176797069	1.22812397656866
TRINITY_GG_4284_c6_g1	1.36601167695749	0.716594163437528	0.467326591172682	-0.849977477189233	-0.849977477189233	-0.849977477189233
TRINITY_GG_63279_c41_g1	-0.953270227179938	-0.953270227179938	-0.953270227179938	0.570793448597273	0.758665129798984	1.53035210314356
TRINITY_GG_106275_c6_g1	1.34966452027476	1.15013589625362	0.295855702747249	-0.931885373091879	-0.931885373091879	-0.931885373091879
TRINITY_GG_43572_c0_g2	1.10841638685662	1.18006838258582	0.640499932593088	-0.976328234011844	-0.976328234011844	-0.976328234011844
TRINITY_GG_31163_c0_g1	1.9045293032635	1.47672047140657	1.90815758569367	-1.76313578678791	-1.76313578678791	-1.76313578678791
TRINITY_GG_8960_c0_g1	-0.965967172874854	-0.965967172874854	-0.965967172874854	0.470727714678022	0.172191972354616	2.25498183159192
TRINITY_GG_54423_c42_g1	-1.04490694548989	-1.04490694548989	-1.04490694548989	0.894695774866153	0.471612552171205	1.76841250943231
TRINITY_GG_4621_c15_g1	-1.07322685754695	-1.07322685754695	-1.07322685754695	0.602589073625319	1.73947671901333	0.877614780002198
TRINITY_GG_63613_c7_g5	0.979957240671232	1.21154362478977	0.515969661820493	-0.902490175760498	-0.902490175760498	-0.902490175760498
TRINITY_GG_62415_c0_g2	-1.59842063999003	-1.59842063999003	-1.59842063999003	0.762505433694839	1.65738219661269	2.37537428966257
TRINITY_GG_62529_c1_g1	-1.88530719641846	-1.88530719641846	-1.88530719641846	2.14564679521714	1.49708338645501	2.01319140758322
TRINITY_GG_59843_c18_g2	1.23057642977557	0.051800017083022	1.5318203704912	-0.938065605783265	-0.938065605783265	-0.938065605783265
TRINITY_GG_59284_c0_g1	-1.17915806494945	-1.17915806494945	-1.17915806494945	0.879851035091008	1.77224322672486	0.885379933032494
TRINITY_GG_181_c28_g1	-0.802763034029578	-0.802763034029578	-0.802763034029578	1.25901316355711	0.7579519204449	0.391324018086724
TRINITY_GG_44940_c0_g1	-1.62562548020451	-1.62562548020451	-1.62562548020451	1.29314236912063	1.84282750616029	1.74090656533262
TRINITY_GG_166_c0_g4	-1.30165102751392	-1.30165102751392	-1.30165102751392	1.30242029615494	1.87243575103648	0.730097035350355
TRINITY_GG_6976_c2_g1	-1.1798226723901	-1.1798226723901	-1.1798226723901	1.8941688921815	0.625056935864577	1.02024218912421
TRINITY_GG_1225_c46_g1	-1.28657980025156	-1.2581884996739	-1.99502659941491	1.03599181953241	1.31288958456029	2.19091349524767
TRINITY_GG_8095_c0_g1	-1.16295665732939	-1.16295665732939	-1.16295665732939	1.14941808944576	0.767969873734637	1.57148200880778
TRINITY_GG_13645_c1_g1	-0.820828497909021	-0.820828497909021	-0.820828497909021	0.541501112262548	0.871152252694256	1.04983212877026
TRINITY_GG_103998_c0_g1	-0.894242630937388	-0.894242630937388	-0.894242630937388	1.35611264082566	1.07550649735127	0.251108754635232
TRINITY_GG_33604_c2_g1	-1.20451529142312	-1.20451529142312	-1.20451529142312	1.80106434827672	1.04614316307528	0.766338362917361
TRINITY_GG_56334_c73_g1	-1.26713075484279	-1.26713075484279	-1.26713075484279	4.00003046317947	0.439952236928918	-0.638590435580027
TRINITY_GG_6539_c18_g1	-1.27859034413893	-1.27859034413893	-1.27859034413893	2.91004795042245	1.25197985976359	-0.326256777769248
TRINITY_GG_103302_c14_g1	2.00705123202541	0.71113440693536	0.683977946253377	-1.13405452840472	-1.13405452840472	-1.13405452840472
TRINITY_GG_75448_c0_g1	-1.0122028593045	-1.0122028593045	-1.0122028593045	1.81215768298321	0.380664056926301	0.843786838003982
TRINITY_GG_75663_c0_g1	-1.64667004253509	-1.64667004253509	-1.64667004253509	2.17493813953933	2.14420623253232	0.620865755533639
TRINITY_GG_77351_c3_g1	-1.07517035718336	-1.48809556466336	-1.11291627137073	0.900649272089302	0.969511984140067	1.80602093698809
TRINITY_GG_8608_c4_g1	1.49264399810769	1.02338403029043	1.34405441488659	-1.55167688985861	-1.04194498009835	-1.26646057332776
TRINITY_GG_106411_c0_g1	0.225595772173921	1.65246758746786	0.768212931779575	-0.882092097140453	-0.882092097140453	-0.882092097140453
TRINITY_GG_9183_c35_g1	-1.05353853036863	-1.05353853036863	-1.05353853036863	1.34863789461085	1.04339795213433	0.768579744360714
TRINITY_GG_89109_c0_g2	-0.835926519664851	-0.835926519664851	-0.835926519664851	0.77901884727202	0.738901603922592	0.989859107799941
TRINITY_GG_85788_c1_g2	-0.979105249055813	-0.979105249055813	-0.979105249055813	0.0480488024479143	2.18310478725849	0.706162157461029
TRINITY_GG_51545_c0_g1	-0.83163203867696	-0.83163203867696	-0.83163203867696	1.24629454000811	0.188425613664293	1.06017596235848
TRINITY_GG_2357_c18_g1	0.526681548521084	1.67223931564106	2.65041230341358	-1.48376288923828	-1.14253315644954	-2.22303712188792
TRINITY_GG_8199_c37_g1	-0.789710512577736	-0.789710512577736	-0.789710512577736	0.631984068602556	1.13894405732244	0.598203411808212
TRINITY_GG_48749_c1_g1	1.30450063482514	0.655624229391233	0.820670456652115	-0.926931773622828	-0.926931773622828	-0.926931773622828
TRINITY_GG_43778_c1_g2	-0.331775016931271	1.98595308942681	2.47747589058178	-1.37721798769244	-1.37721798769244	-1.37721798769244
TRINITY_GG_50399_c0_g1	-0.975395249787606	-0.975395249787606	-0.975395249787606	0.668460939987118	2.37156163959128	-0.113836830215578
TRINITY_GG_55951_c32_g1	0.686839434644994	1.87788531008024	2.23862540111537	-2.06139727185623	-1.56612571327753	-1.17582716070684
TRINITY_GG_6411_c0_g1	1.06266428728214	0.00467505922089861	2.27172060384353	-1.11301998344886	-1.11301998344886	-1.11301998344886
TRINITY_GG_62853_c32_g1	2.85659989279934	1.61083905328504	1.3763161851818	-1.94791837708873	-1.94791837708873	-1.94791837708873
TRINITY_GG_69134_c0_g1	0.507410248013084	1.24389357741101	1.46979595621331	-1.07369992721247	-1.07369992721247	-1.07369992721247
TRINITY_GG_3317_c12_g1	1.46293618916702	1.3287530237087	1.33998542104577	-1.37722487797383	-1.37722487797383	-1.37722487797383
TRINITY_GG_16262_c3_g1	2.76525116292121	1.39183798126353	3.42894506554212	-2.10874932526103	-2.12618460269882	-3.35110028176702
TRINITY_GG_9734_c2_g1	-1.45423227441917	-1.45423227441917	-1.45423227441917	2.73638258579033	0.21660806146239	1.4097061760048
TRINITY_GG_3233_c79_g1	1.07359558333987	0.354574188675664	1.34562998742461	-0.924599919813383	-0.924599919813383	-0.924599919813383
TRINITY_GG_76072_c0_g1	-1.45455845897301	-0.89728964287793	-1.39756848038818	1.64153813061113	1.64127324581449	0.466605205813496
TRINITY_GG_74470_c1_g1	-1.01388231816397	-1.01388231816397	-1.01388231816397	1.57035865463973	0.796766429618679	0.674521870233491
TRINITY_GG_47031_c1_g1	2.99461596318292	0.846894695124395	2.66622436428527	-2.16924500753086	-2.16924500753086	-2.16924500753086
TRINITY_GG_77861_c0_g1	1.35674238037145	2.40215614214791	1.49142672571695	-1.75010841607877	-1.75010841607877	-1.75010841607877
TRINITY_GG_35596_c0_g1	-1.19923254789106	-1.19923254789106	-1.19923254789106	-0.687258566109256	2.69926605611062	1.5856901536718
TRINITY_GG_4166_c18_g1	1.1189771594584	0.545699968189491	1.92682862085696	-1.19716858283495	-1.19716858283495	-1.19716858283495
TRINITY_GG_10747_c0_g1	-1.03691445037523	-1.03691445037523	-1.03691445037523	1.70918329331478	0.0660795429481003	1.3354805148628
TRINITY_GG_98433_c0_g1	-1.85540578378909	-1.85540578378909	-1.85540578378909	1.90673038611202	1.43457618867763	2.22491077657762
TRINITY_GG_6798_c27_g1	-2.56142108193642	-2.56142108193642	-2.56142108193642	2.92661183415096	2.72571872261441	2.03193268904388
TRINITY_GG_58197_c19_g1	-1.23959563117589	-1.23959563117589	-1.23959563117589	1.82321686122913	1.1179563734422	0.777613658856335
TRINITY_GG_55862_c115_g1	0.773388108361069	1.05258559225373	0.718435305316372	-0.848136335310389	-0.848136335310389	-0.848136335310389
TRINITY_GG_76994_c1_g1	-1.10654516543098	-1.10654516543098	-1.10654516543098	1.1054015169402	0.580067411384612	1.63416656796812
TRINITY_GG_8965_c30_g1	-1.49490684399494	-1.49490684399494	-1.49490684399494	1.21416317928959	1.67902008800487	1.59153726469037
TRINITY_GG_81512_c0_g1	-0.352089333593049	2.77175406058574	1.41004325086352	-1.27656932595207	-1.27656932595207	-1.27656932595207
TRINITY_GG_6611_c9_g3	1.34364276426294	-0.233163134994924	2.34874604174868	-1.15307522367223	-1.15307522367223	-1.15307522367223
TRINITY_GG_62853_c25_g1	1.45062978996618	1.49915145912114	0.823244887848176	-1.29245426558341	-1.29245426558341	-1.18811760576867
TRINITY_GG_7385_c39_g1	0.898964548260884	0.916368571010945	0.9626876323142	-0.926006917195343	-0.926006917195343	-0.926006917195343
TRINITY_GG_24945_c1_g1	-1.47517432639536	-1.47517432639536	-1.47517432639536	1.29502042855595	1.18748692907973	1.9430156215504
TRINITY_GG_52724_c0_g1	-0.921246327131624	-0.921246327131624	-0.921246327131624	1.51464891418874	1.1227980055744	0.126292061631736
TRINITY_GG_4825_c0_g1	0.688146999680886	0.693487024436085	1.42475588843277	-0.900386530192467	-0.964821625855123	-0.94118175650215
TRINITY_GG_2149_c68_g1	1.81766727463278	1.01762418855314	1.53519224447336	-1.00950791494031	-1.14144717609643	-2.21952861662254
TRINITY_GG_57429_c30_g3	1.34864421434546	0.72478316745501	0.813405180854177	-0.962277520884883	-0.962277520884883	-0.962277520884883
TRINITY_GG_4694_c13_g1	-1.00087736173108	-1.00087736173108	-1.00087736173108	1.05327651003163	1.43421778988902	0.515137785272586
TRINITY_GG_8743_c36_g1	-0.826682744964122	-0.826682744964122	-0.826682744964122	1.28067035348417	0.304906739364013	0.894471142044178
TRINITY_GG_6792_c1_g2	1.6379451255172	1.42135790682986	0.675331541407311	-1.26785032659284	-1.2036179994915	-1.26316624767003
TRINITY_GG_60058_c1_g3	-1.38657039920648	-1.38657039920648	-1.38657039920648	4.66114247042314	-0.982757337589887	0.481326064786178
TRINITY_GG_56391_c14_g1	-1.78800962914724	-1.78800962914724	-1.78800962914724	1.45398305111869	2.0232558746295	1.88678996169354
TRINITY_GG_3774_c10_g1	1.26605389751319	0.00535584043435611	1.84045575297486	-1.03728849697414	-1.03728849697414	-1.03728849697414
TRINITY_GG_4380_c82_g1	-1.07364896002453	-1.07364896002453	-1.07364896002453	0.440347019342485	1.14915560102073	1.63144425971036
TRINITY_GG_60601_c12_g2	-1.05324424878566	-1.05324424878566	-1.05324424878566	1.28446684334263	0.626629898960966	1.24863600405337
TRINITY_GG_104128_c0_g1	-1.14316572157252	-1.14316572157252	-1.14316572157252	0.642594052854494	1.88008963072779	0.906813481135274
TRINITY_GG_23538_c1_g1	-1.55836811603241	-1.55836811603241	-1.55836811603241	0.870846113807171	1.67735894380564	2.12689929048443
TRINITY_GG_1002_c18_g1	1.62636146993137	0.999677148242202	1.48458554395187	-1.37020805404182	-1.37020805404182	-1.37020805404182
TRINITY_GG_61825_c0_g1	-1.18528549633581	-1.18528549633581	-1.18528549633581	1.95024937342538	0.238023740906574	1.36758337467549
TRINITY_GG_101043_c0_g1	0.462845117948121	1.97472042442973	1.15093261737224	-1.19616605325003	-1.19616605325003	-1.19616605325003
TRINITY_GG_7089_c8_g1	1.98843899412525	2.86305295528578	1.40921883451196	-1.99553969915267	-1.64202454748801	-2.62314653728232
TRINITY_GG_101845_c0_g1	2.28357981322471	0.301844794119019	0.447036530974394	-1.01082037943938	-1.01082037943938	-1.01082037943938
TRINITY_GG_76694_c6_g1	-0.699833600127479	2.24675388001606	2.38468070689814	-1.31053366226224	-1.31053366226224	-1.31053366226224
TRINITY_GG_37797_c1_g1	-1.29058403268207	-1.29058403268207	-1.29058403268207	1.43907749319322	1.76200575347686	0.670668851376136
TRINITY_GG_73345_c0_g1	2.01603554108893	0.350126486856472	1.28463439038277	-1.21693213944272	-1.21693213944272	-1.21693213944272
TRINITY_GG_59529_c1_g1	-1.27819019263384	-1.27819019263384	-1.27819019263384	-0.847369696114066	3.21596937107901	1.46597090293657
TRINITY_GG_2014_c16_g2	-0.817682531834773	-0.817682531834773	-0.817682531834773	0.653765084542618	1.01621954483439	0.783062966127311
TRINITY_GG_5907_c0_g1	-1.79157760350512	-2.52525762339569	-2.35927620994208	3.99080084089593	-1.61775454845686	4.30306514440382
TRINITY_GG_3725_c0_g1	0.729089637028979	2.03909122955813	0.120492474135785	-0.962891113574298	-0.962891113574298	-0.962891113574298
TRINITY_GG_54055_c15_g2	0.290825695756137	1.73692826880613	0.910458669883318	-0.979404211481861	-0.979404211481861	-0.979404211481861
TRINITY_GG_18195_c27_g1	2.22534675361615	3.13890376768574	-0.43863503544157	-2.06601712641671	-1.47092284450667	-1.38867551493693
TRINITY_GG_42976_c0_g1	2.42451384760726	2.50702686332706	2.02610887437778	-2.31921652843737	-2.31921652843737	-2.31921652843737
TRINITY_GG_11466_c0_g1	-1.20796506920217	-1.20796506920217	-1.20796506920217	1.36443957818816	1.15127495632716	1.10818067309119
TRINITY_GG_49039_c0_g1	-0.956595702677356	-0.956595702677356	-0.956595702677356	0.664928740994101	1.32109155105689	0.883766815981081
TRINITY_GG_81752_c6_g1	1.74716355828685	0.324187778205089	2.01323313686474	-1.36152815778556	-1.36152815778556	-1.36152815778556
TRINITY_GG_64449_c1_g2	-0.833045582395983	-0.833045582395983	-0.833045582395983	0.946424274899186	0.649802700672482	0.902909771616281
TRINITY_GG_77641_c3_g1	-0.97730018434689	-0.97730018434689	-0.97730018434689	1.20061760784895	0.224960799215113	1.5063221459766
TRINITY_GG_11669_c3_g1	1.5607807092913	0.0164780915103948	1.98385015805939	-1.18703631962036	-1.18703631962036	-1.18703631962036
TRINITY_GG_47644_c0_g1	1.55656773609809	2.02705563947955	-0.223847302346613	-1.11992535774368	-1.11992535774368	-1.11992535774368
TRINITY_GG_83159_c1_g1	-1.07899211057789	-1.07899211057789	-1.07899211057789	-0.241452476198483	2.19958743988054	1.2788413680516
TRINITY_GG_77151_c4_g1	0.937082505082307	0.678623465761678	0.949113676514519	-0.854939882452834	-0.854939882452834	-0.854939882452834
TRINITY_GG_46098_c1_g2	0.81130153289871	0.985956686253419	0.86749207972101	-0.88825009962438	-0.88825009962438	-0.88825009962438
TRINITY_GG_63759_c0_g2	-0.917325658376384	-0.917325658376384	-0.917325658376384	0.732059870805132	0.998768764561974	1.02114833976205
TRINITY_GG_16262_c0_g1	2.44182447339325	1.83386315847161	4.40856124898322	-3.13223501111101	-1.78479832199723	-3.76721554773984
TRINITY_GG_94436_c0_g1	-0.814749654391347	-0.814749654391347	-0.814749654391347	0.787422136362033	0.827258702865777	0.829568123946231
TRINITY_GG_76277_c0_g1	1.91122719279086	0.600086161438733	0.715875954971015	-1.07572976973354	-1.07572976973354	-1.07572976973354
TRINITY_GG_65363_c0_g3	1.3699736116518	1.5282618724868	0.544426691917808	-1.14755405868547	-1.14755405868547	-1.14755405868547
TRINITY_GG_11270_c5_g1	-1.24359732420149	-1.24359732420149	-1.24359732420149	0.385875872585462	1.71765555985672	1.62726054016228
TRINITY_GG_5300_c42_g1	-1.83320918209729	-1.83320918209729	-1.83320918209729	1.51005649575576	2.25535647492612	1.73421457560999
TRINITY_GG_64003_c11_g1	-1.18460672544024	-1.33660981888529	-1.11153331297763	0.84905005139655	1.24596262945094	1.53773717645568
TRINITY_GG_90784_c0_g2	-1.16301403594684	-1.16301403594684	-1.16301403594684	1.91029208138968	1.57055723497954	0.00819279147130314
TRINITY_GG_46411_c0_g1	-1.28266435233659	-1.28266435233659	-1.28266435233659	-0.792094221890387	1.53311599024565	3.1069712886545
TRINITY_GG_106747_c0_g1	-1.10544002060752	-1.10544002060752	-1.10544002060752	1.69675319633431	1.12998070202992	0.489586163458334
TRINITY_GG_46019_c30_g1	-2.2205257192728	-3.02475223687481	-3.91184219499151	6.46409403090039	5.86077170800007	-3.16774558776134
TRINITY_GG_60763_c9_g1	-0.997147163934007	-0.997147163934007	-0.997147163934007	0.538905736306203	1.85944021136723	0.593095544128584
TRINITY_GG_62587_c1_g1	0.660875713715429	1.08376677098866	2.05641892811704	-1.2010481508816	-1.30000663096977	-1.30000663096977
TRINITY_GG_73738_c2_g1	-1.58363280227813	-1.58363280227813	-1.58363280227813	1.39254750604593	2.08459980874393	1.27375109204453
TRINITY_GG_12214_c10_g1	-1.26309956431382	-1.26309956431382	-1.26309956431382	2.08584099563612	0.79279019388246	0.910667503422884
TRINITY_GG_6403_c20_g1	0.226026072879387	0.841937431240125	1.72314812703532	-0.930370543718278	-0.930370543718278	-0.930370543718278
TRINITY_GG_10217_c0_g2	-0.837850262941598	-0.837850262941598	-0.837850262941598	0.747112237779558	1.17721905877605	0.589219492269188
TRINITY_GG_82924_c1_g2	-1.2581802392317	-1.2581802392317	-1.2581802392317	1.44225947890939	1.20779422527237	1.12448701351334
TRINITY_GG_81775_c0_g1	-1.44985407012948	-1.44985407012948	-1.44985407012948	0.586473421688288	2.09907569934692	1.66401308935322
TRINITY_GG_87617_c0_g2	-0.875962862058685	-0.875962862058685	-0.875962862058685	1.34591421901835	0.681814809336241	0.600159557821467
TRINITY_GG_47032_c2_g1	1.31979228356082	1.63154857339089	0.828270983413834	-1.25987061345518	-1.25987061345518	-1.25987061345518
TRINITY_GG_8930_c5_g1	1.18461693721663	1.00574297904683	1.05479967034705	-1.08171986220351	-1.08171986220351	-1.08171986220351
TRINITY_GG_6191_c8_g1	-0.864065938998573	-0.864065938998573	-0.864065938998573	1.09829799250838	0.943288983059031	0.550610841428313
TRINITY_GG_58683_c18_g1	-1.46761566604354	-1.46761566604354	-1.46761566604354	1.95878328660674	-0.618016654892093	3.06208036641599
TRINITY_GG_85193_c0_g1	1.71585859009703	1.46156270438061	2.21661199775782	-1.79801109741182	-1.79801109741182	-1.79801109741182
TRINITY_GG_104133_c1_g1	2.18757692116551	1.24374474716885	0.76624179823455	-1.39918782218964	-1.39918782218964	-1.39918782218964
TRINITY_GG_101229_c8_g1	-1.10842714572169	-1.10842714572169	-1.10842714572169	0.174309174554656	2.05619825201548	1.09477401059493
TRINITY_GG_99788_c0_g1	1.37117523646022	1.31691271022826	0.490045072637876	-1.05937767310879	-1.05937767310879	-1.05937767310879
TRINITY_GG_53927_c18_g1	-1.49680901633644	-1.99557048200829	-1.61484103350474	1.85702768837078	1.74330541778891	1.50688742568979
TRINITY_GG_70066_c0_g1	-0.99170599148042	-0.99170599148042	-0.99170599148042	-0.0215885938749204	1.27912192407324	1.71758464424294
TRINITY_GG_25620_c0_g1	-0.903676931277329	-0.903676931277329	-0.903676931277329	1.11388871173704	0.234482213952141	1.36265986814281
TRINITY_GG_64438_c3_g1	-1.95917436298128	-1.17858856687606	-2.10528966403852	2.00888871645856	3.03294294071356	0.201220936723737
TRINITY_GG_28926_c0_g1	1.64405701155653	1.60422877975547	0.90153621906967	-1.38327400346056	-1.38327400346056	-1.38327400346056
TRINITY_GG_31559_c1_g1	1.91972527262705	0.823349211402022	0.84384840791912	-1.19564096398273	-1.19564096398273	-1.19564096398273
TRINITY_GG_835_c7_g1	-1.80203787799818	-2.08299419182924	-1.78785894282842	2.19365135106638	1.43931270104215	2.03992696054731
TRINITY_GG_5455_c14_g1	2.17230121930553	-0.54869133075604	2.06478738019601	-1.2294657562485	-1.2294657562485	-1.2294657562485
TRINITY_GG_94158_c0_g1	-1.11850413500771	-1.11850413500771	-1.11850413500771	2.05398338050242	1.07463678413716	0.226892240383554
TRINITY_GG_60601_c12_g1	-0.784081042732974	-0.784081042732974	-0.784081042732974	0.545329628485594	1.03517838738466	0.771735112328665
TRINITY_GG_62529_c0_g1	-1.19149700721002	-1.19149700721002	-1.19149700721002	1.20109518845613	0.948299889405332	1.42509594376859
TRINITY_GG_8469_c0_g1	1.30010257832714	1.23048762784173	2.17716802352479	-1.57641436823786	-1.6030757474375	-1.5282681140183
TRINITY_GG_90942_c1_g5	-1.0215179238167	-1.0215179238167	-1.0215179238167	1.1624449110259	0.503548668261514	1.39856019216268
TRINITY_GG_1125_c4_g1	-0.975111073499344	-0.975111073499344	-0.975111073499344	0.136587998698076	0.628485601360863	2.16025962043909
TRINITY_GG_10503_c0_g1	-1.91569278211363	-1.91569278211363	-1.91569278211363	1.57551897388946	1.27886710390898	2.89269226854246
TRINITY_GG_10454_c10_g1	-0.834197990914488	-0.834197990914488	-0.834197990914488	0.942327160507424	1.30428885336032	0.255977958875719
TRINITY_GG_93774_c0_g2	-1.14940261416158	-1.14940261416158	-1.14940261416158	1.07309285314048	2.43231016540876	-0.0571951760644924
TRINITY_GG_81717_c0_g1	-0.829413041941821	-0.829413041941821	-0.829413041941821	0.666793623981663	1.28628611148977	0.535159390354035
TRINITY_GG_10405_c0_g1	-0.960625980024543	-0.960625980024543	-0.960625980024543	1.41844041925636	0.268961942716109	1.19447557810116
TRINITY_GG_49520_c0_g1	-1.02504118240167	-1.02504118240167	-1.02504118240167	0.45056256228293	0.984664289881997	1.63989669504008
TRINITY_GG_55463_c1_g1	2.84463772655502	-0.451245558852778	2.16331438708152	-1.78238377648026	-1.24437504931698	-1.52994772898653
TRINITY_GG_20915_c4_g1	-1.48791387817977	-1.48791387817977	-1.48791387817977	2.42989974461354	0.144354337319743	1.88948755260602
TRINITY_GG_106559_c1_g1	0.393481163022806	1.52454029846885	1.47372607677156	-1.1305825127544	-1.1305825127544	-1.1305825127544
TRINITY_GG_75359_c0_g1	-1.44509684109406	-1.44509684109406	-1.44509684109406	2.09219922599678	0.705787730210961	1.53730356707445
TRINITY_GG_78970_c0_g1	-0.987832595480433	-0.987832595480433	-0.987832595480433	1.3817734745514	1.43008741233153	0.151636899558363
TRINITY_GG_62956_c3_g1	-1.02072543165978	-1.42509263846745	-1.72234110017781	1.27399015043615	1.21198534431635	1.68218367555254
TRINITY_GG_16590_c0_g1	-1.17990473574505	-1.17990473574505	-1.17990473574505	1.88945372747877	1.43126764429895	0.218992835457423
TRINITY_GG_2449_c54_g1	-1.14490531704144	-1.14490531704144	-1.14490531704144	0.602696913233501	0.977104703084372	1.85491433480645
TRINITY_GG_62237_c0_g2	-1.18582133238403	-1.18582133238403	-1.18582133238403	0.826032073359757	0.543187537953831	2.18824438583851
TRINITY_GG_1200_c13_g1	-1.1514403717451	-1.1514403717451	-1.1514403717451	0.758524695012864	1.43256001154067	1.26323640868178
TRINITY_GG_6308_c2_g2	-0.131146463573093	1.17780870134957	1.80578170343217	-0.950814647069548	-0.950814647069548	-0.950814647069548
TRINITY_GG_64744_c22_g2	-1.08933588588436	-1.08933588588436	-1.08933588588436	1.38237183957891	0.961688117140108	0.923947700934064
TRINITY_GG_55632_c125_g1	-0.117536713885879	1.79619655419536	1.37147719278969	-1.01671234436639	-1.01671234436639	-1.01671234436639
TRINITY_GG_6790_c71_g1	1.13889799882109	1.54538300152538	1.2091096658489	-1.29779688873179	-1.29779688873179	-1.29779688873179
TRINITY_GG_55795_c75_g1	1.65641747569673	0.443739672973808	0.699161874457001	-0.933106341042512	-0.933106341042512	-0.933106341042512
TRINITY_GG_66599_c0_g2	-0.850096318333328	-0.850096318333328	-0.850096318333328	0.684463366274989	1.25020858746236	0.615617001262636
TRINITY_GG_82064_c0_g1	-0.833065466871717	-0.833065466871717	-0.833065466871717	1.18343085302448	0.498066455345486	0.817699092245186
TRINITY_GG_2800_c17_g1	0.872431486167386	0.850204334674741	0.701042791187765	-0.807892870676631	-0.807892870676631	-0.807892870676631
TRINITY_GG_88507_c1_g1	-0.896327610299531	-0.896327610299531	-0.896327610299531	0.402917047496542	1.02891229518788	1.25715348821417
TRINITY_GG_6724_c9_g1	2.59692139790857	1.10691011438936	1.81149468452907	-2.80786629696699	-0.86851011351879	-1.83894978634122
TRINITY_GG_97337_c0_g1	-1.04636247397819	-1.04636247397819	-1.04636247397819	1.43777565722348	0.242291389626979	1.45902037508411
TRINITY_GG_55438_c0_g1	1.08450834893258	0.824499519267225	1.13737233646711	-1.01546006822231	-1.01546006822231	-1.01546006822231
TRINITY_GG_61614_c0_g1	-1.4869145077157	-1.4869145077157	-1.4869145077157	0.835590549803185	2.49429883525521	1.1308541380887
TRINITY_GG_55795_c7_g1	1.13904342898918	1.48511967331027	1.15878639930291	-1.15971428338828	-1.22473407523869	-1.3985011429754
TRINITY_GG_56955_c0_g1	2.25450893851394	0.990591150088391	0.778242110629174	-1.3411140664105	-1.3411140664105	-1.3411140664105
TRINITY_GG_1280_c0_g1	-0.980414563449602	-0.980414563449602	-0.980414563449602	1.51962260753209	0.593444658126347	0.828176424690374
TRINITY_GG_85153_c0_g1	-1.50119328458688	-1.50119328458688	-1.50119328458688	2.41642941713941	2.00482463735661	0.0823257992646109
TRINITY_GG_69715_c1_g1	1.08760314571183	0.0792878774998287	1.75666467537623	-0.974518566195965	-0.974518566195965	-0.974518566195965
TRINITY_GG_45597_c0_g1	1.00582241441046	0.856363757323176	1.66079016851025	-1.17432544674796	-1.17432544674796	-1.17432544674796
TRINITY_GG_10119_c0_g1	-1.35875116379928	-1.35875116379928	-1.35875116379928	1.7102635141159	0.49284797943587	1.87314199784605
TRINITY_GG_84100_c0_g1	-1.34492532005343	-1.34492532005343	-1.34492532005343	0.14513130441088	2.20017816097849	1.68946649477092
TRINITY_GG_36810_c0_g1	-0.834996935268726	-0.834996935268726	-0.834996935268726	0.761938207118506	1.30185066892416	0.441201929763516
TRINITY_GG_71847_c0_g2	2.52041568184466	1.12745673165685	1.830257836407	-2.12635790821798	-1.75410871454696	-1.59766362714357
TRINITY_GG_39100_c1_g2	0.918854957803774	0.925477303897833	1.05582595800135	-0.966719406567652	-0.966719406567652	-0.966719406567652
TRINITY_GG_66498_c0_g2	-0.971183172882049	-0.971183172882049	-0.971183172882049	0.673596046380904	0.934937780115051	1.30501569215019
TRINITY_GG_55567_c5_g1	-0.853104455344598	-0.853104455344598	-0.853104455344598	0.775435863918162	1.1331244248828	0.650753077232831
TRINITY_GG_40795_c0_g1	-1.45057885445586	-1.45057885445586	-1.45057885445586	1.17188301292687	1.71452913068867	1.46532441975205
TRINITY_GG_51184_c1_g1	-1.03561315281498	-1.03561315281498	-1.03561315281498	1.37771012808409	0.942216264136981	0.786913066223857
TRINITY_GG_80916_c0_g1	2.58778940244934	3.89445546860972	3.02065992182665	-3.4328905802227	-3.4328905802227	-2.63712363244031
TRINITY_GG_4629_c12_g2	-1.02322253845781	-1.02322253845781	-1.02322253845781	1.64875012229225	0.425149856154243	0.995767636926943
TRINITY_GG_65707_c1_g2	1.24085718094485	0.803772596953535	1.48412833195721	-1.1762527032852	-1.1762527032852	-1.1762527032852
TRINITY_GG_72213_c0_g2	-1.0558711173851	-1.0558711173851	-1.0558711173851	0.843304513095411	1.52379177963091	0.800517059428989
TRINITY_GG_11685_c0_g1	-1.38722306351522	-1.38722306351522	-1.38722306351522	1.01003228207921	1.99585909457924	1.15577781388721
TRINITY_GG_67040_c0_g1	-1.20144921579566	-1.20144921579566	-1.20144921579566	0.835581515149302	1.11382717121927	1.65493896101843
TRINITY_GG_99964_c0_g1	1.24791163014711	1.75643796754606	1.7540305883555	-1.2133155021518	-1.65854086532199	-1.88652381857488
TRINITY_GG_16147_c0_g1	-0.943178461893837	-0.943178461893837	-0.943178461893837	0.799258983482429	0.301708597229697	1.72856780496939
TRINITY_GG_5734_c7_g3	-0.880492104859035	-0.880492104859035	-0.880492104859035	1.25438594948408	1.12418905125887	0.262901313834153
TRINITY_GG_22493_c2_g1	-1.78018487464796	-1.78018487464796	-1.78018487464796	1.93998412550387	1.14733237155052	2.25323812688949
TRINITY_GG_12737_c10_g1	0.461076894114806	1.28613538633309	1.91053010773973	-1.21924746272921	-1.21924746272921	-1.21924746272921
TRINITY_GG_75209_c0_g1	2.16016090595112	0.898187531180916	1.46185525353884	-0.821980408330313	-1.91543317723343	-1.78279010510713
TRINITY_GG_20617_c1_g2	-1.0130224681976	-1.0130224681976	-1.0130224681976	1.65713804592904	0.12054105754351	1.26138830112024
TRINITY_GG_100933_c0_g1	1.09930439723558	1.80145135837096	1.79256359857486	-1.45139368875894	-1.45253551314849	-1.78939015227396
TRINITY_GG_9055_c0_g2	-1.05216144785639	-1.09900170205936	-1.09900170205936	0.823957262176808	1.4185259682779	1.00768162152041
TRINITY_GG_60982_c0_g1	-0.965775854789507	-0.965775854789507	-0.965775854789507	0.777092696234936	1.28154408019031	0.838690787943271
TRINITY_GG_8961_c24_g1	0.448833654942496	1.43717283226102	1.2160373971744	-1.03401462812597	-1.03401462812597	-1.03401462812597
TRINITY_GG_49034_c0_g1	1.19935063133912	0.926493143019688	0.766600528472457	-0.964148100943756	-0.964148100943756	-0.964148100943756
TRINITY_GG_78366_c0_g3	-0.884037075290713	-0.884037075290713	-0.884037075290713	1.20546107554839	0.96275708418258	0.48389306614117
TRINITY_GG_64961_c2_g1	1.93733129245086	1.73874635523541	0.556527650026584	-1.26295346238474	-0.986971067996127	-1.98268076733198
TRINITY_GG_48204_c4_g1	-0.934299887055517	-0.934299887055517	-0.934299887055517	0.873467174710901	0.411664143287355	1.51776834316829
TRINITY_GG_99788_c0_g4	0.656784773067961	1.11219861042609	0.931054037080291	-0.900012473524782	-0.900012473524782	-0.900012473524782
TRINITY_GG_4892_c5_g3	-1.41541483327124	-1.41541483327124	-1.41541483327124	1.19953053366563	1.64532432458644	1.40138964156164
TRINITY_GG_55565_c0_g2	-1.65734490565906	-1.65734490565906	-1.65734490565906	0.738814583414095	1.1700676687398	3.06315246482329
TRINITY_GG_68911_c0_g1	0.819600830993082	0.238511339419132	1.71298392027331	-0.923698696895175	-0.923698696895175	-0.923698696895175
