bleached_male_K5_01	bleached_male_K5_02	bleached_male_K5_03	bleached_female_K5_04	bleached_female_K5_05	bleached_female_K5_06	bleached_female_44_01	bleached_female_44_02	bleached_female_44_03	non-bleached_female_K5_01	non-bleached_female_K5_02	non-bleached_female_K5_03	non-bleached_female_44_01	non-bleached_female_44_02	non-bleached_female_44_03
TRINITY_DN146444_c3_g1	-0.454726578064143	-0.454726578064143	-0.454726578064143	-0.454726578064143	-0.454726578064143	-0.454726578064143	-0.454726578064143	-0.454726578064143	-0.454726578064143	-0.454726578064143	1.53550221536187	0.852701947128105	0.143638627259502	0.812509563748267	1.20291342714368
TRINITY_DN231501_c0_g1	-0.727358056910913	-0.727358056910913	-0.727358056910913	-0.727358056910913	-0.727358056910913	-0.727358056910913	-0.727358056910913	-0.727358056910913	-0.727358056910913	3.67099231343505	-0.727358056910913	0.48053479473042	0.165615758362421	2.71810381026744	0.238333892313792
TRINITY_DN121800_c0_g1	-0.651437554917576	-0.651437554917576	-0.651437554917576	-0.651437554917576	-0.651437554917576	-0.651437554917576	-0.651437554917576	-0.651437554917576	-0.651437554917576	2.56501731022718	-0.651437554917576	0.904378600144064	-0.0502164693326294	2.65307348689238	0.442122621244762
TRINITY_DN196262_c4_g3	-0.353207547574207	-0.353207547574207	-0.353207547574207	-0.353207547574207	-0.353207547574207	-0.353207547574207	-0.353207547574207	-0.353207547574207	-0.353207547574207	1.18433702439037	0.0560475991106309	0.369258476896884	0.549830722538705	0.812865128372499	0.206528976858776
TRINITY_DN188659_c0_g1	-0.65377794018425	-0.65377794018425	-0.65377794018425	-0.65377794018425	-0.65377794018425	-0.65377794018425	-0.65377794018425	-0.65377794018425	-0.65377794018425	3.30728968608354	0.588672133493452	0.600211326046537	0.274497621427685	1.76710863479128	-0.65377794018425
TRINITY_DN162158_c4_g5	2.28919425607699	0.209504028773783	1.67603664695413	2.32339373467909	0.0692094368527847	-1.20999666639521	1.08428563253084	0.0905211776401975	1.80005788519439	-1.32811579294859	-0.906992131067525	-1.50234424201462	-1.43870360854907	-1.44831360272289	-1.7077367550043
TRINITY_DN158309_c3_g1	-1.73549119199092	-2.5010259383539	-0.997677203186396	-0.930077333180573	-0.480612635809714	-0.245223101751182	-1.7346427973526	0.0606667830444088	-1.82837430902552	-1.54571313490919	1.32211198094463	-1.20354102264333	7.29412408593861	-1.8094917734347	6.33496759171038
TRINITY_DN172555_c8_g1	-0.825298677014301	-0.825298677014301	-0.825298677014301	-0.825298677014301	-0.825298677014301	-0.825298677014301	-0.825298677014301	-0.825298677014301	-0.825298677014301	4.16088468586707	-0.825298677014301	-0.0162959020752146	1.17758383151882	3.75611283184663	-0.825298677014301
TRINITY_DN84765_c0_g1	-0.496601079481756	-0.496601079481756	-0.496601079481756	-0.496601079481756	-0.496601079481756	-0.496601079481756	-0.496601079481756	-0.496601079481756	-0.496601079481756	1.5509373092816	-0.496601079481756	0.356995426720756	1.5826916877911	0.847659315503662	0.627727055520445
TRINITY_DN184631_c1_g1	-1.02053395545291	-0.206881794934092	-0.312637431441182	-1.2133593590053	-0.36136052189285	-1.2133593590053	-0.866260688383028	-0.815008988659332	-0.921755800974732	2.24357817723323	-0.850468716339436	-0.947922462956198	6.58943485567106	0.920861580755337	-1.02432553461528
TRINITY_DN192566_c1_g1	-0.447661381375626	-0.447661381375626	-0.447661381375626	-0.447661381375626	-0.447661381375626	-0.447661381375626	-0.447661381375626	-0.447661381375626	-0.447661381375626	2.4751073415415	-0.447661381375626	0.0315691798307103	0.593581600856255	0.732486479782803	0.643869211744991
TRINITY_DN160534_c1_g2	-0.622120828811119	-0.17369066698943	-0.537231931224606	-0.632758259793376	-0.47848814035195	-0.526033724619742	-0.528514714123497	-0.745124782865939	-0.559892528635778	6.80260265075519	-0.585495597044711	-0.745124782865939	-0.334783678251852	0.295417010996908	-0.628760026174155
TRINITY_DN181323_c0_g3	-0.505126266452255	-0.505126266452255	-0.505126266452255	-0.505126266452255	-0.505126266452255	-0.505126266452255	-0.505126266452255	-0.505126266452255	-0.505126266452255	2.2820972178309	0.0179337953429942	0.398683292126442	0.946941963771556	1.40560639545066	-0.505126266452255
TRINITY_DN190106_c5_g1	-0.670448074493573	-1.067703420088	-0.940730563830234	-0.93545562178956	-1.067703420088	-0.404131084670477	-1.067703420088	-1.067703420088	-0.751557677794644	0.0619093180424692	-0.71268715586845	1.91287032913696	1.00714449581217	3.13573268371564	2.56816703209171
TRINITY_DN189885_c0_g5	-0.863271393909983	-0.863271393909983	-0.863271393909983	-0.863271393909983	-0.863271393909983	-0.863271393909983	-0.863271393909983	-0.863271393909983	-0.863271393909983	4.08205538335464	-0.863271393909983	-0.863271393909983	2.26518699023695	3.18094784272313	-0.0322048833049102
TRINITY_DN163470_c3_g1	-0.486672018937287	-0.486672018937287	-0.486672018937287	-0.486672018937287	-0.486672018937287	-0.486672018937287	-0.486672018937287	-0.486672018937287	-0.486672018937287	0.761255494506298	0.285635956021116	0.799026107020838	0.46640693367522	2.5543956981494	-0.486672018937287
TRINITY_DN162514_c5_g1	-1.03487713209194	-0.803444723643979	-1.03487713209194	-1.03487713209194	-1.03487713209194	-0.49584242912119	-0.93322705599751	-1.03487713209194	-0.902629333793505	4.91507794218151	-0.921176632927216	-0.0654963671503364	-0.875247946270717	4.52274739184035	0.733624815342315
TRINITY_DN168265_c3_g1	-0.497512388679593	-0.497512388679593	-0.497512388679593	-0.497512388679593	-0.497512388679593	-0.497512388679593	-0.497512388679593	-0.497512388679593	-0.497512388679593	1.49887635776803	-0.497512388679593	1.34405824871592	1.11035051415164	0.707880124310092	0.313958641850243
TRINITY_DN158844_c10_g2	-0.77429499362723	-0.77429499362723	-0.77429499362723	-0.77429499362723	-0.77429499362723	-0.77429499362723	-0.77429499362723	-0.77429499362723	-0.77429499362723	5.44423433913392	0.432348230356165	-0.042242920326941	-0.77429499362723	2.68290528073638	-0.77429499362723
TRINITY_DN164448_c0_g2	-1.34085679211224	-0.970800980805639	-1.32943195865544	-1.35752071396773	-1.22694900105419	-0.296926189236778	-0.776431222393782	-1.42077227019387	-0.671733843727089	6.09813337865458	-0.823736937172139	7.10620087152399	-0.625980248561473	-0.843463342016149	-1.51973075028204
TRINITY_DN199707_c7_g2	-0.809481269466811	-0.809481269466811	-0.809481269466811	-0.809481269466811	-0.809481269466811	-0.809481269466811	-0.809481269466811	-0.809481269466811	-0.809481269466811	5.99097863842089	-0.809481269466811	-0.809481269466811	0.642586960757	1.89561195026808	0.375116414688949
TRINITY_DN180114_c2_g1	-0.487211956407442	-0.487211956407442	-0.487211956407442	-0.487211956407442	-0.487211956407442	-0.487211956407442	-0.487211956407442	-0.487211956407442	-0.487211956407442	2.48272131829041	-0.0499842174945325	-0.487211956407442	0.0676224394867503	1.84105007220197	0.53070995158982
TRINITY_DN128047_c0_g1	-1.02457319873539	-1.02457319873539	-1.02457319873539	-1.02457319873539	-1.02457319873539	-1.02457319873539	-0.933719768284281	-1.02457319873539	-1.02457319873539	3.89952668690535	-1.02457319873539	-0.954183870843996	3.9794337272949	-1.02457319873539	4.25467521228198
TRINITY_DN198001_c7_g1	-1.60735183769568	-0.447123976988901	-2.02639404472543	-2.1422054901188	-0.564503674279236	-0.963615627549359	-0.154753115419661	-0.47661272090347	-0.0420181437234586	1.44121716957122	1.33927787296405	0.665925199576408	2.36568465168791	1.24669359062996	1.36578014697445
TRINITY_DN164448_c0_g3	-1.0676698916897	-1.0676698916897	-0.435401676190188	-0.809452502153683	-0.904171159406822	-1.0676698916897	-0.304683326809125	-0.305533721788589	-0.458860649014178	8.09221405600421	-0.871062847594884	0.166218168484576	0.659161325342792	-0.699180891044598	-0.926237100760406
TRINITY_DN191336_c0_g4	-0.806513920924668	-0.0264127840406969	-0.957714019454842	-1.16451780666984	-0.869846476240779	-1.04639586799434	-1.16055254066223	-1.28884594167204	-0.74386605841624	6.66855215581747	-1.19799251122093	-1.09854715004545	1.94274006752569	2.67138773002241	-0.921474876023515
TRINITY_DN190104_c1_g1	-0.614594882295689	-1.13378961286582	-1.39132384032253	-1.14596432681193	-0.941144534923429	-1.25801855910543	-0.826260897039079	-1.3587559778661	-1.19571736200903	5.99734223166708	-0.931532940139138	7.89580027404339	-0.918183386480118	-0.935369897296794	-1.24248628855538
TRINITY_DN182682_c1_g4	-0.525775807342313	-0.525775807342313	-0.525775807342313	-0.525775807342313	-0.525775807342313	-0.525775807342313	-0.525775807342313	-0.525775807342313	-0.525775807342313	2.3351869905158	-0.525775807342313	0.0990269579106339	1.42282504015104	1.08492425479245	0.315794830053204
TRINITY_DN158971_c4_g3	-1.18174571709756	0.0617801323595057	-0.442213049227556	-1.07290477980383	-0.408748933302782	-0.927947684173851	-0.807093289299466	-0.881302488347668	-0.576795669877671	5.79115353457531	-0.774759890916062	-0.190120393675688	-0.822033309323414	2.39914288543062	-0.166411347319884
TRINITY_DN166916_c3_g1	-0.770061007911314	-0.770061007911314	-0.719037004886847	-0.587368710395124	-0.770061007911314	-0.770061007911314	-0.770061007911314	-0.648382451323062	-0.726016675205293	-0.26518641851285	2.61688785692446	0.566222379953118	3.13538617082754	1.24786090008595	-0.770061007911314
TRINITY_DN166638_c3_g2	-1.58849208692239	-1.22051662451559	-0.569728010257901	-0.461996887349039	-1.33033990246834	-0.0645063696519026	-1.71579641119746	-0.934533493609698	-1.28619279878396	-1.29909624601961	-1.4436960706061	-1.65201330673082	8.14227493311338	6.55103766083888	-1.12640438583945
TRINITY_DN190987_c3_g3	-0.53207059845226	-0.53207059845226	-0.53207059845226	-0.53207059845226	-0.53207059845226	-0.53207059845226	-0.53207059845226	-0.53207059845226	-0.53207059845226	0.40074650428959	0.721918667778526	1.77273245733316	0.165703221102925	0.140581030876124	1.58695350469001
TRINITY_DN162482_c3_g1	-0.440674456978495	-0.440674456978495	-0.440674456978495	-0.440674456978495	-0.440674456978495	-0.440674456978495	-0.440674456978495	-0.440674456978495	-0.440674456978495	0.83075121911444	-0.440674456978495	0.358412849095509	2.0986084515913	0.507926390514861	0.611045659468833
TRINITY_DN155619_c4_g6	-1.12257147145706	-1.32435720325592	-1.34547019040912	0.573422341652842	-0.974522219536288	-1.63353339073444	-0.790353500477264	-0.621322306783563	-1.54267996028332	8.70999657575723	-1.3442891055778	-0.704499912088581	-1.0630704597084	3.50528107816784	-0.322030275266168
TRINITY_DN137177_c2_g1	-0.798657534167253	-0.798657534167253	-0.798657534167253	-0.798657534167253	-0.798657534167253	-0.798657534167253	-0.798657534167253	-0.798657534167253	-0.798657534167253	-0.798657534167253	1.38371695410855	2.76034473202227	1.1303759444786	1.88458976227733	0.827547948785784
TRINITY_DN160762_c3_g7	-0.596767420624941	-0.596767420624941	-0.596767420624941	-0.596767420624941	-0.596767420624941	-0.596767420624941	-0.596767420624941	-0.596767420624941	-0.596767420624941	0.594163438937673	-0.596767420624941	1.61050075248709	0.867900846378503	1.21716764985638	1.67794151858977
TRINITY_DN191136_c0_g2	-0.476228566043587	-0.476228566043587	-0.476228566043587	-0.476228566043587	-0.476228566043587	-0.476228566043587	-0.476228566043587	-0.476228566043587	-0.476228566043587	2.44368352263372	0.225098691369354	1.05733478217093	0.394037504352396	0.642131159909471	-0.476228566043587
TRINITY_DN202421_c0_g1	-0.323305040064966	-0.323305040064966	-0.323305040064966	-0.323305040064966	-0.323305040064966	-0.323305040064966	-0.323305040064966	-0.323305040064966	-0.323305040064966	-0.323305040064966	0.607243079182889	0.213742479339692	1.67489046308829	0.329296177531554	0.407878201507235
TRINITY_DN156517_c2_g1	-0.816844552579776	-0.816844552579776	-0.816844552579776	-0.816844552579776	-0.816844552579776	-0.816844552579776	-0.816844552579776	-0.816844552579776	-0.816844552579776	4.08445680937497	-0.816844552579776	-0.816844552579776	1.06482006674057	3.07126547600575	0.764747726256238
TRINITY_DN194722_c2_g3	-0.536325185739548	-0.536325185739548	-0.536325185739548	-0.536325185739548	-0.536325185739548	-0.536325185739548	-0.536325185739548	-0.536325185739548	-0.536325185739548	2.21941699360584	0.134515150142014	0.377473779211149	1.03559427750601	1.59625165693046	-0.536325185739548
TRINITY_DN168439_c1_g1	-0.549618677733937	-0.549618677733937	-0.549618677733937	-0.549618677733937	-0.549618677733937	-0.549618677733937	-0.549618677733937	-0.549618677733937	-0.549618677733937	2.54106541237531	0.27494553435589	-0.549618677733937	0.769421137828599	2.16759162128566	-0.256836928506091
TRINITY_DN190367_c5_g1	2.1345383869328	3.10584608190761	1.88864243897744	2.94459638189158	4.58301898539662	-1.9518207948921	1.86344720880877	-1.68518415237811	-1.80516557277264	-1.85420999826568	-1.78317875933326	-1.9518207948921	-1.88831785258595	-1.77422186556437	-1.82616969323058
TRINITY_DN175581_c5_g2	-1.38937967460812	0.358444768965573	-1.92380056670949	-1.69416221683656	-1.09498256106607	-1.37031919583922	-0.165238743736487	-0.297074202674554	-1.93448284946541	6.8758884482786	-2.7345592946175	-0.959417085603402	1.93058757044848	4.31418905027036	0.0843065531937928
TRINITY_DN145868_c1_g1	2.72765069851683	1.32150965556385	0.971573556532249	1.54385952015214	-0.00565459530488166	-0.935757173236639	0.913469183540813	1.4429386854054	-0.0541612436791103	-2.04533396536788	-1.27664736476495	-1.5013647068058	-1.08627930371872	-0.872060347240255	-1.14374259959304
TRINITY_DN187676_c0_g2	-0.789720959102311	-0.789720959102311	-0.789720959102311	-0.789720959102311	-0.789720959102311	-0.789720959102311	-0.789720959102311	-0.789720959102311	-0.789720959102311	4.45070786529442	-0.789720959102311	0.0813341159843182	1.64243672820824	2.51245184063844	-0.789720959102311
TRINITY_DN191833_c2_g1	-0.61172843758005	-0.61172843758005	-0.61172843758005	-0.61172843758005	-0.61172843758005	-0.61172843758005	-0.61172843758005	-0.61172843758005	-0.61172843758005	1.83902093795745	1.14144818974207	0.606122659231081	1.78990202900469	0.435111816622922	-0.306049694337763
TRINITY_DN169391_c1_g1	-0.634143535147219	-0.634143535147219	-0.634143535147219	-0.634143535147219	-0.634143535147219	-0.634143535147219	-0.634143535147219	-0.634143535147219	-0.634143535147219	4.34189926233072	0.116891641520643	-0.634143535147219	0.294132026464715	1.21905371962314	0.369458701532976
TRINITY_DN169866_c3_g1	-0.743998669844056	-0.743998669844056	-0.694367902119456	-0.691582775692918	-0.743998669844056	-0.743998669844056	-0.743998669844056	-0.681876957936259	-0.699954337138035	4.37995716209611	-0.669493233480427	-0.702755687612175	4.80853210673469	-0.639662010029321	-0.688803015601932
TRINITY_DN180938_c2_g2	-1.6937318306129	-0.868353226719965	-1.16566066603416	-1.03015949519537	-1.6937318306129	-0.551645200995369	-1.51868634450198	-0.408033704654771	-1.21036746989955	6.3470072069269	-1.13301687613842	-1.00130463252319	1.41579589118546	6.02547214923067	-1.51358396945447
