b_F_K5_04	b_F_K5_05	b_F_K5_06	nb_F_K5_07	nb_F_K5_08	nb_F_K5_09
TRINITY_DN164358_c3_g5	1.72766640033908	1.03029175609324	-0.0232608677017138	-0.911565762910201	-0.911565762910201	-0.911565762910201
TRINITY_DN157561_c8_g1	-1.30815265834382	-1.30815265834382	-1.30815265834382	0.199261440671625	2.82795667971395	0.89723985464587
TRINITY_DN141422_c0_g1	0.836342932303713	0.807261868439763	0.82302918429808	-0.822211328347185	-0.822211328347185	-0.822211328347185
TRINITY_DN138006_c0_g1	-1.08026503943575	-1.08026503943575	-1.08026503943575	0.575086789176807	1.18697110237666	1.47873722675377
TRINITY_DN151684_c1_g1	1.61579831120066	1.66533578462847	-0.283692928620494	-0.999147055736212	-0.999147055736212	-0.999147055736212
TRINITY_DN155734_c0_g2	-0.84411197398357	-0.84411197398357	-0.84411197398357	0.993023939939613	0.843396686737158	0.695915295273938
TRINITY_DN167620_c1_g1	0.514064370924211	0.833921776457131	1.09288283237417	-0.813622993251836	-0.813622993251836	-0.813622993251836
TRINITY_DN178403_c0_g1	-0.812053900991295	-0.812053900991295	-0.812053900991295	0.466525649467128	1.3970874968473	0.57254855665946
TRINITY_DN189977_c5_g7	-1.0899294359727	-1.0899294359727	-1.0899294359727	-0.610698874766363	1.85754970999398	2.02293747269048
TRINITY_DN161353_c4_g2	-0.982003965384285	-0.982003965384285	-0.982003965384285	2.01329963995096	-0.365646268387595	1.29835852458949
TRINITY_DN198266_c0_g2	2.92975312442291	1.60114802601059	2.26504905779292	-2.75189290972702	-2.40252763213281	-1.6415296663666
TRINITY_DN174833_c6_g1	1.14709845236442	1.71902113996344	0.496091226871735	-1.1207369397332	-1.1207369397332	-1.1207369397332
TRINITY_DN180369_c0_g1	-1.02382370098718	-1.02382370098718	-1.02382370098718	1.48840318552677	0.96349716494207	0.619570752492709
TRINITY_DN157373_c7_g2	-0.886147072644276	-0.886147072644276	-0.886147072644276	1.37928982340482	0.373276079637139	0.905875314890866
TRINITY_DN167082_c2_g1	-1.86216536407268	-1.86216536407268	-1.44748858364579	2.43341073903115	0.310002085980594	2.4284064867794
TRINITY_DN184152_c0_g1	1.7487029591058	0.343160597886786	0.70367579184667	-0.931846449613084	-0.931846449613084	-0.931846449613084
TRINITY_DN190417_c1_g3	-0.947341804940473	-0.947341804940473	-0.947341804940473	0.73253234280615	0.74329877367522	1.36619429834005
TRINITY_DN191807_c2_g2	0.656562175041033	0.435407374987388	1.56586102928326	-0.885943526437229	-0.885943526437229	-0.885943526437229
TRINITY_DN174722_c1_g2	-1.37473852456143	-1.37473852456143	-1.37473852456143	2.39851939046626	1.65842014221957	0.0672760409984579
TRINITY_DN161605_c2_g1	-0.857979959572178	-0.857979959572178	-0.857979959572178	0.925267137805938	0.905431614897829	0.743241126012768
TRINITY_DN160364_c7_g1	2.29957353500852	2.29824547554407	-0.757912940767423	-1.27996868992839	-1.27996868992839	-1.27996868992839
TRINITY_DN177718_c5_g1	-0.97869825536721	-0.97869825536721	-0.97869825536721	2.11570673843412	0.289137136730405	0.531250890937101
TRINITY_DN166151_c5_g1	0.916207144897944	1.90734790821061	0.429987013928575	-1.08451402234571	-1.08451402234571	-1.08451402234571
TRINITY_DN155435_c1_g2	-1.00787854963815	-0.994019701077767	-1.05890255266262	1.64928468335809	1.14273130850703	0.268784811513426
TRINITY_DN170705_c10_g1	-1.91999735095817	-1.91999735095817	-1.91999735095817	2.1123680208361	1.96616256237924	1.68146146965918
TRINITY_DN200008_c11_g3	-0.839440266832135	-0.839440266832135	-0.839440266832135	0.393834272158799	1.1405850334066	0.983901494931008
TRINITY_DN181678_c8_g4	-1.21507103161885	-1.31537593741454	-1.31537593741454	0.768348028978469	1.30098175958215	1.77649311788731
TRINITY_DN160257_c8_g1	-1.38656968416869	-1.38656968416869	-1.38656968416869	1.5488900636366	1.13523487755525	1.47558411131421
TRINITY_DN196151_c8_g1	-0.896086452285997	-0.896086452285997	-0.896086452285997	0.960301724528093	1.0780757155106	0.649881916819295
TRINITY_DN177294_c0_g1	0.556560336070038	1.2396475615344	0.877642027271704	-0.891283308292047	-0.891283308292047	-0.891283308292047
TRINITY_DN162229_c5_g1	-1.13932976239401	-1.13932976239401	-1.13932976239401	-0.57959323796103	2.33120710269857	1.6663754224445
TRINITY_DN198515_c4_g1	-0.943578126728219	-0.943578126728219	-0.943578126728219	0.881800477164713	0.782817164922233	1.16611673809771
TRINITY_DN161471_c7_g2	-2.18660082359879	-2.60127760402568	-2.60127760402568	2.69606056957615	2.27120644316014	2.42188901891386
TRINITY_DN183417_c3_g3	-0.857591945994455	-0.857591945994455	-0.857591945994455	0.119871165245011	1.7779302954653	0.674974377273057
TRINITY_DN147815_c1_g1	2.14120026071584	3.39295474168363	-0.910035892504257	-1.54137303663174	-1.54137303663174	-1.54137303663174
TRINITY_DN187488_c1_g1	-0.985564870478927	-0.985564870478927	-0.985564870478927	0.546003738336036	1.34871735481631	1.06197351828443
TRINITY_DN174849_c7_g2	0.601567637439917	2.114605595847	1.22383203025111	-1.39698894569041	-1.1460273721572	-1.39698894569041
TRINITY_DN176468_c8_g4	2.4572499967631	3.57308163469312	2.00323975474387	-2.5560256688309	-2.69131703517186	-2.78622868219733
TRINITY_DN196667_c0_g2	-0.899450122118068	-0.899450122118068	-0.899450122118068	0.478506511692046	0.521167016860623	1.69867683780154
TRINITY_DN161948_c1_g1	-1.35857622764429	-1.35857622764429	-1.35857622764429	1.30658911452649	2.05081470849341	0.718324859912972
TRINITY_DN155020_c3_g1	-0.984007687592384	-0.984007687592384	-0.984007687592384	1.95916350503499	0.0267721511608586	0.966087406581302
TRINITY_DN157391_c2_g2	2.63096314239642	1.10268369060839	1.91753490092614	-1.88372724464365	-1.88372724464365	-1.88372724464365
TRINITY_DN170794_c4_g1	1.80821245064872	0.958203917795789	2.58434351396279	-1.7835866274691	-1.7835866274691	-1.7835866274691
TRINITY_DN175803_c7_g1	-1.51166006181855	-1.4522921400184	-1.48296174582377	-0.451660072082382	2.49965911135447	2.39891490838863
TRINITY_DN182831_c2_g1	-0.941314145970864	-0.941314145970864	-0.941314145970864	0.386947882638549	1.8542450254677	0.582749529806346
TRINITY_DN140132_c1_g1	1.25085583556657	0.613496936441475	0.906298976881508	-0.923550582963183	-0.923550582963183	-0.923550582963183
TRINITY_DN171558_c2_g1	-0.963877597183287	-0.963877597183287	-0.963877597183287	0.668855928767248	0.399013045482573	1.82376381730004
TRINITY_DN174938_c6_g1	-1.18082469702767	-1.18082469702767	-1.18082469702767	0.138215118534861	1.56182831727553	1.84243065527263
TRINITY_DN181012_c7_g1	0.703539366011507	2.58078310894735	2.78191736018368	-2.14004255714248	-2.14004255714248	-1.78615472085758
TRINITY_DN197647_c4_g2	-0.923136806346827	-0.923136806346827	-0.923136806346827	0.403975664400258	1.02583774793294	1.33959700670728
TRINITY_DN193258_c2_g1	2.05447732990241	-0.19630192402474	1.10054397313713	-0.986239793004935	-0.986239793004935	-0.986239793004935
TRINITY_DN160002_c4_g5	-0.830933897873399	-0.830933897873399	-0.830933897873399	0.798072935553778	1.21415954047155	0.480569217594871
TRINITY_DN156709_c0_g1	2.54960305215173	2.55985112631531	1.62888168458297	-2.24611195435	-2.24611195435	-2.24611195435
TRINITY_DN189879_c3_g5	2.45070051590995	3.53911588466984	2.64856955173179	-2.8065975203747	-2.94822892974731	-2.88355950218958
TRINITY_DN167340_c6_g1	-0.813541522625812	-0.813541522625812	-0.813541522625812	0.52217038769465	1.42982290306785	0.48863127711494
TRINITY_DN171594_c4_g3	-1.07963992858051	-1.07963992858051	-1.07963992858051	1.81294538661215	0.873811572785753	0.552162826343622
TRINITY_DN164528_c0_g1	-0.995060430662294	-0.995060430662294	-0.995060430662294	0.0794450057013354	1.90043608826433	1.00530019802122
TRINITY_DN196164_c4_g3	-1.22945263755507	-1.22945263755507	-1.22945263755507	0.326363517506566	1.60485406540783	1.75714032975082
TRINITY_DN199845_c2_g3	-0.897097744274503	-0.897097744274503	-0.897097744274503	1.63721292073522	1.12011154575772	-0.0660312336694298
TRINITY_DN167220_c6_g6	1.1754537869722	1.35373662745239	0.852721371572902	-1.12730392866583	-1.12730392866583	-1.12730392866583
TRINITY_DN198145_c2_g1	-1.62147434351013	-1.55320040462074	-1.99998596676386	1.78053411627536	1.47820929117531	1.91591730744406
TRINITY_DN161602_c1_g5	1.04696654396246	1.56926201962751	0.761294334448938	-1.12584096601297	-1.12584096601297	-1.12584096601297
TRINITY_DN160038_c8_g2	1.4582556812322	1.9368301825159	0.831464281063256	-1.40885004827045	-1.40885004827045	-1.40885004827045
TRINITY_DN194663_c5_g5	-1.44382735051083	-1.44382735051083	-1.44382735051083	0.751520247811394	1.67669048360964	1.90327132011144
TRINITY_DN147815_c2_g1	1.2971341257099	1.90983680195191	1.186036076515	-1.39483691797874	-1.54227348475958	-1.45589660143849
TRINITY_DN167105_c7_g1	0.0799997386881482	1.16947056601628	1.47794750133582	-0.909139268680085	-0.909139268680085	-0.909139268680085
TRINITY_DN133471_c0_g1	-1.42756719190131	-1.42756719190131	-1.42756719190131	3.83783219598964	1.58910740356396	-1.14423802384967
TRINITY_DN199407_c3_g1	-1.76216724421922	-1.51249809647147	-2.47470463808736	1.69715686705629	3.71238316491715	0.339829946804612
TRINITY_DN183476_c2_g1	0.644200331345469	1.15896207943736	1.10483155393455	-0.969331321572459	-0.969331321572459	-0.969331321572459
TRINITY_DN173296_c3_g1	-1.03657730781984	-0.966187979928441	-1.03657730781984	1.02312406432646	0.586821374557425	1.42939715668423
TRINITY_DN186652_c6_g5	-2.23215353571619	-2.23215353571619	-2.23215353571619	1.86106857482284	2.79619459847312	2.03919743385259
TRINITY_DN179194_c2_g1	-1.01911186074721	-1.01911186074721	-1.01911186074721	-0.250186525183455	2.26347620951196	1.04404589791312
TRINITY_DN199955_c5_g1	-0.884724659605499	-0.92596764183738	-0.883323304428887	0.885092305902699	0.895334398052149	0.913588901916917
TRINITY_DN169567_c0_g1	0.921587139502206	2.18222640250994	-0.0701236522932132	-1.01122996323964	-1.01122996323964	-1.01122996323964
TRINITY_DN162597_c11_g1	4.31772511734173	4.83635294341499	3.02174626817987	-3.41789306657552	-4.38580808873593	-4.37212317362514
TRINITY_DN177514_c3_g4	-2.02105299059504	4.55586365316591	5.38024375773678	-2.63835147343588	-2.63835147343588	-2.63835147343588
TRINITY_DN159839_c4_g1	-0.880548816942765	-0.880548816942765	-0.880548816942765	0.770215742174138	0.679187707490218	1.19224300116394
TRINITY_DN165345_c3_g1	-1.01331944053306	-1.01331944053306	-1.01331944053306	1.20639119901571	0.293526059781218	1.54004106280226
TRINITY_DN166362_c6_g2	0.310272405550866	1.52402364795781	1.13789349793717	-0.990729850481948	-0.990729850481948	-0.990729850481948
TRINITY_DN190860_c6_g3	-0.964724903180921	-0.964724903180921	-0.964724903180921	1.87362183334031	1.22399250602176	-0.203439629819302
TRINITY_DN188820_c4_g3	-0.825622319769894	-0.825622319769894	-0.825622319769894	0.400269541920447	1.40857240318392	0.668025014205316
TRINITY_DN171515_c2_g2	1.07913362649269	1.46346737833031	1.20478420152717	-1.24912840211672	-1.24912840211672	-1.24912840211672
TRINITY_DN193747_c1_g3	-1.2722215298739	-0.906378398944907	-1.3635232917256	1.13757181424362	1.49133423444845	0.913217171852329
TRINITY_DN171866_c4_g1	1.2291547360826	0.786080597493317	0.957361449515396	-0.990865594363771	-0.990865594363771	-0.990865594363771
TRINITY_DN169632_c0_g6	0.207858192171847	0.701306927880192	1.93645015322542	-0.948538424425818	-0.948538424425818	-0.948538424425818
TRINITY_DN161042_c4_g1	-1.51627870418977	-1.51627870418977	-1.51627870418977	2.26361133515028	2.25158792798686	0.0336368494321835
TRINITY_DN175858_c1_g2	-1.01966514278957	-1.01966514278957	-1.01966514278957	0.884529905448301	1.45126211468555	0.723203408234869
TRINITY_DN154978_c7_g5	-0.976779444677735	-0.976779444677735	-0.976779444677735	0.595140018567823	1.62491707180322	0.710281243662158
TRINITY_DN123779_c0_g1	0.670725001839774	2.08008737984373	2.49482022384937	-1.74854420184429	-1.74854420184429	-1.74854420184429
TRINITY_DN151843_c2_g1	-1.31403565993724	-1.31403565993724	-1.31403565993724	-0.124369213287185	1.61063434823252	2.45584184486637
TRINITY_DN186307_c2_g1	-0.814636071951528	-0.814636071951528	-0.814636071951528	1.14067673149318	0.761160303377554	0.542071180983853
TRINITY_DN167422_c0_g2	-1.2213369071758	-1.08383338342587	-1.7378137904743	1.09614528268037	1.69181396001831	1.2550248383773
TRINITY_DN159989_c2_g1	-0.858574398392952	-0.858574398392952	-0.858574398392952	0.262441002568414	0.83072476214294	1.4825574304675
TRINITY_DN196300_c4_g1	-1.0593775342752	-1.0593775342752	-1.0593775342752	1.27404619944999	1.06196948260324	0.842116920772374
TRINITY_DN165094_c2_g6	-1.965697502998	-1.965697502998	-1.965697502998	2.61251666247445	0.811248688859082	2.47332715766048
TRINITY_DN172962_c1_g2	-0.871265412959744	-0.871265412959744	-0.871265412959744	1.66030319585522	0.190165187538003	0.763327855486012
TRINITY_DN175008_c1_g1	-0.84832794205111	-0.84832794205111	-0.84832794205111	0.606374386112578	0.645831621661733	1.29277781837902
TRINITY_DN194675_c3_g5	-0.871405027762789	-0.871405027762789	-0.871405027762789	0.799888344718787	0.672090855662983	1.1422358829066
TRINITY_DN170644_c2_g1	1.06100050675684	1.41084213236143	2.5145207784631	-1.66212113919379	-1.66212113919379	-1.66212113919379
TRINITY_DN172509_c1_g1	0.564070881409374	0.544141605562323	1.49364143352073	-0.867284640164142	-0.867284640164142	-0.867284640164142
TRINITY_DN196286_c4_g2	-1.69268519432375	-1.18353847530133	-1.46275085723304	1.56338257515058	1.65583148970381	1.11976046200375
TRINITY_DN158349_c2_g3	2.75542125423214	2.64885061484146	1.44266525056951	-2.28231237321437	-2.28231237321437	-2.28231237321437
TRINITY_DN167217_c8_g1	0.865086104296872	2.06536193292666	-0.0888278154943286	-0.9472067405764	-0.9472067405764	-0.9472067405764
TRINITY_DN188162_c5_g7	1.4036720464617	0.489650354040001	0.584425228335139	-0.825915876278948	-0.825915876278948	-0.825915876278948
TRINITY_DN186334_c2_g1	-2.20078022169116	-2.20078022169116	-2.20078022169116	3.83537140677039	2.16225064501533	0.604718613287757
TRINITY_DN175619_c6_g5	-1.13171541316305	-1.13171541316305	-1.13171541316305	0.448912497294214	1.40010268895835	1.54613105323659
TRINITY_DN199648_c1_g1	-1.26503567573549	-1.26503567573549	-1.26503567573549	-0.592384046407101	1.40376423309613	2.98372684051743
TRINITY_DN188536_c0_g1	-1.13810323984951	-1.02840837502358	-1.13810323984951	0.598285160853946	1.1022110894842	1.60411860438447
TRINITY_DN187711_c0_g3	-1.03443925857356	-1.03443925857356	-1.03443925857356	1.48937357915366	0.69978260764722	0.914161588919796
TRINITY_DN198390_c1_g1	-0.776494489679143	-0.776494489679143	-0.776494489679143	0.790564136620052	0.96378549299374	0.575133839423639
TRINITY_DN164824_c2_g1	-1.08359688333114	-1.08359688333114	-1.08359688333114	0.795324596418715	1.15059783962268	1.30486821395202
TRINITY_DN162434_c2_g3	-1.04699667474834	-1.04699667474834	-1.04699667474834	0.969856174259001	0.787310028214572	1.38382382177144
TRINITY_DN165171_c15_g1	-0.904865498461988	-0.894969462319488	-0.929185177657401	-0.00622621342122864	2.17900470234726	0.556241649512841
TRINITY_DN186318_c5_g2	1.19632151003184	1.50920995002492	0.639141373752842	-1.1148909446032	-1.1148909446032	-1.1148909446032
TRINITY_DN174534_c10_g5	-0.84236064827537	-0.84236064827537	-0.84236064827537	0.807944380644658	1.36678074956322	0.35235681461823
TRINITY_DN190056_c2_g2	-0.889696066137857	-0.889696066137857	-0.889696066137857	1.83822438842534	0.491587306365926	0.339276503622304
TRINITY_DN179252_c3_g1	-0.825831572808887	-0.825831572808887	-0.825831572808887	0.729984582252752	1.45631165597261	0.291198480201299
TRINITY_DN158051_c7_g1	-1.45309320147595	-1.25648615738113	-1.45309320147595	1.09829976655151	1.48801310947049	1.57635968431102
TRINITY_DN163812_c3_g1	1.28854814567986	1.12261242795114	0.416613184468151	-0.915095931211796	-0.956338913443678	-0.956338913443678
TRINITY_DN190732_c5_g2	-1.86269948237682	-1.86269948237682	-1.86269948237682	2.08888831243793	1.20373419113915	2.29547594355338
TRINITY_DN168897_c3_g1	-1.16158239193661	-0.874257006771945	-1.30619177264071	0.633209068657085	1.42372753685146	1.28509456584071
TRINITY_DN183927_c1_g2	-4.32342795459747	-3.40985510970634	-4.84548370375844	4.99382403023646	4.33797055415651	3.24697218366928
TRINITY_DN185614_c0_g1	-0.924660202650903	-0.924660202650903	-0.924660202650903	1.23011740912991	0.971805413538523	0.572057785284274
TRINITY_DN176293_c6_g1	-1.22323503438935	-1.15697359212062	-1.22323503438935	0.818708795580822	2.1692197813747	0.615515083943793
TRINITY_DN188919_c3_g1	0.391459449391348	1.21996792635494	1.23844384951584	-0.949957075087374	-0.949957075087374	-0.949957075087374
TRINITY_DN169644_c7_g2	-0.826297500617543	-0.826297500617543	-0.826297500617543	0.65551807300032	0.98064516396022	0.842729264892088
TRINITY_DN172044_c9_g1	0.913995222038269	2.10977700109172	0.782440750364123	-1.06071632615699	-1.30544991524784	-1.44004673208928
TRINITY_DN196640_c4_g1	-1.34054915002675	-1.34054915002675	-1.34054915002675	1.82359349882155	0.79465734940392	1.40339660185479
TRINITY_DN183330_c2_g1	-1.91476841812731	-1.91476841812731	-1.91476841812731	2.33710213057463	1.46817545144168	1.93902767236561
TRINITY_DN196876_c1_g1	1.41751073801756	0.934485512320802	0.695952455149601	-1.01598290182932	-1.01598290182932	-1.01598290182932
TRINITY_DN176079_c2_g1	1.63509409621652	1.71059276844923	2.00117077460374	-1.7822858797565	-1.7822858797565	-1.7822858797565
TRINITY_DN193595_c0_g1	-1.24588914116137	-1.24588914116137	-1.24588914116137	1.15054439008962	0.957625269969391	1.62949776342509
TRINITY_DN126646_c0_g1	-0.924619541337183	-0.924619541337183	-0.924619541337183	-0.138023179446376	1.98130893683595	0.930572866621971
TRINITY_DN199955_c5_g5	-0.912526012015817	-0.912526012015817	-0.912526012015817	0.41516135216023	1.188451635709	1.13396504817822
TRINITY_DN179910_c2_g2	-0.879845260785871	-0.879845260785871	-0.879845260785871	1.09284739321839	1.57853674337014	-0.0318483542309214
TRINITY_DN169987_c3_g1	-0.964966511088227	-0.964966511088227	-0.964966511088227	2.33134404961987	0.0902291431538976	0.473326340490919
TRINITY_DN182757_c1_g6	-1.32395885987599	-1.32395885987599	-1.32395885987599	0.724277325776853	1.07739855001428	2.17020070383685
TRINITY_DN171007_c2_g5	-1.19791712565488	-1.14522686474133	-1.69512316651455	0.903572433737124	2.10346039508795	1.03123432808568
TRINITY_DN187418_c1_g1	-1.06266603634371	-1.06266603634371	-1.06266603634371	0.640877683390107	0.917359263895024	1.629761161746
TRINITY_DN190992_c6_g1	-0.922961875875912	-0.922961875875912	-0.922961875875912	1.7808033029175	-0.073362864724461	1.0614451894347
TRINITY_DN174535_c4_g3	-0.880788217992459	-0.880788217992459	-0.880788217992459	0.238235885149815	1.8551671360198	0.548961632807757
TRINITY_DN162183_c0_g1	-0.914825768371767	-0.914825768371767	-0.914825768371767	1.15522001980116	1.4145849028468	0.174672382467336
TRINITY_DN164833_c0_g1	-1.53829663264	-1.53829663264	-1.53829663264	2.67419488884565	-1.26209776760776	3.20279277668213
TRINITY_DN178806_c0_g2	-1.110845736175	-1.110845736175	-1.110845736175	0.127329682402378	2.26363736814647	0.941570157976141
TRINITY_DN164730_c2_g1	-0.847280944704618	-0.847280944704618	-0.847280944704618	1.42921572093574	0.441372918900552	0.671254194277563
TRINITY_DN181170_c2_g3	-1.10677425187466	-1.10677425187466	-1.10677425187466	0.5676863996856	-0.178498690262724	2.9311350462011
TRINITY_DN163348_c3_g1	-1.16461437093293	-1.49689265398986	-1.11949122320407	1.34628723626731	1.58563963550653	0.849071376353012
TRINITY_DN156506_c5_g3	-1.60915255980274	-1.60915255980274	-1.60915255980274	1.31703667456072	1.34578817528635	2.16463282956116
TRINITY_DN175172_c4_g1	0.923999564794511	3.13958194269523	2.8221577336843	-2.29524641372468	-2.29524641372468	-2.29524641372468
TRINITY_DN182493_c4_g7	-1.13878986609338	-1.13878986609338	-1.13878986609338	1.78720955246285	1.35869476522583	0.27046528059146
TRINITY_DN186418_c1_g1	0.547801105514569	0.910371184899278	1.12129841974227	-0.859823570052039	-0.859823570052039	-0.859823570052039
TRINITY_DN189121_c7_g1	-1.24636479878742	-1.24636479878742	-1.24636479878742	1.5883464170173	-0.936024678175273	3.08677265752024
TRINITY_DN182884_c2_g1	-1.27285742463261	-1.09809574699769	-1.59826532505526	1.06877803907229	1.17590694920436	1.72453350840891
TRINITY_DN198447_c6_g1	-1.39992964707479	-1.39992964707479	-1.39992964707479	2.12049260145165	2.05108359586918	0.0282127439035389
TRINITY_DN190312_c1_g4	0.823291567257559	1.4669501660931	1.01446356174767	-1.10156843169944	-1.10156843169944	-1.10156843169944
TRINITY_DN160918_c5_g1	0.825504467762343	1.02600914395947	2.34038666812694	-1.39730009328292	-1.39730009328292	-1.39730009328292
TRINITY_DN182433_c3_g3	-1.11210771708932	-1.11210771708932	-1.11210771708932	1.34285775654539	1.16409114794292	0.829374246779656
TRINITY_DN182264_c3_g1	-1.03287296554791	-1.03287296554791	-1.03287296554791	0.692650079981117	0.779830611012374	1.62613820565024
TRINITY_DN183706_c4_g5	-0.988890549122263	-0.988890549122263	-0.988890549122263	0.400125510566246	1.61470612573794	0.951840011062599
TRINITY_DN162667_c8_g3	-1.40743443858817	-1.40743443858817	-1.40743443858817	0.732362458027179	1.41672240514066	2.07321845259667
TRINITY_DN185371_c3_g2	-1.10064309051442	-1.10064309051442	-1.10064309051442	0.604228873941933	3.20379493856539	-0.506094540964066
TRINITY_DN178881_c0_g4	-1.29764149960469	-1.29764149960469	-1.29764149960469	0.31400304376897	2.21458538690927	1.36433606813584
TRINITY_DN164717_c3_g1	-1.02897536221043	-1.02897536221043	-1.02897536221043	1.97588553539415	-0.476106491199124	1.58714704243625
TRINITY_DN179194_c2_g3	-1.18340615403053	-1.18340615403053	-1.18340615403053	-0.197905723725645	3.29368827952366	0.454435906293575
TRINITY_DN155768_c9_g2	-1.0286948068819	-1.0286948068819	-1.0286948068819	0.478719292133538	0.821304452584196	1.78606067592797
TRINITY_DN169854_c5_g5	-1.14532920974926	-1.14532920974926	-1.14532920974926	0.689382006055461	0.870810492905989	1.87579513028634
TRINITY_DN170497_c4_g5	-0.818247305776192	-0.818247305776192	-0.818247305776192	0.580650265426281	0.461521115817403	1.41257053608489
TRINITY_DN178519_c5_g1	-1.0109411706185	-1.0109411706185	-1.0109411706185	0.125906433574383	2.38329856429129	0.523618513989819
TRINITY_DN171549_c10_g1	-1.28894559961283	-1.30317113844589	-1.57937000347813	-0.593869573173249	2.15126995243866	2.61408636227145
TRINITY_DN170844_c2_g1	-1.52938962353867	-1.52938962353867	-1.52938962353867	1.46392243408121	1.89405408683993	1.23019234969488
TRINITY_DN87485_c0_g1	-1.98092846781417	-1.98092846781417	-1.98092846781417	3.11410981472078	1.08429915496145	1.74437643376027
TRINITY_DN184784_c6_g2	-1.14183589058659	-1.14183589058659	-1.14183589058659	0.821268264148963	1.02776847633037	1.57647093128042
TRINITY_DN171991_c2_g5	-1.45018493108974	-1.19317431288372	-1.45018493108974	0.603274000851779	1.28923116231129	2.20103901190014
TRINITY_DN158967_c1_g1	0.529061206865303	2.65514670986744	1.29340456361457	-1.65268515484612	-1.50748723930618	-1.31744008619502
TRINITY_DN192855_c2_g1	-0.77629471257386	-0.77629471257386	-0.77629471257386	0.715301881836589	1.09239205274828	0.521190203136715
TRINITY_DN190104_c1_g1	-2.4753601659234	-2.32172428289636	-2.53697928418707	4.00412437297586	-2.36880406469471	5.69874342472569
TRINITY_DN196540_c4_g1	-0.907894651814266	-0.907894651814266	-0.907894651814266	1.00858199262345	1.09642695413583	0.618675008683518
TRINITY_DN174927_c0_g3	-0.913428198487703	-0.913428198487703	-0.913428198487703	0.852530807558051	0.117261005583437	1.77049278232162
TRINITY_DN164808_c1_g3	-0.855941206141552	-0.855941206141552	-0.855941206141552	0.0859163128618877	1.44798563033914	1.03392167522363
TRINITY_DN157563_c10_g2	-1.40381429154323	-1.40381429154323	-1.40381429154323	0.845327611737116	-0.0175551504098852	3.38367041330246
TRINITY_DN199160_c6_g1	-0.266014484791645	2.74911281546898	1.16747003634505	-1.21685612234079	-1.21685612234079	-1.21685612234079
TRINITY_DN159565_c1_g2	-1.53501812593389	-1.79342108303604	-1.64186196406468	1.15287789713072	3.42839652385606	0.389026752047832
TRINITY_DN197132_c5_g3	-0.906894959593164	-0.906894959593164	-0.906894959593164	1.0424532046954	0.503446145020923	1.17478552906317
TRINITY_DN196311_c1_g2	-1.01455537669213	-1.01455537669213	-1.01455537669213	0.552503249607066	1.6244451957322	0.866717684737119
TRINITY_DN154199_c4_g7	-0.946298585062178	-0.946298585062178	-0.946298585062178	1.37042643651657	1.09283980884478	0.375629509825184
TRINITY_DN188603_c2_g2	-0.812689467779899	-0.812689467779899	-0.812689467779899	0.63250751460181	1.37824139178272	0.427319496955171
TRINITY_DN161488_c4_g2	-0.828014111641898	-0.828014111641898	-0.828014111641898	0.465356372562855	1.45768401431623	0.561001948046611
TRINITY_DN178913_c4_g1	-0.953300240856387	-1.20191413094401	-1.05173839054997	0.668993068347161	1.01206823006648	1.52589146393672
TRINITY_DN164590_c5_g1	-0.58873527890934	2.25469188427957	2.40702523804904	-1.35766061447309	-1.35766061447309	-1.35766061447309
TRINITY_DN162289_c6_g2	0.9321524593031	1.387274042289	0.567696431270789	-0.962374310954295	-0.962374310954295	-0.962374310954295
TRINITY_DN183485_c0_g2	-0.996078838197354	-0.996078838197354	-0.996078838197354	0.360628414738027	1.52170076526565	1.10590733458838
TRINITY_DN165525_c2_g2	-0.99846816609247	-0.99846816609247	-0.99846816609247	0.378377847923851	1.09947966944236	1.51754698091119
TRINITY_DN189074_c2_g1	1.72058658865058	2.66785672292005	1.05987261052353	-1.6183371602341	-1.82427906078995	-2.0056997010701
TRINITY_DN166048_c2_g7	-1.23658179425094	-1.23658179425094	-1.23658179425094	0.488941251278087	2.47480297880309	0.74600115267165
TRINITY_DN199046_c2_g2	-1.0494063787104	-1.0494063787104	-1.0494063787104	0.705481123453067	0.822437269798916	1.62030074287922
TRINITY_DN188567_c0_g1	1.30797415736308	3.18104595389335	1.57356680934296	-2.02086230686646	-2.02086230686646	-2.02086230686646
TRINITY_DN187400_c2_g1	-1.45614728332246	-1.45614728332246	-1.45614728332246	0.622804058072359	1.24006915073393	2.5055686411611
TRINITY_DN183429_c4_g1	3.67743930374919	0.033669895233531	0.42215985249608	-1.37775635049293	-1.37775635049293	-1.37775635049293
TRINITY_DN186808_c3_g1	-1.54490673565272	-1.54490673565272	-1.54490673565272	-0.685732279786284	2.81285637962216	2.50759610712227
TRINITY_DN170273_c5_g3	-0.917333781397927	-0.917333781397927	-0.917333781397927	1.08914378267328	1.05462355401708	0.608234007503421
TRINITY_DN155202_c3_g1	-1.38109298414119	-1.38109298414119	-1.38109298414119	2.59554559903215	2.342902360574	-0.795169007182586
TRINITY_DN166027_c11_g3	-0.958036693448135	-0.958036693448135	-0.958036693448135	0.361003122114401	1.22656099070763	1.28654596752238
TRINITY_DN169655_c1_g1	-0.901263483777037	-0.901263483777037	-0.901263483777037	-0.0718198024104457	1.39680825115696	1.3788020025846
TRINITY_DN162566_c1_g3	-0.895264211683584	-0.895264211683584	-0.895264211683584	0.900918199036421	0.756418968948526	1.0284554670658
TRINITY_DN158583_c3_g1	2.05424912473557	3.85023704011214	1.12472631736349	-2.72482784299497	-1.44301796327348	-2.86136667594274
TRINITY_DN158560_c2_g1	-1.28280824825192	-1.28280824825192	-1.28280824825192	1.56177826726972	2.17110435539198	0.115542122094048
TRINITY_DN179970_c4_g2	2.0508294311011	2.77787546954689	-0.717725311964607	-1.37032652956113	-1.37032652956113	-1.37032652956113
TRINITY_DN128937_c1_g1	0.625696174762951	0.559900071752399	2.0119177239534	-1.06583799015625	-1.06583799015625	-1.06583799015625
TRINITY_DN165718_c5_g2	-0.802127126928586	-0.802127126928586	-0.802127126928586	0.58523541390741	0.950621464478548	0.870524502399799
TRINITY_DN173623_c6_g4	-1.38635976095269	-1.45124261253754	-1.45124261253754	1.78601515836283	1.68773564078234	0.815094186882594
TRINITY_DN165230_c5_g3	-1.93261691553839	-1.93261691553839	-1.77686768286045	1.53231268559146	1.99670067937337	2.11308814897241
TRINITY_DN172872_c8_g1	-0.938422817186955	-0.938422817186955	-0.938422817186955	2.00117990316909	-0.163583057359628	0.977671605751404
TRINITY_DN182802_c3_g4	-1.17041571734161	-1.17041571734161	-1.17041571734161	1.66631636311752	0.454387047911333	1.39054374099599
TRINITY_DN165682_c10_g1	-0.87131511342457	-0.87131511342457	-0.87131511342457	0.168525151107221	1.19804334979925	1.24737683936724
TRINITY_DN168184_c3_g3	1.65965723913707	-0.15071716126037	1.58468028596787	-1.03120678794819	-1.03120678794819	-1.03120678794819
TRINITY_DN195129_c6_g1	-1.44063491524522	-1.27842487893091	-1.44063491524522	0.750927735455536	1.57693072776915	1.83183624619666
TRINITY_DN194337_c0_g4	1.09685734041975	0.99012863964368	0.724256780819577	-0.961459155171074	-0.961459155171074	-0.888324450540859
TRINITY_DN188604_c4_g3	3.0999583434172	3.53406429206133	-1.16630500777391	-1.8225725425682	-1.8225725425682	-1.8225725425682
TRINITY_DN193348_c1_g1	-0.882215890313532	-0.882215890313532	-0.882215890313532	1.36571162313005	0.768089138606496	0.512846909204046
TRINITY_DN193472_c1_g6	-0.955500828264669	-0.955500828264669	-0.955500828264669	0.427996115890696	1.2793070247625	1.15919934414081
TRINITY_DN186138_c3_g1	-1.88864086939332	-1.88864086939332	-1.88864086939332	-1.38580111113739	3.312757750581	3.73896596873633
TRINITY_DN173526_c2_g4	1.90318885022003	1.63204350683902	1.75547086793528	-1.76356774166478	-1.76356774166478	-1.76356774166478
TRINITY_DN182056_c8_g1	-1.05270784170609	2.51286911006558	2.5050616961245	-1.32174098816133	-1.32174098816133	-1.32174098816133
TRINITY_DN153771_c2_g4	2.07470238066579	1.38583357240027	0.0449931267214223	-1.16850969326249	-1.16850969326249	-1.16850969326249
TRINITY_DN168187_c6_g1	-1.16552185847265	-1.16552185847265	-1.16552185847265	0.675243478851226	1.31577708307492	1.5055450134918
TRINITY_DN176326_c6_g1	0.773120717227535	0.235552742577255	3.38465554346563	-1.46444300109014	-1.46444300109014	-1.46444300109014
TRINITY_DN182573_c1_g1	-0.0598466605602426	2.11983019339815	1.58680414687665	-1.21559589323819	-1.21559589323819	-1.21559589323819
TRINITY_DN158905_c16_g1	-1.03893888610246	-1.03893888610246	-1.03893888610246	0.507523472064634	1.40121602257785	1.20807716366489
TRINITY_DN171010_c2_g3	-1.08019422347847	-1.0236106951121	-1.08019422347847	0.140135731401085	0.759765364011061	2.2840980466569
TRINITY_DN171027_c3_g7	-1.19158674342803	-1.19158674342803	-1.19158674342803	1.43508600917796	0.897233289870556	1.24244093123557
TRINITY_DN159283_c1_g1	1.01789946802679	0.348172498977971	1.22991899601308	-0.865330321005945	-0.865330321005945	-0.865330321005945
TRINITY_DN158792_c9_g1	2.29272024607346	-0.066274177687216	0.917934424544629	-1.04812683097696	-1.04812683097696	-1.04812683097696
TRINITY_DN163232_c7_g1	1.49254305664025	0.647701553713491	1.4122824520808	-1.18417568747818	-1.18417568747818	-1.18417568747818
TRINITY_DN182646_c11_g1	-1.08999618316873	-1.08999618316873	-1.08999618316873	-0.407422885821156	1.93857296902804	1.73883846629932
TRINITY_DN159565_c0_g2	-4.87864626279364	-3.11945764456777	-4.32948894487574	4.90866739816387	4.3678517196671	3.05107373440618
TRINITY_DN166292_c2_g4	-1.18663858308774	-1.28940658444534	-1.38701738107176	1.6997663850703	0.136042680723487	2.02725348281105
TRINITY_DN178736_c1_g1	-1.14630439390974	-1.14630439390974	-1.14630439390974	0.482235925353019	2.66362447181169	0.293052784564515
TRINITY_DN180566_c2_g1	-1.07083863816704	-1.07083863816704	-1.07083863816704	1.41226770680013	2.38360049651951	-0.583352288818509
TRINITY_DN172144_c7_g1	1.66773896316617	0.337743587010697	0.686629649920112	-0.897370733365661	-0.897370733365661	-0.897370733365661
TRINITY_DN164033_c6_g5	2.02063318667706	1.46916482040304	0.83889059379045	-1.554800170397	-1.554800170397	-1.21908826007654
TRINITY_DN162385_c3_g4	1.15216674712703	0.408019254123466	2.20374000280439	-1.25464200135163	-1.25464200135163	-1.25464200135163
TRINITY_DN179520_c4_g6	-0.910482392855678	-0.910482392855678	-0.910482392855678	0.783729214912212	1.11490082862224	0.832817135032578
TRINITY_DN170480_c7_g3	1.95055509652629	0.634472431337982	0.56601139078145	-1.05034630621524	-1.05034630621524	-1.05034630621524
TRINITY_DN193517_c9_g1	-0.971549266993777	3.17290778034736	1.90560293713534	-1.39700857175913	-1.31294430697066	-1.39700857175913
TRINITY_DN199382_c0_g1	-1.28471072536999	-1.15905962370847	-1.28471072536999	0.862595973410303	1.28963302855002	1.57625207248813
TRINITY_DN194924_c1_g1	1.22807341800244	1.68766687959111	0.133657816110329	-1.05347647536421	-1.05347647536421	-0.942445162975462
TRINITY_DN167117_c2_g3	0.931822350882278	0.349604182434124	1.7549445887982	-1.04600706606968	-1.04600706606968	-0.944356989975244
TRINITY_DN162051_c1_g2	-0.844847223917029	-0.844847223917029	-0.844847223917029	0.333389360687776	1.40399117772322	0.797161133340094
TRINITY_DN193492_c4_g4	-0.907567894742734	-0.907567894742734	-0.907567894742734	0.126647820595179	1.56101542226409	1.03504044136893
TRINITY_DN172258_c4_g2	0.793656289656122	1.55261505331533	1.22707462521646	-1.1911153227293	-1.1911153227293	-1.1911153227293
TRINITY_DN180527_c3_g1	-0.851194891785276	-0.851194891785276	-0.851194891785276	0.402794374445511	0.865137588502711	1.28565271240761
TRINITY_DN179521_c3_g1	-1.50543528841448	-1.42545991169388	-1.50543528841448	1.45359293052921	1.70011362275855	1.28262393523507
TRINITY_DN176356_c5_g4	-1.728401492357	-1.87204322034374	-0.849861309646689	0.849433866553462	2.14760803751487	1.45326411827909
TRINITY_DN162702_c7_g1	1.15038436505637	0.786243269921758	2.75528556915602	-1.56397106804471	-1.56397106804471	-1.56397106804471
TRINITY_DN159301_c1_g3	-1.43260828580883	-1.43260828580883	-1.43260828580883	1.30117988281635	2.9677247009461	0.0289202736640453
TRINITY_DN197839_c1_g1	-0.862370775079332	-0.862370775079332	-0.862370775079332	0.912890517268418	0.566843454760252	1.10737835320933
TRINITY_DN184256_c5_g1	1.64912045781848	0.149190557059192	2.42303766661968	-1.40711622716579	-1.40711622716579	-1.40711622716579
TRINITY_DN199113_c1_g3	1.42128837299228	0.990069805313782	1.31549370896968	-1.24228396242525	-1.24228396242525	-1.24228396242525
TRINITY_DN181446_c1_g4	-0.890177478138596	-0.890177478138596	-0.890177478138596	1.82109715291126	0.260382198436785	0.58905308306774
TRINITY_DN186334_c3_g2	-1.33696272736891	-1.16832069181007	-1.33696272736891	1.97235900311511	2.30226943588037	-0.432382292447592
TRINITY_DN183985_c6_g1	-0.855853188304506	-0.855853188304506	-0.855853188304506	0.742035486860921	0.447489206182825	1.37803487186977
TRINITY_DN187182_c1_g2	-0.917591902246694	-0.917591902246694	-0.917591902246694	1.86313813422968	0.15004681462867	0.739590757881729
TRINITY_DN160562_c3_g1	1.58059643190035	2.41458112911945	2.41433494592856	-2.13650416898279	-2.13650416898279	-2.13650416898279
TRINITY_DN171740_c0_g5	-1.00849868544662	-1.00849868544662	-1.00849868544662	0.999055650691656	0.740391857199298	1.2860485484489
TRINITY_DN183755_c3_g3	-0.835333820034764	-0.835333820034764	-0.835333820034764	1.10802494264305	0.264298029979696	1.13367848748155
TRINITY_DN161868_c8_g3	-1.03316841891921	-1.03316841891921	-1.03316841891921	1.46559304675264	1.09710353559965	0.536808674405355
TRINITY_DN174140_c4_g1	0.718862772040814	0.977604566727469	0.696502838092562	-0.797656725620282	-0.797656725620282	-0.797656725620282
TRINITY_DN198677_c0_g1	-1.7460529342641	-1.7460529342641	-1.7460529342641	1.66306641018588	1.28710573251689	2.28798666008954
TRINITY_DN158144_c3_g1	0.655820229526521	0.889068195240336	2.45724775525244	-1.33404539333977	-1.33404539333977	-1.33404539333977
TRINITY_DN165890_c5_g1	-1.19519265043527	-1.19519265043527	-1.19519265043527	0.651601509038027	1.31728709648437	1.6166893457834
TRINITY_DN143075_c1_g1	1.9122385980663	3.63550087433492	3.08142110052082	-2.38027946059374	-3.12444055616415	-3.12444055616415
TRINITY_DN162448_c6_g2	-1.04486500177656	-1.04486500177656	-1.04486500177656	0.835624624911264	0.851213053620509	1.44775732679789
TRINITY_DN161663_c5_g2	-0.902110580476455	-0.902110580476455	-0.902110580476455	0.940667164818982	1.20624659761396	0.559417978996422
TRINITY_DN156938_c5_g4	-1.09386543575359	-1.09386543575359	-1.09386543575359	0.181737643583262	2.64479432995469	0.455064333722813
TRINITY_DN186597_c6_g5	0.0927987833503685	2.07913747729442	1.54993859047968	-1.24062495037482	-1.24062495037482	-1.24062495037482
TRINITY_DN193209_c1_g4	-1.11559000962262	-1.11559000962262	-1.11559000962262	2.32363417092198	0.754676060773358	0.268459797172535
TRINITY_DN158349_c2_g4	-2.56262434388805	-2.56262434388805	-2.56262434388805	2.88065076787776	2.2058246712925	2.60139759249389
TRINITY_DN161712_c0_g1	-0.863612461277311	-0.863612461277311	-0.863612461277311	0.969480022193902	1.09430213735567	0.527055224282357
TRINITY_DN164066_c2_g6	-0.820535580644315	-0.820535580644315	-0.820535580644315	0.912384801463943	1.29183094242825	0.257390998040754
TRINITY_DN196055_c8_g1	1.12831998546715	1.69874139829698	1.39463884358098	-1.39296258772516	-1.42011663922889	-1.40862100039106
TRINITY_DN196411_c3_g4	-0.813346495452357	-0.813346495452357	-0.813346495452357	0.336563172082568	1.07807269139372	1.02540362288078
TRINITY_DN193117_c6_g1	1.02695952967204	1.02322818996551	2.18381224608376	-1.4113333219071	-1.4113333219071	-1.4113333219071
TRINITY_DN175208_c0_g1	1.91742232128325	3.09696496803083	1.8512901519012	-2.53352776088357	-2.29672489662295	-2.03542478370876
TRINITY_DN166641_c7_g1	-1.24037872216762	-1.24037872216762	-1.24037872216762	-0.264381764551176	1.09875866275197	2.88675926830207
TRINITY_DN195391_c1_g1	-2.3619419813838	-2.3619419813838	-2.3619419813838	2.05415460822855	2.50506487582736	2.52660646009549
TRINITY_DN155115_c5_g1	-1.7289954981289	-1.74045056966248	-1.66939204588948	-1.34989887991917	4.51281386252736	1.97592313107268
TRINITY_DN155178_c1_g1	-1.00680657682367	-1.00680657682367	-1.00680657682367	0.226467962167266	1.95999300780353	0.833958760500205
TRINITY_DN176837_c2_g2	0.18598763169488	0.666006036257832	1.87882899613786	-0.910274221363523	-0.910274221363523	-0.910274221363523
TRINITY_DN172690_c2_g1	4.82324907005807	0.345328247790274	-0.770148969629662	-1.46614278273956	-1.46614278273956	-1.46614278273956
TRINITY_DN182685_c1_g3	2.18922927159773	1.51889328996458	0.193589032394055	-1.30057053131879	-1.30057053131879	-1.30057053131879
TRINITY_DN171370_c10_g1	-1.20839169780756	-1.20839169780756	-1.20839169780756	1.35671799872428	2.24050925333757	0.0279478413608176
TRINITY_DN180836_c2_g3	-1.2754087220202	-1.30397787421697	-1.30397787421697	1.37747139109798	1.30601342099571	1.19987965836046
TRINITY_DN178427_c1_g9	-0.903932290241592	-0.903932290241592	-0.903932290241592	1.39296556745849	0.353681839807949	0.96514946345834
TRINITY_DN170922_c6_g4	-0.851151758514782	-0.851151758514782	-0.851151758514782	1.11786054900153	1.23155083081547	0.204043895727343
TRINITY_DN185578_c2_g1	-1.18589410231138	-1.18589410231138	-1.18589410231138	0.686737688823869	2.22091464616728	0.650029971942994
TRINITY_DN179265_c2_g1	-1.46518198583654	-1.46518198583654	-1.46518198583654	0.798152950159968	1.04679199594526	2.55060101140439
TRINITY_DN191911_c5_g3	-3.2228570701123	-2.30218265907069	-3.2228570701123	2.89633307953311	3.56083529947449	2.2907284202877
TRINITY_DN173520_c4_g1	-0.889932942812282	-0.889932942812282	-0.889932942812282	0.491904141093765	1.8643132190246	0.313581468318477
TRINITY_DN178861_c0_g1	2.12229063753197	2.42263207846675	2.24180553501598	-2.26224275033824	-2.26224275033824	-2.26224275033824
TRINITY_DN187216_c5_g3	-1.79070252754334	-1.79070252754334	-1.79070252754334	2.00256912695475	2.02159031732993	1.34794813834533
TRINITY_DN181898_c1_g2	-0.961027309280361	-0.961027309280361	-0.961027309280361	0.17385074506275	0.7583752026529	1.95085598012543
TRINITY_DN187639_c2_g2	-1.16234676970784	-1.16234676970784	-1.16234676970784	-0.0104879529808322	1.57836496369126	1.91916329841308
TRINITY_DN155542_c0_g1	-0.908058361554104	-0.908058361554104	-0.908058361554104	1.04762641431522	0.872671674922273	0.803876995424818
TRINITY_DN193303_c1_g3	-1.27418039411272	-1.27418039411272	-1.27418039411272	1.73946051655666	2.13507475257212	-0.0519940867906103
TRINITY_DN188820_c2_g3	-1.66635178345879	-1.66635178345879	-1.66635178345879	1.3043178419203	2.95564144820733	0.739096060248744
TRINITY_DN176117_c0_g1	-1.12098346329215	-1.12098346329215	-1.12098346329215	0.0756235808026628	2.75754571324905	0.529781095824747
TRINITY_DN159292_c11_g3	1.53247978886033	1.47858609786807	1.00051684741412	-1.33719424471417	-1.33719424471417	-1.33719424471417
TRINITY_DN169346_c0_g2	0.615126069448293	0.43729920054529	1.82086552692328	-0.957763598972288	-0.957763598972288	-0.957763598972288
TRINITY_DN170177_c6_g3	-1.14623118555138	-1.41003729241501	-2.05288070921667	1.52896484104526	1.98187574121513	1.09830860492267
TRINITY_DN169426_c12_g1	1.8876386329029	0.106587260023775	0.952472426897752	-0.98223277327481	-0.98223277327481	-0.98223277327481
TRINITY_DN173178_c1_g2	1.19055917123334	0.612861556161336	1.28124526225751	-1.02822199655073	-1.02822199655073	-1.02822199655073
TRINITY_DN154947_c5_g1	-1.46404138101909	-1.29925510287575	-1.46404138101909	1.80214547348163	2.12200273542752	0.303189656004786
TRINITY_DN167589_c1_g4	-0.951664751206016	-0.951664751206016	-0.951664751206016	1.93994885583319	0.261215815138369	0.653829582646493
TRINITY_DN199167_c4_g1	0.859185103129212	1.07991223566103	1.95253720161512	-1.29721151346845	-1.29721151346845	-1.29721151346845
TRINITY_DN185742_c5_g2	0.939033282809998	1.61954217336847	0.106562418588111	-0.888379291588859	-0.888379291588859	-0.888379291588859
TRINITY_DN175018_c6_g3	-1.45075226859328	-1.45075226859328	-1.45075226859328	1.95836707585671	1.96689774856741	0.426991981355723
TRINITY_DN157762_c3_g1	-0.860579548156895	-0.860579548156895	-0.860579548156895	0.260435852804471	1.53941180250729	0.781890989158927
TRINITY_DN162618_c9_g1	-1.07939798291837	-1.07939798291837	-1.07939798291837	1.72692607447166	0.404482270895732	1.10678560338773
TRINITY_DN155268_c4_g3	-2.15060704918218	-1.39656794165703	-2.02985488972157	2.56197999747744	3.12501494776817	-0.109965064684832
TRINITY_DN188706_c4_g1	-0.806509172065907	-0.806509172065907	-0.806509172065907	0.376183125450283	1.14321250550394	0.900131885243501
TRINITY_DN188128_c3_g1	-0.930666507677889	-0.930666507677889	-0.930666507677889	0.307508910899486	0.420396391262496	2.06409422087169
TRINITY_DN190209_c10_g3	-1.44478080703491	-1.44478080703491	-1.44478080703491	0.358446229400017	1.92217080955095	2.05372538215377
TRINITY_DN144504_c0_g1	1.12773615437963	2.72346561692497	2.64525569308617	-2.20869006750708	-2.20869006750708	-2.07907732937661
TRINITY_DN193827_c6_g1	-0.902437016420148	-1.11340160907792	-1.63989091488646	0.96736426045315	1.58502843883963	1.10333684109175
TRINITY_DN161507_c3_g1	2.85015206943023	1.291970260549	2.88400395758011	-2.34204209585311	-2.34204209585311	-2.34204209585311
TRINITY_DN172465_c0_g1	2.45532889738317	0.665703621169433	1.12792042597561	-1.41631764817607	-1.41631764817607	-1.41631764817607
TRINITY_DN192831_c3_g3	-1.47985724358155	-1.47985724358155	-1.47985724358155	-0.581455383589356	2.63259268914275	2.38843442519125
TRINITY_DN174467_c4_g2	-1.11762355708128	-1.11762355708128	-1.11762355708128	1.59387134956881	0.723141780242597	1.03585754143242
TRINITY_DN166473_c0_g5	-0.809858599076092	-0.809858599076092	-0.809858599076092	0.561979018254328	1.04054079769416	0.827055981279786
TRINITY_DN164543_c0_g1	-1.81353480106972	-1.81353480106972	-1.81353480106972	0.538093528033059	2.60768849815541	2.2948223770207
TRINITY_DN171923_c8_g1	1.6422731890592	1.10310819015036	0.846504657202332	-1.16765815177937	-1.20137407861104	-1.22285380602149
TRINITY_DN187206_c1_g1	-0.97860253871522	-0.97860253871522	-0.97860253871522	1.2871343874984	0.719615939509194	0.929057289138069
TRINITY_DN173569_c3_g4	-1.37626531637968	-1.24797191536986	-1.37626531637968	-0.719997781585387	2.67170923498969	2.04879109472491
TRINITY_DN159764_c9_g6	1.55874255182102	1.01770705209876	0.496224733292454	-1.06839731914453	-1.00489437683837	-0.999382641229346
TRINITY_DN181672_c3_g6	1.0419412902189	1.20694361309217	1.40988367176244	-1.2195895250245	-1.2195895250245	-1.2195895250245
TRINITY_DN176356_c4_g1	-1.25261026312629	-1.25261026312629	-1.25261026312629	0.322217860461153	1.760137171921	1.67547575699672
TRINITY_DN174848_c7_g1	-0.873524614110525	-0.873524614110525	-0.873524614110525	0.769407955247961	1.68204616378565	0.169119723297968
TRINITY_DN193315_c0_g1	-1.65374724552843	-1.65374724552843	-1.65374724552843	2.36719936798513	0.885039209133892	1.70900315946627
TRINITY_DN176243_c6_g3	1.32468169813859	0.978413431082986	0.468464284778675	-0.923853138000085	-0.923853138000085	-0.923853138000085
TRINITY_DN167554_c4_g1	-1.38783921081241	-1.38783921081241	-1.38783921081241	1.50668755944499	0.530547023633939	2.1262830493583
TRINITY_DN182735_c0_g5	-1.72161724451703	-1.72161724451703	-1.72161724451703	1.01043482878326	1.84349245201481	2.31092445275301
TRINITY_DN164703_c4_g2	-1.13175604953193	-1.13175604953193	-1.13175604953193	1.03335193561261	1.60614699177353	0.755769221209657
TRINITY_DN179381_c4_g1	0.930329208604865	0.495072442582063	1.70499551195629	-1.04346572104774	-1.04346572104774	-1.04346572104774
TRINITY_DN159047_c2_g1	-1.10358545236102	-1.10358545236102	-1.10358545236102	0.829609467599405	0.749212440457749	1.73193444902591
TRINITY_DN197089_c3_g1	1.97379799414972	1.61964892953578	1.53153046272448	-1.70832579547	-1.70832579547	-1.70832579547
TRINITY_DN181231_c0_g2	-1.70226597543392	-1.33937533276806	-1.70226597543392	1.86831838945784	2.40600755603865	0.469581338139418
TRINITY_DN175424_c4_g1	-1.46769432308997	-1.46769432308997	-1.46769432308997	1.2367350289865	1.37990177917267	1.78644616111075
TRINITY_DN182443_c1_g1	-1.74558592860416	-1.74558592860416	-1.74558592860416	0.851110732083066	2.19992813868291	2.18571891504651
TRINITY_DN168828_c1_g3	0.53425257216622	0.822467724732049	1.86411069509678	-1.07361033066502	-1.07361033066502	-1.07361033066502
TRINITY_DN171410_c4_g1	1.01750774591142	0.946671064411747	0.464315980859485	-0.809498263727552	-0.809498263727552	-0.809498263727552
TRINITY_DN188381_c0_g1	-0.823230496566641	-0.823230496566641	-0.823230496566641	0.554726137243473	1.32081587305007	0.594149479406382
TRINITY_DN165588_c4_g1	-1.13121653938729	-1.13121653938729	-1.13121653938729	1.29638963339461	2.08508310546135	0.0121768793059003
TRINITY_DN195128_c10_g6	-1.16641369405967	-1.16641369405967	-1.16641369405967	0.519302241930984	1.47189188274743	1.50804695750059
TRINITY_DN194434_c2_g2	1.28556850427596	2.28751045125709	3.54347848812264	-2.3721858145519	-2.3721858145519	-2.3721858145519
TRINITY_DN178189_c11_g2	-1.11718322088734	-1.11718322088734	-1.11718322088734	2.76222848790691	0.125876485185187	0.463444689569924
TRINITY_DN192390_c3_g3	-1.22333758538398	-1.22333758538398	-1.22333758538398	-0.182094603152101	1.33786633538594	2.51424102391811
TRINITY_DN176143_c2_g1	-1.1795351178954	-1.1795351178954	-1.1795351178954	0.837317731111937	1.19062916264481	1.51065845992945
TRINITY_DN180235_c4_g5	1.67437570593037	1.74044498104605	1.20818254484032	-1.6082123643288	-1.40657850315915	-1.6082123643288
TRINITY_DN176967_c0_g2	1.90731509331972	1.90936674424359	0.712670514005638	-1.58364004670245	-1.36207225816404	-1.58364004670245
TRINITY_DN168370_c4_g2	1.2192243812382	-0.201635780668225	2.67302619802501	-1.230204932865	-1.230204932865	-1.230204932865
TRINITY_DN163248_c6_g5	-0.829451507355617	-0.829451507355617	-0.829451507355617	1.18740134165172	0.361479352206997	0.939473828208134
TRINITY_DN186617_c2_g2	-1.22853773537131	-1.33421581326585	-1.33421581326585	1.3862815572165	1.93302032854656	0.577667476139946
TRINITY_DN166552_c4_g1	-0.856063831808569	-0.856063831808569	-0.856063831808569	0.598638496355119	0.601267793676444	1.36828520539414
TRINITY_DN166602_c6_g7	-1.13612091626795	-1.13612091626795	-1.13612091626795	-0.0920765835619266	2.95219031962071	0.548249012745059
TRINITY_DN182464_c4_g2	-0.867928187836403	-0.867928187836403	-0.867928187836403	0.77361784125112	1.12084737450134	0.709319347756747
TRINITY_DN198570_c4_g2	-1.1399213809845	-0.998863794101172	-1.09315691364858	0.381207288881094	1.26062713916877	1.59010766068438
TRINITY_DN168081_c5_g1	-0.864103173239781	-0.864103173239781	-0.864103173239781	0.338157810322222	1.54488035619096	0.709271353206164
TRINITY_DN168509_c8_g3	-1.06272995534598	-1.06272995534598	-1.06272995534598	0.945183126297285	1.86213004361102	0.380876696129634
TRINITY_DN159710_c1_g1	-0.912300152852595	-0.912300152852595	-0.912300152852595	1.52146052911275	1.00341194729543	0.212027982149607
TRINITY_DN168147_c5_g1	-1.36575657757987	-1.36575657757987	-1.36575657757987	1.94050566214798	-0.811904609398748	2.96866867999039
TRINITY_DN171374_c6_g2	-1.69328677601982	-1.95391468414651	-1.47364956209205	1.3706079274493	1.26393641266462	2.48630668214446
TRINITY_DN175845_c8_g3	-0.930051317431095	-1.84555696609042	-1.48419872637452	0.959373257848727	2.26789217682089	1.03254157522641
TRINITY_DN125125_c0_g1	-1.06692848148545	-1.06692848148545	-1.06692848148545	2.5282170865054	-0.0690941487035677	0.741662506654523
TRINITY_DN171743_c1_g1	-0.937555288647038	-0.937555288647038	-0.937555288647038	-0.0229907651530988	1.34132157145507	1.49433505963914
