bleached_44_01	bleached_44_02	non-bleached_44_01	bleached_44_03	non-bleached_44_02	non-bleached_44_03	non-bleached_k4_01	non-bleached_k4_02	bleached_k4_01	bleached_k4_02	non-bleached_k4_03	bleached_k4_03
TRINITY_GG_82629_c37_g1	-0.756729326762549	-0.756729326762549	-0.756729326762549	-0.756729326762549	-0.756729326762549	-0.756729326762549	2.46592069568893	0.562310488799987	0.544272929270266	0.592635950831665	1.13196522274699	-0.756729326762549
TRINITY_GG_13555_c122_g3	-0.344457551485328	-0.344457551485328	-0.344457551485328	-0.344457551485328	-0.344457551485328	-0.344457551485328	-0.115484981725168	0.907110069122919	0.637395101804412	0.502737635104067	0.0745419139459373	0.0604455706598024
TRINITY_GG_10969_c102_g1	0.412424337296323	2.52452415575648	0.904836259535628	-0.749140919100709	1.32433659057826	0.077865090538268	-0.749140919100709	-0.749140919100709	-0.749140919100709	-0.749140919100709	-0.749140919100709	-0.749140919100709
TRINITY_GG_13615_c78_g2	0.538077606480867	-0.663556254688784	0.238710314394287	1.10282688631251	1.52040658015381	1.24487239548	-0.663556254688784	-0.663556254688784	-0.663556254688784	-0.663556254688784	-0.663556254688784	-0.663556254688784
TRINITY_GG_57365_c0_g1	-0.735181216005917	-0.735181216005917	-0.735181216005917	-0.735181216005917	-0.735181216005917	-0.735181216005917	0.746117725541648	0.716887014217894	0.783857393594142	-0.735181216005917	1.85050245195889	1.04890392672884
TRINITY_GG_16287_c13_g3	0.108351154507767	1.22402002852591	-0.688246599540538	0.600997685616104	1.65345456438685	1.23090276374714	-0.688246599540538	-0.688246599540538	-0.688246599540538	-0.688246599540538	-0.688246599540538	-0.688246599540538
TRINITY_GG_81920_c32_g1	3.04574962754295	1.79849606475688	1.86512898358478	1.55123004518836	-0.0550755760969264	1.74916192993485	-1.75240459989065	-1.19266807545766	-1.75240459989065	-1.75240459989065	-1.75240459989065	-1.75240459989065
TRINITY_GG_16604_c19_g1	1.49267091773525	2.87900775126956	-1.16451174239318	-1.16451174239318	2.16331930935242	2.78109596078819	-1.16451174239318	-1.16451174239318	-1.16451174239318	-1.16451174239318	-1.16451174239318	-1.16451174239318
TRINITY_GG_7079_c13_g2	0.424375008888816	0.520928173379031	1.58480292779787	0.167472623666038	-0.622465245314157	1.65967798346734	-0.622465245314157	-0.622465245314157	-0.622465245314157	-0.622465245314157	-0.622465245314157	-0.622465245314157
TRINITY_GG_74007_c5_g1	-0.972952352790978	0.885824392517215	2.71612311675433	0.466936694828801	1.2698025692853	1.4719796961512	-0.972952352790978	-0.972952352790978	-0.972952352790978	-0.972952352790978	-0.972952352790978	-0.972952352790978
TRINITY_GG_7459_c11_g2	-0.669901969772921	-0.669901969772921	-0.669901969772921	-0.669901969772921	-0.669901969772921	-0.669901969772921	1.27120434117351	1.13415158919443	-0.669901969772921	-0.0154664289275215	1.41891806352566	0.880506223444359
TRINITY_GG_25540_c4_g1	1.75244376880899	1.2808403977008	-0.518883621974369	1.60802288257096	1.12386401583332	0.654903597034154	-1.12099574562906	-0.931318899435991	-1.26249431115001	-0.615833956121024	-0.978404035505732	-0.992144092132034
TRINITY_GG_23319_c1_g1	-0.654112601632764	-0.654112601632764	-0.654112601632764	-0.654112601632764	-0.654112601632764	-0.654112601632764	-0.0283745397241162	0.807415957840113	0.654481266951512	0.795316712470435	1.07315440910215	0.622681803156495
TRINITY_GG_41572_c0_g1	-0.674779112769832	-0.674779112769832	-0.674779112769832	-0.674779112769832	-0.674779112769832	-0.674779112769832	1.43056372751639	0.338861797899554	1.89519798055474	0.659789162896301	0.399041120521839	-0.674779112769832
TRINITY_GG_74452_c0_g1	0.999197284879569	-0.8910548302775	0.229297110087722	3.35504917960642	0.216633039036874	1.43720719833191	-0.8910548302775	-0.8910548302775	-0.8910548302775	-0.8910548302775	-0.8910548302775	-0.8910548302775
TRINITY_GG_17118_c19_g1	-0.603857228337155	-0.603857228337155	-0.603857228337155	-0.603857228337155	-0.603857228337155	-0.603857228337155	0.764631772307948	1.55738553000536	0.684796635268014	-0.603857228337155	-0.170897821061049	1.39108448183982
TRINITY_GG_33015_c1_g2	1.08071652098644	1.20315953603421	1.02958675757675	0.98507849643724	0.11382329474478	-0.63033780082563	-0.63033780082563	-0.63033780082563	-0.63033780082563	-0.63033780082563	-0.63033780082563	-0.63033780082563
TRINITY_GG_100415_c82_g1	-0.73085065689322	-0.73085065689322	-0.73085065689322	-0.73085065689322	-0.73085065689322	-0.73085065689322	1.43361384249538	0.276344844510984	1.24404570686879	1.67867605591776	0.483274148459627	-0.73085065689322
TRINITY_GG_28912_c0_g1	-0.510808313231283	-0.458189802061846	-0.509398742976611	-0.543614458314524	-0.543614458314524	-0.543614458314524	0.859653264024777	0.829894557203483	-0.463639081593928	0.924186698173883	-0.156251917478529	1.11539671288363
TRINITY_GG_12537_c65_g1	1.40723834985383	2.2958780160071	1.02216984005955	1.80614489685871	-0.470457243939437	1.86775970139516	-1.49582754512941	-2.24869119981144	-0.00731789187411014	-1.76111792490358	-1.08820570184477	-1.32757329667162
TRINITY_GG_7890_c1_g3	0.393497904977762	1.56592802085554	-0.158742274542286	0.106496402218238	1.39349790497776	-0.0240490662173177	-0.546104815378282	-0.546104815378282	-0.546104815378282	-0.546104815378282	-0.546104815378282	-0.546104815378282
TRINITY_GG_14717_c5_g1	-0.944119252741908	-0.944119252741908	-0.944119252741908	-0.944119252741908	-0.944119252741908	-0.944119252741908	0.00373389064510876	1.03297745975505	1.80283838967174	0.533558074823399	2.09168058468135	0.199927116874799
TRINITY_GG_32013_c0_g5	-0.757943757390363	-0.757943757390363	-0.757943757390363	-0.757943757390363	-0.757943757390363	-0.757943757390363	1.65294001980522	-0.124745071016359	-0.609985876003261	0.229013205134038	1.59424978035467	1.80619048606787
TRINITY_GG_33169_c3_g1	0.347876442017685	1.5912647958461	0.218357362724014	1.15846489932707	0.783909873788499	-0.585696196243339	-0.585696196243339	-0.585696196243339	-0.585696196243339	-0.585696196243339	-0.585696196243339	-0.585696196243339
TRINITY_GG_105771_c34_g2	0.751521461866503	1.13140850600758	-0.703707109250636	1.22077288310839	0.879330514546028	0.942916399225947	-0.703707109250636	-0.703707109250636	-0.703707109250636	-0.703707109250636	-0.703707109250636	-0.703707109250636
TRINITY_GG_104753_c0_g1	1.43275734704518	0.319029661936168	0.537022161286285	1.78173944450057	-0.138063985293243	0.811506587863617	-0.790665202889762	-0.790665202889762	-0.790665202889762	-0.790665202889762	-0.790665202889762	-0.790665202889762
TRINITY_GG_7561_c11_g1	-0.517178792080395	-0.517178792080395	-0.517178792080395	-0.517178792080395	-0.517178792080395	-0.517178792080395	0.113226679401929	0.622945431828676	-0.0735721406047799	1.69632402790352	0.661057792524411	0.0830909614286102
TRINITY_GG_78403_c6_g3	1.46261948379192	1.78748923356494	2.05643841151219	2.93830893899581	-1.48990046524592	2.1844471888566	-1.48990046524592	-1.48990046524592	-1.48990046524592	-1.48990046524592	-1.48990046524592	-1.48990046524592
TRINITY_GG_105209_c7_g1	-0.550909901634951	-1.26896227925886	-0.539998055681636	-0.920763222588526	-1.3633592295108	-1.07873229318265	1.03665815341713	0.971699286305333	0.948088526503845	0.99707193911757	1.96172559840031	-0.192518521886757
TRINITY_GG_58062_c0_g1	-0.982275900472394	-0.982275900472394	-0.982275900472394	-0.982275900472394	-0.982275900472394	-0.982275900472394	1.48108498534426	1.49876465564583	-0.982275900472394	2.56529731503392	2.176868861468	-0.84608451418525
TRINITY_GG_10779_c0_g1	1.15610306590953	1.00495199968009	0.521227718853932	1.79931990489121	-1.01830335262022	2.64652077900676	-1.01830335262022	-1.01830335262022	-1.01830335262022	-1.01830335262022	-1.01830335262022	-1.01830335262022
TRINITY_GG_53973_c0_g2	-0.858343565589257	-0.858343565589257	-0.858343565589257	-0.858343565589257	-0.601332947383233	-0.858343565589257	-0.34535823077558	0.871100441244407	0.777642938156366	1.07031100431092	1.08050677141681	1.4388478509766
TRINITY_GG_53188_c0_g1	-1.33483300886626	-1.33483300886626	-1.33483300886626	-1.33483300886626	-1.33483300886626	-1.33483300886626	1.82334241706394	1.45406147029418	2.24193096880686	-0.356637379184609	1.53266814205613	1.31363243416105
TRINITY_GG_44883_c0_g1	-0.819891664467632	-0.819891664467632	-0.819891664467632	-0.819891664467632	-0.819891664467632	-0.819891664467632	-0.173729007309738	1.9847814758023	-0.819891664467632	0.943094900412944	1.46698948332053	1.51810479904738
TRINITY_GG_18489_c0_g1	-0.568708881645949	-0.568708881645949	-0.568708881645949	-0.568708881645949	-0.568708881645949	-0.568708881645949	-0.568708881645949	1.2353446773214	0.0325122039389975	1.36712799203808	0.960862225927946	0.385115072295218
TRINITY_GG_35286_c1_g1	3.68624615360904	1.45405877206664	-1.55349556407163	3.37240893721485	3.91525064968249	-1.55349556407163	-1.55349556407163	-1.55349556407163	-1.55349556407163	-1.55349556407163	-1.55349556407163	-1.55349556407163
TRINITY_GG_91812_c38_g1	-0.570166299319851	-0.570166299319851	-0.570166299319851	-0.570166299319851	-0.570166299319851	-0.570166299319851	1.23306073711508	0.853680755278583	0.741336816148419	-0.570166299319851	0.461228896955683	0.701856889741197
TRINITY_GG_34232_c30_g1	0.620050334990774	0.169716508099367	-0.00983291223134575	0.790053338922408	-0.0994701247160222	1.04401120843192	-0.419088058916184	-0.419088058916184	-0.419088058916184	-0.419088058916184	-0.419088058916184	-0.419088058916184
TRINITY_GG_43944_c0_g1	2.91040552147444	-1.25879795205041	3.36214029233588	4.48520163876685	-0.6873638361739	-1.25879795205041	-1.25879795205041	-1.25879795205041	-1.25879795205041	-1.25879795205041	-1.25879795205041	-1.25879795205041
TRINITY_GG_65592_c0_g1	-1.23113626703076	-1.23113626703076	-1.23113626703076	-1.23113626703076	-1.23113626703076	-1.23113626703076	1.56566911384972	1.53142516301813	1.10257368731652	-1.23113626703076	1.37814591288581	3.04013999214516
TRINITY_GG_99577_c15_g1	0.195384752662537	1.56722363191788	0.635312621760054	0.339035765673807	0.14723510978706	0.871311841560613	-0.625917287226992	-0.625917287226992	-0.625917287226992	-0.625917287226992	-0.625917287226992	-0.625917287226992
TRINITY_GG_15405_c0_g1	2.30787386181852	1.70972063181161	0.854458531000793	4.28487489911851	1.54776373150314	0.1556588197784	-1.06203250394605	-0.584578261706531	-3.21413289818187	-1.91112604579688	-0.217795455638091	-3.87068530976156
TRINITY_GG_12611_c0_g1	-1.01091995152366	-1.01091995152366	-1.01091995152366	-1.01091995152366	-1.01091995152366	-1.01091995152366	2.3446601958537	2.22893630667082	0.26170050313933	0.878553591007447	1.36258906399435	-1.01091995152366
TRINITY_GG_8896_c0_g1	1.37311241513082	0.871523763186406	0.62757488114994	1.19672397867299	1.76140408409034	-0.832905588890071	-0.832905588890071	-0.832905588890071	-0.832905588890071	-0.832905588890071	-0.832905588890071	-0.832905588890071
TRINITY_GG_103946_c6_g1	1.51074636331171	1.30701472875345	0.586618973432847	0.448155967000006	1.52229627752899	-0.767833187146715	-0.767833187146715	-0.767833187146715	-0.767833187146715	-0.767833187146715	-0.767833187146715	-0.767833187146715
TRINITY_GG_17888_c2_g1	4.70583868938909	3.06384603511673	2.54357310239439	1.38638660933441	0.944372819416808	-2.28799958246785	-2.0075238008684	-1.70442763129134	-1.21780882247173	-1.5933447931596	-1.07606909995002	-2.75684352544248
TRINITY_GG_13177_c0_g1	2.55988234284641	1.61172986513476	0.276438569046859	2.12968866630508	0.848588232038967	0.431908827549943	-0.722516226936629	-1.62711003568625	-0.0348638085047139	-1.8436465632804	-1.98488209937529	-1.64521776913875
TRINITY_GG_77364_c93_g1	0.962246212573183	0.279884333913705	0.30954174550074	0.0583729477441123	0.416826918656589	0.560147769001838	-0.431169987898361	-0.431169987898361	-0.431169987898361	-0.431169987898361	-0.431169987898361	-0.431169987898361
TRINITY_GG_31915_c2_g1	0.670638485555148	1.77746419503654	0.761083053453084	0.775717943008666	-0.428539265760875	-0.359108857838903	-0.53287592557561	-0.53287592557561	-0.53287592557561	-0.53287592557561	-0.53287592557561	-0.53287592557561
TRINITY_GG_63708_c0_g1	2.83583475404748	0.539209968358549	0.432351113773985	2.36897359717884	0.334775027240619	-0.462695934619878	-1.20613102411564	-0.585748302072272	-0.542623192967274	-1.01889944235961	-1.31474758642842	-1.38029897803638
TRINITY_GG_71145_c0_g1	1.62602380803566	1.4313212550217	0.576783317644909	2.33205517975228	0.514656641810696	-0.373104209441031	-0.320675706101148	-1.15995666153282	-1.00333621925928	-0.905533134534949	-1.42276548765528	-1.29546878374075
TRINITY_GG_26171_c7_g1	1.17244920889062	0.62234313453668	0.855083276776419	0.230998395580207	0.854097492630863	1.76913886763123	-1.42752953937494	-0.789909362387682	-0.577876130499688	-0.400611821596663	-0.857561776883645	-1.4506217453034
TRINITY_GG_67701_c0_g2	-0.317807976136008	0.505903116906818	1.11776517198643	0.398104540144528	0.769939425962784	2.89062512367963	-0.894088233757363	-0.894088233757363	-0.894088233757363	-0.894088233757363	-0.894088233757363	-0.894088233757363
TRINITY_GG_16681_c1_g1	-0.803027047401	-0.803027047401	-0.500854247660248	-0.803027047401	-0.736765605132278	-0.732637719509602	0.482079203660254	0.100011222711912	0.79438494015365	1.05932515213102	1.02235155649193	0.921186639356359
TRINITY_GG_64586_c5_g1	3.92237844136972	3.13508615763407	1.89903175572141	2.45358836372028	1.96199621898036	-2.57267009743943	-2.08814420392101	-1.82398371890355	-1.04632402822638	-1.57582582973864	-1.44552020071779	-2.81961285847904
TRINITY_GG_88650_c6_g1	-0.763342382242636	-0.763342382242636	-0.763342382242636	-0.763342382242636	-0.763342382242636	-0.763342382242636	1.61683292949939	1.57835878168475	0.066101299123955	1.91111826931762	0.170985396072733	-0.763342382242636
TRINITY_GG_21794_c39_g2	0.284317441722112	1.44138361518062	0.665139225663043	-0.415965742480685	0.718945669358836	1.76634105100325	-0.82356142199971	-0.834398618805436	-0.59443686039834	-0.831681678189096	-0.545757556835576	-0.830325124219011
TRINITY_GG_34865_c2_g3	0.974676686790575	-0.678841983963024	1.01536962380487	1.11650938120353	0.895501769956988	0.749836425985206	-0.678841983963024	-0.678841983963024	-0.678841983963024	-0.678841983963024	-0.678841983963024	-0.678841983963024
TRINITY_GG_20488_c0_g2	-0.547784538681077	-0.935898310364521	-1.14449093478902	-1.1588510832314	-0.992050916370975	-0.575945068864742	1.11144951881947	1.08285742168517	0.412550125024199	1.07151831467712	0.472890474597286	1.20375499749849
TRINITY_GG_87285_c15_g1	-0.565273883176925	-0.565273883176925	-0.565273883176925	-0.565273883176925	-0.565273883176925	-0.565273883176925	0.993483547196837	0.283524298067264	-0.164735953593196	-0.0183177050355134	1.14180910859478	1.15588000383138
TRINITY_GG_38920_c0_g1	-0.829721987238371	-0.829721987238371	-0.829721987238371	-0.829721987238371	-0.829721987238371	-0.829721987238371	0.963133365124118	0.505418219075842	0.0262677100701094	2.0230759055804	0.559844824524354	0.900591899055405
TRINITY_GG_18850_c36_g1	1.47470937778019	0.950495345993993	-0.0122289163076514	0.423080977997454	0.428290612384873	-0.088831867615465	-0.529252588372232	-0.529252588372232	-0.529252588372232	-0.529252588372232	-0.529252588372232	-0.529252588372232
TRINITY_GG_98729_c0_g2	-0.392693900063351	-0.392693900063351	-0.392693900063351	-0.392693900063351	-0.392693900063351	-0.392693900063351	0.155249411226999	-0.145373965083531	0.456104281180838	0.807056956652485	1.19130648322242	-0.108179766819106
TRINITY_GG_75504_c1_g1	-0.658607442946785	-0.658607442946785	-0.658607442946785	-0.658607442946785	-0.658607442946785	-0.658607442946785	0.880427260023969	0.348588058457418	1.25748697999157	0.135496455612963	1.26928901078204	0.0603568928127532
TRINITY_GG_13494_c0_g1	2.06636187962873	2.14133995520907	2.0371944043349	2.34558305492717	-0.875577548953626	-1.02738421036884	-1.14499086735012	-1.13120536331906	-0.500878978811096	-1.18496326066861	-1.41229360482072	-1.3131854598078
TRINITY_GG_21514_c6_g1	1.35782538814171	-0.545212881971204	1.03637939686481	0.0981815715086884	0.549698765054263	0.774405052228957	-0.545212881971204	-0.545212881971204	-0.545212881971204	-0.545212881971204	-0.545212881971204	-0.545212881971204
TRINITY_GG_68383_c0_g1	-0.626748994988499	-0.626748994988499	-0.626748994988499	-0.626748994988499	-0.626748994988499	-0.626748994988499	0.128565909056599	0.527704597691373	1.04182402148739	1.2447004206885	0.78087568057811	0.0368233404290235
TRINITY_GG_13716_c0_g1	1.54228891664087	-0.700161157036835	1.06069847978507	1.54503023602747	0.415537996394751	0.33757247040968	-0.700161157036835	-0.700161157036835	-0.700161157036835	-0.700161157036835	-0.700161157036835	-0.700161157036835
TRINITY_GG_70518_c354_g1	-0.563141614839414	-0.563141614839414	-0.563141614839414	-0.563141614839414	-0.563141614839414	-0.563141614839414	0.828076192763483	-0.563141614839414	0.0949555905119573	1.26873562635226	0.885759336305714	0.864464557942485
TRINITY_GG_63090_c1_g1	-0.660409899310309	-0.660409899310309	-0.660409899310309	-0.660409899310309	-0.660409899310309	-0.660409899310309	0.912479769110272	-0.660409899310309	0.395479858885973	2.15803167645386	0.177129735069094	0.979748255652972
TRINITY_GG_17872_c5_g2	-1.24836577093791	-1.24836577093791	-1.24836577093791	-1.24836577093791	-1.24836577093791	-1.24836577093791	0.799870414714937	2.86099478846632	2.43667731853877	-1.24836577093791	-1.24836577093791	3.88938364578326
TRINITY_GG_85730_c0_g1	-0.732871507645389	-0.732871507645389	-0.732871507645389	-0.732871507645389	-0.732871507645389	-0.732871507645389	-0.732871507645389	-0.239224173670179	-0.326879147969552	2.81925960060839	0.991342179111969	1.88560209543709
TRINITY_GG_81883_c2_g1	-0.56667943028749	-0.56667943028749	-0.56667943028749	-0.56667943028749	-0.56667943028749	-0.56667943028749	-0.0108632752258507	1.16406919912872	0.378928272893882	-0.0346118779984597	1.24766590467573	0.654888358250919
TRINITY_GG_65562_c0_g1	0.435998989893375	1.37655229692035	0.609441863546185	-0.532644766071342	0.485277141925921	0.821243070213566	-0.532644766071342	-0.532644766071342	-0.532644766071342	-0.532644766071342	-0.532644766071342	-0.532644766071342
TRINITY_GG_81272_c0_g1	4.08973394089672	1.72336758192975	-1.49525861565804	2.4234138394104	3.5479546336997	-1.3176596863303	-1.49525861565804	-1.49525861565804	-1.49525861565804	-1.49525861565804	-1.49525861565804	-1.49525861565804
TRINITY_GG_23481_c1_g1	2.20982134693172	1.23366580032462	0.436614488544084	3.49951937557373	2.10822507094746	0.429838577768469	-1.2992292896313	-1.06179147021027	-1.73707983787232	-2.39779401601046	-0.097353589995997	-3.32443645636973
TRINITY_GG_79278_c27_g1	-0.449028091637261	-0.449028091637261	-0.449028091637261	-0.449028091637261	-0.449028091637261	-0.449028091637261	0.110708432795721	0.382849149554412	0.249634908248623	0.782404316810704	1.08353823163025	0.0850335107838569
TRINITY_GG_81730_c56_g1	-0.634501136886948	-0.634501136886948	-0.634501136886948	-0.634501136886948	-0.634501136886948	-0.634501136886948	0.758915063584597	0.593239938952181	0.97903051603098	2.30227812042252	-0.191955680781643	-0.634501136886948
TRINITY_GG_68538_c0_g1	0.674353999305146	1.59170756838176	1.31088867009904	1.23525097052283	-1.01449774456073	2.28928300361637	-1.01449774456073	-1.01449774456073	-1.01449774456073	-1.01449774456073	-1.01449774456073	-1.01449774456073
TRINITY_GG_78688_c3_g1	-0.533870396178644	-0.533870396178644	-0.533870396178644	-0.533870396178644	-0.533870396178644	-0.533870396178644	0.541319917976575	-0.312302607640235	0.604944072723638	0.229966062712307	0.665252245834957	1.47404268546462
TRINITY_GG_92003_c0_g1	0.843246899811451	0.373019107466106	1.20608501357517	1.45318945615009	0.15516856767998	0.189733456204327	-0.756263909478861	-0.49302643586503	-0.717789761664225	-0.83901280226462	-0.648304661342941	-0.766044930271446
TRINITY_GG_27577_c0_g1	-0.434601931325484	-0.434601931325484	-0.434601931325484	-0.434601931325484	-0.434601931325484	-0.434601931325484	0.982778044647539	-0.0199251508985983	0.579753361651586	-0.0318797544798797	-0.180007888292343	1.2768929753246
TRINITY_GG_22879_c1_g1	-0.600649879024486	0.671373310036563	0.349445215149201	2.13378878711268	-0.166622204360888	1.21656404523384	-0.600649879024486	-0.600649879024486	-0.600649879024486	-0.600649879024486	-0.600649879024486	-0.600649879024486
TRINITY_GG_14755_c0_g1	0.363220451264408	0.870016464943494	1.01952484042143	3.3697576881571	1.14038525453827	1.19989879109478	-1.2215649773435	-1.25705609725031	-0.233298606125928	-1.66088603577552	-2.10135573552783	-1.48864203839639
TRINITY_GG_57379_c0_g1	1.17879609638728	0.877768229332399	2.40271878597865	1.7045813468341	2.45704150075903	1.69081985742385	-1.95647285390542	-1.78922274308098	-1.80271790317161	-2.75904575057399	0.165793087512808	-2.17005965349612
TRINITY_GG_77430_c1_g1	2.67455790938081	-0.763717892944878	1.811102088061	1.97217885629367	3.33113210523017	1.43366605079083	-1.67306512416428	-1.9287421372128	-1.93263255316374	-1.42000852952607	-1.76025680762022	-1.74421396512449
TRINITY_GG_83954_c1_g1	1.77817099088183	1.15607424375029	0.418370886826565	0.782238630311682	-0.811832126539856	1.54797013400863	-0.811832126539856	-0.811832126539856	-0.811832126539856	-0.811832126539856	-0.811832126539856	-0.811832126539856
TRINITY_GG_98701_c1_g1	2.66891641503313	0.0143839882826757	1.2635317462724	3.29898309870495	-0.0605935324507696	-0.0843028523372018	-1.02083407559224	-1.00664351815715	-1.75859214164923	-1.01608836394159	-0.758592141649231	-1.54016862251573
TRINITY_GG_85036_c25_g1	2.33675008710214	0.223782249705797	-0.187828418886109	2.32220244840223	0.922769700924917	0.110982938985035	-0.713281264540971	-0.985376302753701	-0.825955737746168	-1.06486689641438	-1.07011497437654	-1.06906383040225
TRINITY_GG_98193_c0_g1	-0.593994861460941	-0.524107238117951	-1.38481384492538	-1.40106928675245	-1.61870824401806	-1.07436509798331	1.38934117575431	1.46515711558247	-0.0586844255483729	1.60270210098854	0.839854823560719	1.35868778292042
TRINITY_GG_21794_c101_g1	-0.399548034838372	-0.399548034838372	-0.399548034838372	-0.399548034838372	-0.399548034838372	-0.399548034838372	0.147408143303039	0.148395276451978	1.0269851032783	-0.0188185863348234	0.919491780724164	0.173826491607572
TRINITY_GG_11511_c1_g1	-0.510674073198731	-1.24366181161768	-0.596270928857324	-1.50741864863376	-1.67200170643998	-0.507960709523436	0.305962641806772	0.957226054739479	0.310734939416422	0.874902498610625	2.30268216533278	1.28647957836484
TRINITY_GG_71365_c0_g1	4.30483655753617	4.02364039335251	1.94834224047494	2.44164240413682	1.55641294449904	-1.05309500161967	-2.25621834111861	-2.13237626527249	-2.10686625806065	-2.56708827424431	-1.35078259909247	-2.8084478005913
TRINITY_GG_37000_c19_g1	-0.50016052244361	-0.50016052244361	-0.50016052244361	-0.50016052244361	-0.50016052244361	-0.50016052244361	0.518473651695441	0.717070193777059	-0.00446535981954105	0.799084135352463	0.901469944141131	0.0693305695151063
TRINITY_GG_83376_c9_g2	-0.467467654742374	-0.467467654742374	-0.467467654742374	-0.467467654742374	-0.467467654742374	-0.467467654742374	0.611825112530479	0.458531763813849	0.320800428124463	0.431707975738139	1.01538062832609	-0.0334399800787766
TRINITY_GG_91397_c21_g1	-0.596125875147279	-0.596125875147279	-0.596125875147279	-0.596125875147279	-0.596125875147279	-0.596125875147279	-0.596125875147279	1.10075821570818	0.848541191694629	0.663899780814177	0.689572250810846	0.870109687003126
TRINITY_GG_98388_c0_g1	-1.20370200445407	-1.20370200445407	-1.20370200445407	-1.20370200445407	-1.20370200445407	-1.20370200445407	-1.20370200445407	2.19369026469581	2.5193103919383	2.01430414583036	-1.20370200445407	2.90231123316805
TRINITY_GG_20273_c0_g1	1.2358095431305	1.66139938093746	-0.644225002376985	1.93103909439094	0.672344887499183	2.13289850477085	-1.66002170461736	-0.179091743615472	-1.95151982708808	-0.659177084816359	-1.4395133596481	-1.09994268856658
TRINITY_GG_85036_c12_g1	3.15409849813188	-0.0288413944264048	0.640656647540137	2.22247439337804	0.662518738641415	0.604514325238511	-1.23169362936721	-0.89440707296109	-0.84606656050807	-0.890997250903694	-1.02547279635478	-2.36678389840874
TRINITY_GG_28089_c4_g1	-1.80152712878494	-1.98894528786063	-1.27637236568721	-0.950921841405762	-1.91285922979971	-1.99645654713801	-0.934338957210158	-0.528735516539476	2.38903111185111	2.69605819305584	2.58068498739046	3.72438258212849
TRINITY_GG_38619_c2_g2	-1.09626772769801	-1.09626772769801	-1.09626772769801	-1.09626772769801	-1.09626772769801	-1.09626772769801	2.77695488797934	2.29783478411367	2.10567972874314	-1.09626772769801	1.58967242074796	-1.09626772769801
TRINITY_GG_20997_c79_g1	-0.461878065682255	-0.461878065682255	-0.461878065682255	-0.461878065682255	-0.461878065682255	-0.461878065682255	-0.00980983545844388	1.3095849926834	-0.151537945070104	0.93647230466371	0.1163360997902	0.570222777484769
TRINITY_GG_30283_c27_g1	-0.691359673314806	-0.945211174504709	-0.0736967394546593	-1.64824384207799	-0.939467123600578	-1.73014507739997	1.07715266783806	1.05303917666431	0.59929663222017	1.20888354606172	1.01485605703142	1.07489555053703
TRINITY_GG_25207_c2_g2	-1.89540946802118	-0.731309354223171	-1.73098957254373	-2.06640990375921	-1.20920817214734	-0.989426964267428	2.31943802369	2.29617138219894	0.722383230685113	2.07101109617839	0.187958223242208	1.02579147896742
TRINITY_GG_15384_c0_g1	-0.52511285860096	-0.52511285860096	-0.52511285860096	-0.52511285860096	-0.52511285860096	-0.52511285860096	1.08464210357148	-0.269310021998242	1.39479923007635	0.157460438746619	0.15115454966493	0.63193085154462
TRINITY_GG_16979_c20_g1	-0.611473939159778	-0.611473939159778	-0.611473939159778	-0.611473939159778	-0.611473939159778	-0.611473939159778	0.895940159855662	0.256422524832877	0.321343163582072	-0.611473939159778	0.360115596370284	2.44649612947755
TRINITY_GG_17667_c40_g1	-0.658595746349559	-0.658595746349559	-0.658595746349559	-0.658595746349559	-0.658595746349559	-0.658595746349559	1.96947790784658	1.53580654558902	0.620578362139488	0.362173118745013	0.122134290126818	-0.658595746349559
TRINITY_GG_20488_c59_g1	-0.538599121909906	-0.879997369746127	-0.967195182536001	-2.08803360945894	-2.44749677466584	-2.07757447976699	1.29648712853731	1.95582318277179	0.318791825130024	2.05294973782334	2.00908440262991	1.36576026119143
TRINITY_GG_14579_c56_g1	-0.852947252776049	-0.852947252776049	-0.852947252776049	-0.852947252776049	-0.852947252776049	-0.852947252776049	1.3946765034202	-0.852947252776049	0.549774924069555	1.79067808732367	0.660038082037627	1.57546317258129
TRINITY_GG_21860_c76_g1	-0.703353277351196	-0.703353277351196	-0.703353277351196	-0.703353277351196	-0.703353277351196	-0.703353277351196	1.00726032503148	0.930310419515436	0.623759193395889	0.717263861627495	-0.703353277351196	1.64487914188807
TRINITY_GG_60820_c0_g1	2.32923082108269	0.624251865283583	0.133972376152045	1.53765169438327	0.291748294928241	0.783696279988752	-0.95009188863643	-0.95009188863643	-0.95009188863643	-0.95009188863643	-0.95009188863643	-0.95009188863643
TRINITY_GG_14717_c16_g2	-0.798090656255297	-0.826105032424893	-0.935372243993581	-1.17660227950903	-1.17660227950903	-1.17660227950903	0.464943749578497	1.19801992668218	1.62724469321313	0.288065987494418	2.61114359861005	-0.100043184377422
TRINITY_GG_15405_c3_g1	2.79626078034944	1.42259538803451	0.854500690548814	3.44126952965558	2.14911653535374	0.543575296605257	-1.20915278592416	-1.54420224809961	-2.09555195606765	-2.04510879788443	-1.08544031796845	-3.22786211460303
TRINITY_GG_11630_c40_g1	-0.980238382913482	-0.980238382913482	-0.980238382913482	-0.980238382913482	-0.980238382913482	-0.980238382913482	1.91215264299992	0.391041671109172	1.91913062536249	0.815528564868911	1.82381517605387	-0.980238382913482
TRINITY_GG_35287_c2_g2	4.33678715845462	1.49192987025974	-1.47763508811217	3.06734479514363	2.92501888103936	-1.47763508811217	-1.47763508811217	-1.47763508811217	-1.47763508811217	-1.47763508811217	-1.47763508811217	-1.47763508811217
TRINITY_GG_102459_c0_g1	0.900867115262983	1.92169679495068	0.327239374861919	0.946715254987518	1.02155957314893	1.5991990104752	-1.1195461872812	-1.1195461872812	-1.1195461872812	-1.1195461872812	-1.1195461872812	-1.1195461872812
TRINITY_GG_71234_c35_g1	-0.599073235201788	-0.599073235201788	-0.599073235201788	-0.599073235201788	-0.599073235201788	-0.599073235201788	0.229558346486231	0.779993164079116	-0.599073235201788	1.30280732851687	0.694885743826906	1.18626806350339
TRINITY_GG_28985_c4_g1	-0.291586614022799	-1.19061517409461	5.33381996774551e-05	-2.61327262567427	-2.93913961527587	-2.6922504429446	2.06398587003317	1.70034090060475	0.0796061228581029	2.00548239097841	1.67544638438225	2.2019494649558
TRINITY_GG_5918_c1_g1	-1.3837857559104	-1.3837857559104	-1.3837857559104	-1.3837857559104	-1.3837857559104	-1.3837857559104	0.488846035224845	0.477375609842993	2.77374308399625	-1.3837857559104	3.73983905929824	2.2066965030105
TRINITY_GG_40885_c0_g3	1.14371579999833	-0.555391584625669	0.544240265388791	1.12942715292755	0.638064781123916	0.432293092941092	-0.555391584625669	-0.555391584625669	-0.555391584625669	-0.555391584625669	-0.555391584625669	-0.555391584625669
TRINITY_GG_63870_c0_g1	2.5827480969455	0.266640529098546	0.0857161919257794	1.48797641795212	0.964640926857644	1.71217956439716	-1.18331695452946	-1.18331695452946	-1.18331695452946	-1.18331695452946	-1.18331695452946	-1.18331695452946
TRINITY_GG_80012_c21_g1	-0.625813665455553	0.910239234784657	-0.425434867471527	1.52181866136831	1.32949913798915	1.04457349151828	-0.625813665455553	-0.625813665455553	-0.625813665455553	-0.625813665455553	-0.625813665455553	-0.625813665455553
TRINITY_GG_11959_c24_g1	-0.491483448297036	-0.491483448297036	-0.491483448297036	-0.491483448297036	-0.491483448297036	-0.491483448297036	0.851071297180284	1.01846569800727	-0.00194051265456274	-0.0341518228120227	0.572019494009122	0.543436536052123
TRINITY_GG_81635_c11_g1	-0.64847458196752	0.239050688774068	0.860461079896875	0.983793633531993	1.3432059801756	1.1128106913941	-0.64847458196752	-0.64847458196752	-0.64847458196752	-0.64847458196752	-0.64847458196752	-0.64847458196752
TRINITY_GG_64991_c1_g1	-0.589935239785053	-0.165550568246956	0.212464800329786	1.29563912458637	1.36686487826652	1.42012844355964	-0.589935239785053	-0.589935239785053	-0.589935239785053	-0.589935239785053	-0.589935239785053	-0.589935239785053
TRINITY_GG_15494_c0_g1	2.96887053710287	0.170560610351057	0.180164740177995	2.51892120335822	0.980597399414145	0.114144099238973	-1.3854643434722	-1.19444350657438	-0.508121714558394	-0.883269602756402	-1.06023434579114	-1.90172507649074
TRINITY_GG_56872_c0_g1	0.174223767398333	-0.545616787665934	0.603642577833688	1.67440354278044	0.516504924241863	0.85054270140722	-0.545616787665934	-0.545616787665934	-0.545616787665934	-0.545616787665934	-0.545616787665934	-0.545616787665934
TRINITY_GG_81920_c25_g1	1.48231014201344	1.52661903852041	0.358371345845309	0.841438900141629	1.36072676684344	1.76631942033783	-1.25516030707262	-1.16566215623351	-1.25516030707262	-1.25516030707262	-1.25516030707262	-1.14948222917808
TRINITY_GG_4017_c0_g1	-0.61007751720694	0.589045124806661	1.04939041987785	1.28134166963914	0.868635485234782	0.482129920890149	-0.61007751720694	-0.61007751720694	-0.61007751720694	-0.61007751720694	-0.61007751720694	-0.61007751720694
TRINITY_GG_23785_c8_g1	-0.917206627127208	2.6459515032756	-0.131446852700197	0.526930329460383	-0.687003613760787	4.06601502361546	-0.917206627127208	-0.917206627127208	-0.917206627127208	-0.917206627127208	-0.917206627127208	-0.917206627127208
TRINITY_GG_81041_c0_g2	-0.770332771817055	-0.770332771817055	-0.770332771817055	-0.770332771817055	-0.770332771817055	-0.770332771817055	-0.770332771817055	-0.58256502477103	1.82803243350659	1.50109290427588	0.0967729576855992	2.54899613202235
TRINITY_GG_84420_c0_g1	-0.818815875927444	-0.818815875927444	-0.818815875927444	-0.818815875927444	-0.818815875927444	-0.818815875927444	0.051450194468539	0.365781808228317	3.9320585637294	0.825501902410134	0.556918662655712	-0.818815875927444
TRINITY_GG_17387_c45_g1	-0.933369461814696	-0.933369461814696	-0.831719385720261	-0.637058901106604	-0.933369461814696	-0.933369461814696	1.20019406392641	0.748304679978137	1.1166097408931	1.77327159549471	-0.646488314026535	1.01036436781983
TRINITY_GG_78491_c1_g1	-1.41500357431413	3.11409453051234	4.35224660042462	0.292414000255413	2.49297236649576	-0.249458388450879	-1.38811192823691	-1.30842770828955	-2.12574374039736	-2.21744704522502	-0.261000010333571	-1.28653510244071
TRINITY_GG_97583_c0_g1	-0.737452747215875	-0.737452747215875	-0.737452747215875	-0.737452747215875	-0.737452747215875	-0.737452747215875	2.6566497645958	0.969188310093533	0.0805797274422191	-0.0821009186033214	1.53785234698289	-0.737452747215875
TRINITY_GG_18670_c0_g1	-1.0935460802151	-1.0935460802151	-1.0935460802151	-1.0935460802151	-1.0935460802151	-1.0935460802151	1.70201309122347	1.74762196333355	0.755652571549608	-0.0108434908848456	1.49357884165668	0.873253504412108
TRINITY_GG_71985_c0_g2	0.385752444449318	0.714933768169853	0.846660109882136	-0.513423186031195	1.32169242922702	0.324923550490036	-0.513423186031195	-0.513423186031195	-0.513423186031195	-0.513423186031195	-0.513423186031195	-0.513423186031195
TRINITY_GG_82396_c0_g1	-0.340500761911992	-0.340500761911992	-0.340500761911992	-0.340500761911992	-0.340500761911992	-0.340500761911992	0.0145155023075583	0.851693403371354	0.0795773540673824	0.307504417898502	0.775198391519595	0.0145155023075583
TRINITY_GG_14717_c8_g1	-1.67694563597252	-1.4880988821022	-1.00215818313992	-0.546842672974857	-1.47877494433813	-0.516070932501573	-0.0202535024050046	1.32428410841865	2.56114946609513	-0.0356835429746107	2.10821172340473	0.771182998490306
TRINITY_GG_26178_c72_g1	-0.477221245102069	-0.477221245102069	-0.477221245102069	-0.477221245102069	-0.477221245102069	-0.477221245102069	0.0785949099595701	0.990579911386338	1.15271816433747	0.794801943958979	-0.0755907785173289	-0.0777766805126118
TRINITY_GG_50922_c0_g1	0.681308893255714	0.558414204273295	-0.660676853972902	0.0191972937737211	2.03553958008349	1.33027800642409	-0.660676853972902	-0.660676853972902	-0.660676853972902	-0.660676853972902	-0.660676853972902	-0.660676853972902
TRINITY_GG_93219_c0_g1	-0.736795166526575	-0.736795166526575	-0.736795166526575	-0.736795166526575	-0.736795166526575	-0.736795166526575	1.50626453954595	0.841902071122128	1.49985051482669	1.05938724419343	0.250161795997826	-0.736795166526575
TRINITY_GG_21805_c2_g1	-1.5874779259752	-1.28736222259506	-0.415096974210646	-1.36344982777469	-1.94722902943294	-1.79715352009918	1.93446860466861	1.36903580366712	1.38786938499072	1.14814389822863	1.51342328959995	1.04482851893267
TRINITY_GG_80523_c0_g1	2.02808466561676	0.475265505891363	0.590507334986272	1.3729131626142	0.796173307213647	0.024081286569539	-1.35101806222558	-0.607916786612755	-0.874466994267422	-0.69103055264635	-0.671138834557896	-1.09145403258178
TRINITY_GG_19721_c4_g1	-1.20365442031873	-1.20365442031873	-1.20365442031873	-1.20365442031873	-1.20365442031873	-1.20365442031873	3.0306169581459	-0.845258158362072	-1.20365442031873	0.676051345963562	2.53056744590205	3.03360335058165
TRINITY_GG_18140_c0_g1	0.507998084646047	0.5102317049109	2.46465838576388	1.23166933991914	-1.1564579317652	2.58873924092676	-1.15929509106873	-0.714394336690401	-1.07651741528427	-1.14095251094693	-0.939745419501106	-1.11593405091009
TRINITY_GG_52475_c0_g1	-0.696178036187619	-0.696178036187619	-0.696178036187619	-0.696178036187619	-0.696178036187619	-0.696178036187619	0.192126859020868	0.932828797239559	-0.696178036187619	0.675659581142802	1.5426088233995	1.53002219251061
TRINITY_GG_97094_c0_g1	1.94090419897838	2.6485056546458	2.79687811923155	-1.32197991829432	3.18955137349885	-1.32197991829432	-1.32197991829432	-1.32197991829432	-1.32197991829432	-1.32197991829432	-1.32197991829432	-1.32197991829432
TRINITY_GG_99274_c0_g1	1.08044105652028	-2.00250912843615	0.396956614737199	3.85817270063008	3.79035532613197	5.13773866725983	-2.60971976699023	-2.31747038273171	-2.6374381035843	-1.01336331160389	-2.12468518969758	-1.5584784822355
TRINITY_GG_88445_c0_g1	0.646836085086955	-0.611984311789457	0.42504641915551	1.95263774064752	0.878585818656744	0.380784118979467	-0.611984311789457	-0.611984311789457	-0.611984311789457	-0.611984311789457	-0.611984311789457	-0.611984311789457
TRINITY_GG_77430_c0_g1	1.36524620316699	-0.171449294313766	0.538422638970165	1.81657185084984	2.53785274165251	1.07172222850087	-1.02954679083769	-1.51119445398473	-1.36164669078234	-0.349786535572279	-1.76426169025586	-1.14193020739371
TRINITY_GG_14717_c1_g1	-0.713026624985462	-0.849710115790111	-0.860603063578331	-1.42910456719914	-1.34439838753592	-2.28884232535586	-0.971147810254159	1.81804142454105	2.39132296762183	-1.20530990376231	2.98150837170834	2.47127003459007
TRINITY_GG_75423_c2_g4	-0.55830995667852	-0.55830995667852	-0.55830995667852	-0.55830995667852	-0.55830995667852	-0.55830995667852	1.63198883494807	0.350887106313168	0.392531680870629	0.769952071930893	-0.247969836066369	0.452469882074723
TRINITY_GG_17560_c4_g2	0.360066969769231	1.31539342188922	1.30056219344858	-0.652144114181643	0.486670354720639	1.10231585944384	-0.652144114181643	-0.652144114181643	-0.652144114181643	-0.652144114181643	-0.652144114181643	-0.652144114181643
TRINITY_GG_1992_c0_g1	-0.616223075743788	-0.616223075743788	-0.616223075743788	-0.616223075743788	-0.616223075743788	-0.616223075743788	-0.616223075743788	0.632918827536559	0.949861414771679	1.41340649181928	0.641994313792229	0.675380482286776
TRINITY_GG_19979_c16_g2	1.13541570892956	-0.560132759203539	0.450647079549704	1.46666730014018	0.719041349285508	0.149157876519819	-0.560132759203539	-0.560132759203539	-0.560132759203539	-0.560132759203539	-0.560132759203539	-0.560132759203539
TRINITY_GG_77567_c50_g1	1.1384487718732	0.713406820635014	1.50438706939855	-0.575247042970155	0.462486584476359	0.208000054407961	-0.575247042970155	-0.575247042970155	-0.575247042970155	-0.575247042970155	-0.575247042970155	-0.575247042970155
TRINITY_GG_70583_c198_g2	0.891432015463439	0.929918238818813	-0.76116920213308	1.22141374478951	1.79562804445966	0.489792371400138	-0.76116920213308	-0.76116920213308	-0.76116920213308	-0.76116920213308	-0.76116920213308	-0.76116920213308
TRINITY_GG_21805_c95_g1	-1.22379460986555	-1.62813866839864	-0.85930605275014	-0.903280844961072	-2.10114623631481	-1.0328193748803	1.45466991874683	1.11251210515267	1.29706730138147	0.917309904253226	2.47543636534455	0.491490192291767
TRINITY_GG_49017_c6_g1	8.73441484776797	-1.00063209627583	2.49864565271141	-1.112061448408	-1.20835913043053	-1.20326126279085	-0.699414496554148	-1.15447888970457	-1.14834236390262	-1.24063553345428	-1.25111837732988	-1.21475690162868
TRINITY_GG_17066_c6_g1	3.01033406858036	0.871157796412183	0.588421310022412	2.61699970754236	0.908597007073986	-0.204957179803727	-1.8215507144914	-1.29702406763222	-1.19170962520894	-1.53279281367186	-0.833232519539035	-1.11424296928412
TRINITY_GG_34743_c0_g2	-0.927095538042514	-0.927095538042514	-0.927095538042514	-0.927095538042514	-0.927095538042514	-0.927095538042514	1.59521135482888	0.790553470130802	1.73100166730886	-0.927095538042514	1.0196353220978	1.35326695193126
TRINITY_GG_15262_c11_g1	-0.822440516685169	-0.822440516685169	-0.822440516685169	-0.822440516685169	-0.822440516685169	-0.822440516685169	0.337188669136058	1.34138020980525	-0.822440516685169	0.708628976040784	1.76204100552148	1.60784475629261
TRINITY_GG_86450_c27_g1	-0.654056559607171	-0.654056559607171	-0.654056559607171	-0.654056559607171	-0.654056559607171	-0.654056559607171	0.818951008309003	1.48835687826657	-0.654056559607171	0.770865528603517	0.463638483062584	1.03658401900852
TRINITY_GG_37388_c0_g1	-0.975847636586659	-0.975847636586659	-0.975847636586659	-0.975847636586659	-0.975847636586659	-0.975847636586659	0.836034359632009	1.39208250484522	1.57529920074995	-0.975847636586659	1.8105396239137	1.21697776696573
TRINITY_GG_64133_c10_g2	0.523658441959811	1.82683644568085	0.889750653010099	-0.540534619967682	0.0568773675869683	0.486619431536045	-0.540534619967682	-0.540534619967682	-0.540534619967682	-0.540534619967682	-0.540534619967682	-0.540534619967682
TRINITY_GG_23389_c5_g1	0.483729899650007	0.417087558265305	-0.54342415185372	0.380295526895669	1.62585950926201	0.896996568903047	-0.54342415185372	-0.54342415185372	-0.54342415185372	-0.54342415185372	-0.54342415185372	-0.54342415185372
TRINITY_GG_10185_c0_g1	1.82656360969595	2.09310917339264	1.64556163590815	-1.05842496795528	0.673192754885341	1.17054760180488	-1.05842496795528	-1.05842496795528	-1.05842496795528	-1.05842496795528	-1.05842496795528	-1.05842496795528
TRINITY_GG_20555_c57_g1	-0.953655815080855	-0.953655815080855	-0.953655815080855	-0.953655815080855	-0.953655815080855	-0.953655815080855	1.19950097298057	2.33411196289452	1.85101732518908	0.56789751546424	0.723062929037578	-0.953655815080855
TRINITY_GG_36528_c1_g1	-1.6364252552207	-1.67973534290195	-1.26924824127733	-0.243024646685756	-0.86394675775178	-1.40706053745246	-0.421692458419712	1.46859919585086	2.23619379728467	1.12300617208772	1.83326149449146	0.860072579994985
TRINITY_GG_99261_c4_g1	0.175564028885602	-0.595053617770601	0.302574056508949	2.75147784425742	0.790101279113742	0.1456581156285	-0.595053617770601	-0.595053617770601	-0.595053617770601	-0.595053617770601	-0.595053617770601	-0.595053617770601
TRINITY_GG_105209_c0_g1	-1.27270948225211	-1.65797294504211	-0.634252233841363	-2.26358259660603	-2.11079987869408	-2.30846419528687	1.96291204718217	2.29669170574502	1.07937697493755	0.290950946553482	3.08161683727365	1.53623282003069
TRINITY_GG_52294_c0_g1	-0.931655994938764	-0.931655994938764	-0.931655994938764	-0.931655994938764	-0.931655994938764	-0.931655994938764	1.73895776928299	0.992063683810625	0.68846117008992	1.04617342201319	0.978692920442166	0.145587003993697
TRINITY_GG_86831_c1_g1	-0.823482728703219	1.18011950797698	0.246906599188179	2.1155557409289	0.599288490617255	1.62250876221122	-0.823482728703219	-0.823482728703219	-0.823482728703219	-0.823482728703219	-0.823482728703219	-0.823482728703219
TRINITY_GG_80229_c5_g1	0.292912442782918	0.750180149034092	1.55779107234175	-0.521843040026956	0.515890587419559	0.536127028610374	-0.521843040026956	-0.521843040026956	-0.521843040026956	-0.521843040026956	-0.521843040026956	-0.521843040026956
TRINITY_GG_13786_c68_g1	2.27308808686868	1.47002923878869	0.614018722064257	1.97799721579915	0.129403309449088	0.863364387486306	-1.74371446419357	-1.37529566877882	-0.55982487402138	-0.687974078132252	-1.21737741113657	-1.74371446419357
TRINITY_GG_103862_c9_g1	-0.674998257400462	-0.674998257400462	-0.674998257400462	-0.674998257400462	-0.674998257400462	-0.674998257400462	-0.674998257400462	0.112434207116406	0.685646945059754	3.13493060832097	0.707392325473008	0.0845837158330931
TRINITY_GG_101250_c0_g1	-0.708322680898174	-0.708322680898174	-0.708322680898174	-0.708322680898174	-0.708322680898174	-0.708322680898174	1.29275893482728	0.976496056655048	0.978289895917417	1.27499019016895	-0.708322680898174	0.435723688718533
TRINITY_GG_101152_c0_g1	-0.980792361286393	-0.980792361286393	-0.980792361286393	-0.980792361286393	-0.980792361286393	-0.980792361286393	2.0394431271156	-0.754283831477713	1.45723428583755	2.4396900408217	-0.980792361286393	1.68346290670762
TRINITY_GG_87282_c9_g1	-0.550102881023862	-0.550102881023862	-0.550102881023862	-0.550102881023862	-0.550102881023862	-0.550102881023862	0.0700142840048227	0.436125999203538	0.775283533635912	1.59263729109222	0.3849796422948	0.0415765359118756
TRINITY_GG_17485_c85_g1	1.10999961936774	0.245331304065017	0.209625374092602	1.26447789792431	1.15653505576433	-0.569424178744857	-0.569424178744857	-0.569424178744857	-0.569424178744857	-0.569424178744857	-0.569424178744857	-0.569424178744857
TRINITY_GG_27554_c18_g1	2.55246384823637	0.890165669378775	0.926699878877053	0.641196092528798	0.373400312601279	1.70189499145779	-1.19355196357024	-1.22353482978595	-1.08472036088367	-1.16833917554383	-1.19213963351042	-1.22353482978595
TRINITY_GG_70504_c5_g1	-1.38738469829439	-0.869690321950554	-1.36175509681349	-1.66058277756952	-1.16884542555703	-1.38415598741852	0.549011345661467	0.29344551382912	1.98649894066775	1.31363506438432	1.22514662891398	2.46467681414688
TRINITY_GG_11858_c13_g2	0.740798574476516	-1.01408892768695	0.826273590971485	1.0331004360255	2.81454265400107	1.6839072383341	-1.01408892768695	-1.01408892768695	-1.01408892768695	-1.01408892768695	-1.01408892768695	-1.01408892768695
