bleached_44_01	bleached_44_02	bleached_44_03	bleached_k4_01	bleached_k4_02	bleached_k4_03
TRINITY_GG_21875_c27_g1	-2.56406164061001	-2.56406164061001	-2.56406164061001	2.94379641336162	2.71503816152375	2.03335034694464
TRINITY_GG_21212_c0_g1	-1.28257502527914	-1.28257502527914	-1.28257502527914	2.48147382890714	-0.517889172757005	1.88414041968728
TRINITY_GG_40513_c0_g1	-0.858393194910125	-0.858393194910125	-0.858393194910125	1.24929467440425	0.97388924079085	0.351995669535278
TRINITY_GG_53179_c0_g1	1.94977390804515	1.82377056330789	1.87101838063269	-1.93672678051938	-2.67810563918824	-1.0297304322781
TRINITY_GG_15082_c17_g1	0.867549457385315	0.853474272173593	0.701065557009166	-0.807363095522691	-0.807363095522691	-0.807363095522691
TRINITY_GG_13492_c65_g1	-1.09106576280686	-1.09106576280686	-1.09106576280686	0.31873246502156	1.56863050300213	1.38583432039689
TRINITY_GG_98538_c0_g1	1.7433556634648	0.924151740252794	2.0627348006395	-0.98344920856046	-2.08894901950584	-1.6578439762908
TRINITY_GG_75277_c0_g1	-1.09012570456874	-1.09012570456874	-1.09012570456874	1.11244873799306	1.23727424152868	0.920654134184498
TRINITY_GG_81148_c2_g1	0.675020466715004	1.14401694938784	0.593592867371158	-0.804210094491332	-0.804210094491332	-0.804210094491332
TRINITY_GG_34855_c8_g1	0.342422956777086	0.707187249574706	1.7284241040461	-0.926011436799298	-0.926011436799298	-0.926011436799298
TRINITY_GG_69221_c0_g1	-0.829537335254313	-0.829537335254313	-0.829537335254313	0.673302423001618	1.2791543808181	0.53615520194322
TRINITY_GG_27206_c3_g1	-0.895175216177132	-0.895175216177132	-0.895175216177132	0.739882613548082	0.875865198259646	1.06977783672367
TRINITY_GG_33114_c2_g3	-0.861102993224551	-0.861102993224551	-0.861102993224551	0.766503844905099	0.466584370951497	1.35022076381706
TRINITY_GG_15745_c0_g3	-1.19339320090345	-1.19339320090345	-1.19339320090345	1.02197477130003	1.98818645784375	0.57001837356656
TRINITY_GG_10986_c5_g1	-0.946048265735745	-1.48134686341745	-1.28638420258165	1.12357873979134	1.2115797327573	1.37862085918621
TRINITY_GG_34815_c0_g1	0.876461452273592	0.562776111962427	1.11971009944419	-0.852982554560071	-0.852982554560071	-0.852982554560071
TRINITY_GG_48014_c0_g2	-1.16322494659734	-1.16322494659734	-1.16322494659734	1.30092051009384	0.648657049621324	1.54009728007687
TRINITY_GG_104101_c0_g1	5.39250786170946	0.0617758457466229	0.0839256137295643	-1.79917543752365	-1.81210289893998	-1.92693098472202
TRINITY_GG_14717_c5_g1	-0.896506504001264	-0.896506504001264	-0.896506504001264	1.871995443433	0.583758618053199	0.233765450517595
TRINITY_GG_77802_c0_g1	2.37697789222119	2.06196296998789	1.7233257072993	-2.05890639196326	-2.09030158823879	-2.01305858930633
TRINITY_GG_47002_c0_g1	-1.00182924958887	-1.00182924958887	-1.00182924958887	1.00500732780779	1.08087333974138	0.91960708121743
TRINITY_GG_5623_c0_g1	-1.83380254463466	-1.83380254463466	-1.83380254463466	1.74090450178088	3.06648465436274	0.694018477760369
TRINITY_GG_99146_c1_g1	0.9046570630885	-0.212642413603118	2.40491714181334	-1.03231059709957	-1.03231059709957	-1.03231059709957
TRINITY_GG_78403_c6_g3	1.16938652139815	1.50966716817937	2.66587138537128	-1.7816416916496	-1.7816416916496	-1.7816416916496
TRINITY_GG_17944_c12_g2	-1.02434379187574	-1.02434379187574	-1.02434379187574	1.65822950547184	0.418732359486933	0.996069510668447
TRINITY_GG_10779_c0_g1	0.999384306134525	0.860472587991782	1.66137248791209	-1.17374312734613	-1.17374312734613	-1.17374312734613
TRINITY_GG_42490_c0_g2	2.05123407826941	0.903176627168945	1.89180369381071	-1.14025034390573	-1.78835472328745	-1.91760933205589
TRINITY_GG_101571_c0_g1	0.446877331641301	1.55696129029102	1.7113316026943	-1.23839007487554	-1.23839007487554	-1.23839007487554
TRINITY_GG_13736_c39_g2	-0.810407748981804	-0.810407748981804	-0.810407748981804	0.702071997937828	1.09648284662671	0.632668402380869
TRINITY_GG_102785_c0_g1	1.2174415045501	0.818186000640979	0.597795932215679	-0.877807812468921	-0.877807812468921	-0.877807812468921
TRINITY_GG_53973_c0_g2	-0.977341174729418	-0.977341174729418	-0.977341174729418	0.677094366115981	0.955475928012432	1.29945323005984
TRINITY_GG_59996_c0_g1	-1.5038035121364	-1.5038035121364	-1.5038035121364	1.82057508198578	1.38255153138875	1.30828392303468
TRINITY_GG_73727_c99_g1	0.35481728495843	1.74543278691014	0.593634927840694	-0.897961666569754	-0.897961666569754	-0.897961666569754
TRINITY_GG_35286_c1_g1	3.03752220151232	0.819798309147863	2.74452446952879	-2.20061499339632	-2.20061499339632	-2.20061499339632
TRINITY_GG_22747_c2_g1	0.804216801578927	0.783050599182039	2.47412361427156	-1.35379700501084	-1.35379700501084	-1.35379700501084
TRINITY_GG_26424_c0_g1	1.67513261143969	1.59797232557086	0.898214163451239	-1.39043970015393	-1.39043970015393	-1.39043970015393
TRINITY_GG_83274_c0_g1	1.59831730478075	0.435388569887493	1.18997585458221	-1.07456057641682	-1.07456057641682	-1.07456057641682
TRINITY_GG_51455_c0_g1	-0.995012356995574	-0.995012356995574	-0.995012356995574	1.16558518888498	0.0434238246605347	1.7760280574412
TRINITY_GG_102645_c8_g1	-1.1081616288232	-1.1081616288232	-1.1081616288232	0.179310666295865	2.04888208132238	1.09629213885136
TRINITY_GG_81149_c3_g3	-0.870336336500616	-0.870336336500616	-0.870336336500616	1.03924477947907	0.797782788185816	0.773981441836962
TRINITY_GG_16705_c2_g1	-1.0140797769917	-1.0140797769917	-1.0140797769917	0.857763871517617	1.39408859371641	0.790386865741077
TRINITY_GG_8421_c0_g1	-1.00854692775784	-1.00854692775784	-1.00854692775784	0.17032703041196	1.36663155183178	1.48868220102977
TRINITY_GG_54534_c0_g1	-1.25888970644259	-1.25888970644259	-1.25888970644259	1.13260308353813	0.607820493231431	2.03624554255822
TRINITY_GG_95174_c44_g1	1.40599487596888	0.430384123883115	0.690329992487636	-0.842236330779877	-0.842236330779877	-0.842236330779877
TRINITY_GG_105209_c31_g4	-0.898934113678923	-0.898934113678923	-0.898934113678923	0.485668343971831	1.10646587406367	1.10466812300127
TRINITY_GG_99871_c23_g1	1.52419824715459	0.260571237064824	1.28350430874103	-1.02275793098682	-1.02275793098682	-1.02275793098682
TRINITY_GG_48_c0_g1	-1.4502544372197	-1.4502544372197	-1.4502544372197	0.716782284897787	1.2555023448301	2.37847868193121
TRINITY_GG_87282_c1_g1	-0.871453578718579	-0.871453578718579	-0.871453578718579	1.57241824967918	0.485253674216802	0.556688812259751
TRINITY_GG_13666_c35_g1	-0.987420671348467	-0.987420671348467	-0.987420671348467	0.910207002931083	1.0496100595965	1.00244495151782
TRINITY_GG_6984_c33_g1	1.21926049063922	1.08479374463781	0.510265737139784	-0.93810665747227	-0.93810665747227	-0.93810665747227
TRINITY_GG_19730_c0_g2	-1.02035862723647	-1.02035862723647	-1.02035862723647	1.18284252908014	1.02438519398793	0.853848158641331
TRINITY_GG_53519_c0_g1	-1.52881641714664	-1.52881641714664	-1.52881641714664	2.4532188442113	1.15285772464619	0.98037268258242
TRINITY_GG_13494_c0_g1	1.46972871593854	1.54983104155566	1.75872564429683	-1.08254539906981	-1.78743749429509	-1.90830250842612
TRINITY_GG_3559_c0_g1	-0.897804714979917	-0.897804714979917	-0.897804714979917	0.776655936580342	1.18182939738879	0.734928810970619
TRINITY_GG_21084_c20_g1	0.187166298059401	0.870642340172942	1.72379354244545	-0.927200726892599	-0.927200726892599	-0.927200726892599
TRINITY_GG_33473_c12_g2	-0.896859414318395	-0.896859414318395	-0.896859414318395	0.973406656077587	0.812872345102296	0.904299241775303
TRINITY_GG_85747_c2_g1	-0.98176189274619	-0.98176189274619	-0.98176189274619	0.553295702148652	0.844430643490411	1.54755933259951
TRINITY_GG_74928_c9_g1	-0.996746504646047	-0.996746504646047	-0.996746504646047	0.522292104954011	1.88021239142352	0.587735017560606
TRINITY_GG_17613_c4_g1	-0.925529678151951	-0.925529678151951	-0.925529678151951	1.47364141566787	0.296038110386459	1.00690950840152
TRINITY_GG_85730_c0_g1	-1.09414896454972	-1.09414896454972	-1.09414896454972	-0.681638393299914	2.46129910911156	1.50278617783751
TRINITY_GG_59042_c0_g1	-0.886691946356342	-0.886691946356342	-0.886691946356342	1.47057852932322	0.414895700246845	0.774601609498964
TRINITY_GG_70583_c59_g2	1.1785195949929	0.286223480104889	1.19020696684197	-0.884983347313253	-0.884983347313253	-0.884983347313253
TRINITY_GG_65960_c0_g1	-1.38376500254233	-1.38376500254233	-1.38376500254233	1.0449134074059	1.64214969620846	1.46423190401262
TRINITY_GG_26318_c30_g1	-1.47117332014737	-1.47117332014737	-1.47117332014737	1.17268286962735	1.62862682325205	1.61221026756271
TRINITY_GG_81041_c1_g2	-1.40657165663585	-1.40657165663585	-1.40657165663585	1.85631246063685	1.36044745309556	1.00295505617513
TRINITY_GG_62834_c0_g1	-1.46295673211516	-1.46295673211516	-1.46295673211516	2.037845320942	0.868748484383734	1.48227639101974
TRINITY_GG_23481_c1_g1	2.28742042265931	1.32701950028413	3.59853948593244	-1.63362322841702	-2.31525126868379	-3.26410491177506
TRINITY_GG_99295_c2_g1	-0.97964120568154	-0.97964120568154	-0.97964120568154	1.61777078187311	0.409374854006969	0.911777981164539
TRINITY_GG_100021_c39_g1	-1.22209131548696	-1.22209131548696	-1.22209131548696	1.13123197567594	0.947513051430001	1.58752891935494
TRINITY_GG_41447_c1_g2	-1.03589138321215	-1.03589138321215	-1.03589138321215	1.73239882355381	0.119857849465799	1.25541747661682
TRINITY_GG_86341_c10_g1	-0.962824875044383	-0.962824875044383	-0.962824875044383	0.58314349406091	0.531334688668461	1.77399644240378
TRINITY_GG_5146_c0_g1	0.240903962216533	1.11731300148172	1.25617071886984	-0.87146256085603	-0.87146256085603	-0.87146256085603
TRINITY_GG_91091_c0_g2	-1.1522243308368	-1.1522243308368	-1.1522243308368	1.0917493410825	2.4290063853957	-0.064082733967787
TRINITY_GG_57379_c0_g1	1.66627657268652	1.3808046903828	2.2134563568061	-1.29419129763124	-2.26804117437034	-1.69830514787384
TRINITY_GG_16764_c2_g2	0.987196450358135	2.29483254861102	2.19079474154595	-1.8242745801717	-1.8242745801717	-1.8242745801717
TRINITY_GG_19424_c0_g1	1.99310056186814	1.18755124372443	0.88346861253489	-1.35470680604249	-1.35470680604249	-1.35470680604249
TRINITY_GG_38362_c0_g3	1.98424769006905	2.36976261732469	0.739617991258291	-1.69787609955067	-1.69787609955067	-1.69787609955067
TRINITY_GG_19266_c1_g2	2.39428832094941	2.52368290612911	-0.90077316808527	-1.33906601966442	-1.33906601966442	-1.33906601966442
TRINITY_GG_98701_c1_g1	2.38576384825425	-0.256976172015454	3.03564124711102	-2.03388555649571	-1.2969199623295	-1.83362340452461
TRINITY_GG_68391_c0_g1	2.57833430188678	3.89649988159996	3.02138100961739	-3.43121442508548	-3.43121442508548	-2.63378634293317
TRINITY_GG_101167_c26_g1	-1.78220231682756	-1.78220231682756	-1.78220231682756	1.44291833885688	1.52610030414477	2.37758830748104
TRINITY_GG_25467_c1_g1	1.88123797354653	0.277376382767748	1.47480152225591	-1.21113862619006	-1.21113862619006	-1.21113862619006
TRINITY_GG_62431_c0_g1	-1.30324892530438	-1.30324892530438	-1.30324892530438	1.06496067279489	2.3948584011005	0.449927702017743
TRINITY_GG_106120_c1_g2	1.23544573579248	0.80723865399225	1.4844435137111	-1.17570930116528	-1.17570930116528	-1.17570930116528
TRINITY_GG_81730_c32_g1	-0.917466018814857	-0.917466018814857	-0.917466018814857	0.950825649957941	1.46989652202114	0.331675884465491
TRINITY_GG_27581_c2_g1	-1.45354719348918	-1.45354719348918	-1.45354719348918	2.71501461880715	0.213209398395619	1.43241756326479
TRINITY_GG_11224_c0_g2	-1.56919300710562	-1.56919300710562	-1.56919300710562	1.60649126362537	1.34173148978738	1.75935626790412
TRINITY_GG_17473_c82_g1	-1.08376828428597	-1.08376828428597	-1.08376828428597	0.43677968382061	1.13191031232196	1.68261485671533
TRINITY_GG_39234_c1_g1	-2.32835418814825	-1.89444376235327	-2.2251130822469	-1.02408581418984	3.75538947128956	3.71660737564871
TRINITY_GG_20354_c4_g1	-1.32717438658441	-1.32717438658441	-1.32717438658441	2.15735047429144	0.295755964335764	1.52841672112604
TRINITY_GG_18207_c5_g3	-1.43948715633155	-1.43948715633155	-1.43948715633155	1.15601650417119	1.78963927628173	1.37280568854172
TRINITY_GG_21981_c0_g1	-1.37364228879617	-1.37364228879617	-1.37364228879617	1.51894302639648	1.7438865351925	0.85809730479953
TRINITY_GG_23355_c0_g1	-1.37733055750082	-1.37733055750082	-1.37733055750082	2.00312184922735	0.630223778637458	1.49864604463764
TRINITY_GG_8251_c0_g1	-1.03134219467095	-1.03134219467095	-1.03134219467095	-0.460879263644907	2.17373747107889	1.38116837657886
TRINITY_GG_88200_c2_g2	-0.849339460262939	-0.849339460262939	-0.849339460262939	0.609042543893074	0.977666549376037	0.961309287519707
TRINITY_GG_32947_c0_g1	-1.12655135865	-1.12655135865	-1.12655135865	0.655437757214707	1.3241980168875	1.40001830184779
TRINITY_GG_76550_c108_g1	-1.01526619596564	-1.01526619596564	-1.01526619596564	0.888543362613061	1.04720094753507	1.11005427774878
TRINITY_GG_80986_c39_g1	-0.947028722368302	-0.947028722368302	-0.947028722368302	0.712895836034076	1.50767360579539	0.620516725275444
TRINITY_GG_44205_c0_g1	-1.39518556630314	-1.39518556630314	-1.39518556630314	-1.08252039274475	2.22563540963838	3.0424416820158
TRINITY_GG_77620_c0_g3	-0.924228693318291	-0.924228693318291	-0.924228693318291	0.449837024904247	1.08583499002641	1.23701406502422
TRINITY_GG_3138_c0_g1	1.05017513717568	0.873229069440498	2.31222733824609	-1.41187718162076	-1.41187718162076	-1.41187718162076
TRINITY_GG_95190_c3_g1	-0.926347706115869	-0.926347706115869	-0.926347706115869	1.17865981864511	0.814795648839448	0.785587650863053
TRINITY_GG_70584_c83_g1	-0.983621281405421	-0.983621281405421	-0.983621281405421	0.878730918126599	1.46025054699234	0.611882379097321
TRINITY_GG_95281_c0_g1	-2.03108795701598	-1.60565150845488	-2.05960799702603	3.02741277434468	-1.67782473684765	4.34675942499987
TRINITY_GG_42437_c0_g2	2.08166505629576	0.59951083663613	0.617613751031725	-1.09959654798787	-1.09959654798787	-1.09959654798787
TRINITY_GG_14974_c0_g2	-1.94421339850219	-1.94421339850219	-1.94421339850219	1.56358124169651	2.45966781603224	1.80939113777781
TRINITY_GG_102824_c3_g1	-1.02026772038587	-1.41470425358196	-1.71402555335133	1.28054777453614	1.18434348741134	1.68410626537169
TRINITY_GG_90549_c49_g1	-1.32361452069174	-1.32361452069174	-1.32361452069174	1.75567824658111	0.613729871458492	1.60143544403562
TRINITY_GG_24859_c1_g1	-0.910466094765885	-0.910466094765885	-0.910466094765885	0.40972972650024	1.43180417963866	0.889864378158751
TRINITY_GG_46392_c1_g1	2.77340519305106	1.28455884533967	-0.142350113454799	-1.30520464164531	-1.30520464164531	-1.30520464164531
TRINITY_GG_64331_c3_g1	-2.2792362632488	-1.63707619072111	-1.39824931129902	2.77328667801543	-1.12889239372544	3.67016748097894
TRINITY_GG_86177_c1_g5	-1.0167898796103	-1.0167898796103	-1.0167898796103	1.12366159734336	0.506270182184946	1.42043785930261
TRINITY_GG_72923_c0_g1	-2.90635455511979	-2.15189458149431	-2.70472069395014	2.67505695374114	2.80053510698202	2.28737776984109
TRINITY_GG_15654_c0_g1	-0.861889902135917	-0.861889902135917	-0.861889902135917	1.03960455291166	0.982495750866654	0.563569402629438
TRINITY_GG_15200_c18_g2	1.32874423454927	1.18171228325448	0.808596233408745	-1.10635091707083	-1.10635091707083	-1.10635091707083
TRINITY_GG_11942_c33_g1	-1.00523420573424	-1.00523420573424	-1.00523420573424	0.845165191036018	1.06240451114113	1.10813291502557
TRINITY_GG_24327_c0_g1	1.0282463396703	0.821559385368555	0.798804175084912	-0.882869966707922	-0.882869966707922	-0.882869966707922
TRINITY_GG_82987_c0_g2	-0.835447968599348	-0.835447968599348	-0.835447968599348	0.787482382320829	0.72771016180346	0.991151361673754
TRINITY_GG_69997_c85_g1	0.9258345207865	0.736564169624761	1.02889989131435	-0.897099527241871	-0.897099527241871	-0.897099527241871
TRINITY_GG_78347_c55_g1	-1.07098207076228	-1.07098207076228	-1.07098207076228	0.588485866322503	1.45207799103297	1.17238235493138
TRINITY_GG_4196_c0_g1	-0.976846283253994	-0.976846283253994	-0.976846283253994	1.54420445364697	0.287990365213786	1.09834403090123
TRINITY_GG_64169_c6_g1	0.343613990251153	2.02680427538538	2.14873754200831	-1.50638526921495	-1.50638526921495	-1.50638526921495
TRINITY_GG_11605_c70_g1	-0.981441912356483	-0.981441912356483	-0.981441912356483	1.38397068013446	0.921210558839598	0.639144498095394
TRINITY_GG_18450_c41_g1	-1.09139713199616	-1.09139713199616	-1.09139713199616	0.748965386662274	1.31649941675336	1.20872659257285
TRINITY_GG_81920_c25_g1	1.44422473996757	1.50406272877026	0.820618272009923	-1.2910808001875	-1.2910808001875	-1.18674414037276
TRINITY_GG_71933_c140_g1	0.657916524331816	1.43487939824406	2.15232318281466	-1.443061123393	-1.35899685860453	-1.443061123393
TRINITY_GG_103503_c0_g1	-0.915010576288812	-0.915010576288812	-0.915010576288812	1.35462107465163	1.0752182171372	0.315192437077609
TRINITY_GG_62092_c0_g1	1.1978713586967	0.864705477218904	2.20838241900866	-1.42365308497476	-1.42365308497476	-1.42365308497476
TRINITY_GG_41689_c3_g1	1.93065202047153	2.91418397345323	0.535849004932738	-1.79356166628583	-1.79356166628583	-1.79356166628583
TRINITY_GG_6643_c0_g1	-0.901598662685077	-0.901598662685077	-0.901598662685077	0.868173076564371	1.09298106153067	0.743641849960188
TRINITY_GG_79135_c2_g1	-1.16499452804912	-1.41244268393348	-1.25194377800846	0.198944722019056	1.44046037171752	2.18997589625448
TRINITY_GG_78359_c38_g1	0.764287453235292	1.71343642888485	2.32649136976658	-1.60140508396224	-1.60140508396224	-1.60140508396224
TRINITY_GG_56297_c0_g3	-0.872607070895439	-0.872607070895439	-0.872607070895439	0.82827648513283	0.52793085868829	1.2616138688652
TRINITY_GG_14519_c27_g2	-1.01427281003087	-1.01427281003087	-1.01427281003087	1.19611605441453	1.16810167824494	0.67860069743313
TRINITY_GG_18009_c13_g1	-1.00008642305187	-1.00008642305187	-1.00008642305187	1.05476205394375	1.42805596792646	0.517441247285397
TRINITY_GG_12790_c33_g1	-0.824601928224021	-0.824601928224021	-0.824601928224021	0.7713790507416	0.959483214510736	0.742943519419726
TRINITY_GG_32582_c12_g1	1.56158470961052	0.819452789275583	0.386622765887361	-0.922553421591153	-0.922553421591153	-0.922553421591153
TRINITY_GG_87046_c0_g1	1.29007496275369	1.0430997461367	2.12414604812075	-0.797493361792809	-1.5568991558677	-2.10292823935062
TRINITY_GG_85762_c0_g1	0.412279118233115	0.94797118935424	1.33742168411811	-0.899223997235155	-0.899223997235155	-0.899223997235155
TRINITY_GG_81563_c1_g1	-0.901712720500705	-0.901712720500705	-0.901712720500705	0.434570667363728	1.00363817908025	1.26692931505813
TRINITY_GG_12183_c0_g1	-1.27212207138088	-1.27212207138088	-1.27212207138088	0.878762499924143	1.79396711907689	1.14363659514162
TRINITY_GG_49830_c0_g1	-0.922581498569363	-0.922581498569363	-0.922581498569363	1.52869556352884	1.11339424509577	0.125654687083484
TRINITY_GG_72066_c21_g1	2.03715011499437	0.637677060395833	1.83938195704352	-1.50473637747791	-1.50473637747791	-1.50473637747791
TRINITY_GG_89268_c16_g2	1.01893048319941	2.76581461691509	-0.0281560693651763	-1.25219634358311	-1.25219634358311	-1.25219634358311
TRINITY_GG_72540_c42_g1	-1.05004562100067	-1.05004562100067	-1.05004562100067	0.900796016548475	0.484015981420445	1.7653248650331
TRINITY_GG_29577_c1_g2	-1.78029599500281	-1.78029599500281	-1.78029599500281	2.49224981498078	1.8532514632914	0.995386706736251
TRINITY_GG_18140_c0_g1	0.683171718654674	0.696530101509693	1.42415783109656	-0.899109191999097	-0.964884459649336	-0.939865999612497
TRINITY_GG_25401_c0_g1	1.15550930396287	1.23124854673198	2.15041833698828	-1.44344929924716	-1.47373976467484	-1.61998712376113
TRINITY_GG_106094_c14_g1	-0.899451425430757	-0.899451425430757	-0.899451425430757	1.58184751611681	1.1354685589184	-0.0189617987429379
TRINITY_GG_2979_c1_g1	-1.29271277787193	-1.29271277787193	-1.29271277787193	1.45381497924626	1.75430204164566	0.670021312723873
TRINITY_GG_72582_c0_g1	-1.24409935687159	-1.24409935687159	-1.24409935687159	1.27443578211059	1.43712499690797	1.02073729159619
TRINITY_GG_30378_c0_g1	-1.29789338643624	-1.23738954091935	-1.58356924798169	0.221387685423401	2.08736647584932	1.81009801406456
TRINITY_GG_18216_c18_g1	-1.74845303459981	-1.74845303459981	-1.74845303459981	2.54888513900202	2.21103893922296	0.485435025574465
TRINITY_GG_42799_c1_g1	-0.812651368263266	-0.812651368263266	-0.812651368263266	1.064700258186	0.942236133900203	0.431017712703597
TRINITY_GG_70583_c198_g2	0.75987571882762	0.809519795608451	1.1060268709774	-0.891807461804489	-0.891807461804489	-0.891807461804489
TRINITY_GG_72654_c0_g2	-1.05389400575317	-1.05389400575317	-1.05389400575317	1.59319020687578	0.780412697209734	0.788079113174006
TRINITY_GG_80771_c1_g1	-1.3383429251586	-1.3383429251586	-1.3383429251586	1.78068117798368	1.17160622114571	1.06274137634641
TRINITY_GG_1008_c0_g1	-1.37334483921614	-1.37334483921614	-1.37334483921614	1.54771058200619	1.87837425338982	0.693949682252395
TRINITY_GG_99087_c0_g1	0.765159495812613	1.15798631962941	1.0409055790865	-0.98801713150951	-0.98801713150951	-0.98801713150951
TRINITY_GG_92539_c0_g1	-1.81876223738006	-1.92175623070338	-1.79346282969357	1.67147800798131	2.48062487542007	1.38187841437562
TRINITY_GG_12721_c0_g1	-1.28130800789857	-1.28130800789857	-1.28130800789857	2.12903309671552	1.09470447983117	0.620186447149008
TRINITY_GG_36424_c0_g1	-1.18110009635372	-1.18110009635372	-1.18110009635372	1.8911772391178	1.46529300486519	0.186830045078166
TRINITY_GG_81041_c1_g1	-1.88609441419383	-1.88609441419383	-1.88609441419383	2.1552361926268	1.48880595550753	2.01424109444716
TRINITY_GG_28760_c0_g2	-0.83837273797951	-0.83837273797951	-0.83837273797951	0.753306678956227	1.16989899998403	0.591912534998271
TRINITY_GG_102371_c6_g4	-1.27849362768246	-1.27849362768246	-1.27849362768246	1.40834302229362	1.37823154233879	1.04890631841496
TRINITY_GG_26096_c36_g1	-0.827633939570107	-0.827633939570107	-0.827633939570107	1.28873081712168	0.299338916687659	0.894832084900984
TRINITY_GG_81099_c0_g2	0.577463235578195	1.50945429095706	1.14537403915013	-1.07743052189513	-1.07743052189513	-1.07743052189513
TRINITY_GG_21867_c69_g1	0.703309531980061	0.641814146171179	1.72151686249566	-1.02221351354897	-1.02221351354897	-1.02221351354897
TRINITY_GG_97819_c0_g2	-0.921903323364857	-0.921903323364857	-0.921903323364857	0.731615347388743	1.0762921797884	0.957802442917432
TRINITY_GG_100431_c0_g2	-1.19959676773999	-1.19959676773999	-1.19959676773999	0.95550479038571	0.462152832070712	2.18113268076356
TRINITY_GG_24514_c0_g2	-0.877630916109009	-0.877630916109009	-0.877630916109009	0.99460685753345	0.87853841203029	0.759747478763286
TRINITY_GG_81272_c0_g2	2.46718761597507	0.253130180980002	1.42984095094174	-1.47935611204994	-1.28905732042335	-1.38174531542352
TRINITY_GG_70504_c5_g1	-1.69635075182015	-1.17082116461815	-1.9671695022999	1.7007850564588	1.00076746136377	2.13278890091564
TRINITY_GG_48571_c0_g1	-1.1003818835514	-1.1003818835514	-1.1003818835514	1.10907148207755	0.436665635853253	1.75540853272342
TRINITY_GG_79205_c58_g2	0.92656604375183	1.51622805900755	1.18312726427715	-1.20864045567884	-1.20864045567884	-1.20864045567884
TRINITY_GG_16286_c0_g1	1.52280668996988	2.20892244774388	2.59238408437948	-2.70424209379779	-2.09869871565418	-1.52117241264127
TRINITY_GG_65469_c1_g1	-1.13675064011218	-1.13675064011218	-1.13675064011218	-0.116692987770928	0.38831595196603	3.13862895614144
TRINITY_GG_970_c0_g1	1.99408918921348	1.93691531471531	2.36648020409843	-2.21372559240208	-2.21372559240208	-1.87003352322306
TRINITY_GG_71183_c14_g1	3.86071964443359	0.710499436713647	3.61921951475439	-2.10017424760951	-2.08154966855996	-4.00871467973217
TRINITY_GG_85135_c7_g5	0.97705738952365	1.19460949213425	0.522141866570056	-0.897936249409318	-0.897936249409318	-0.897936249409318
TRINITY_GG_15804_c14_g1	-1.05441426767649	-1.05441426767649	-1.05441426767649	0.465630756363332	1.11743304589686	1.58017900076927
TRINITY_GG_17006_c46_g1	-1.22364395020284	-1.22364395020284	-1.22364395020284	1.98908101078726	1.51317736724532	0.168673472575924
TRINITY_GG_26919_c24_g1	2.40394413337898	-0.640764469913333	1.5843683951207	-1.11584935286212	-1.11584935286212	-1.11584935286212
TRINITY_GG_24711_c0_g1	-1.16130808594293	-1.16130808594293	-1.16130808594293	1.16062000894443	0.748656980815036	1.57464726806933
TRINITY_GG_68573_c0_g1	-3.73923433490744	-2.67228409098282	-3.30948448410723	3.33648011914124	2.45001698467523	3.93450580618101
TRINITY_GG_83560_c41_g1	-0.956570586491907	-0.956570586491907	-0.956570586491907	0.574998022323056	0.760200869926316	1.53451286722635
TRINITY_GG_10990_c23_g2	-1.0640088763443	-1.0640088763443	-1.0640088763443	0.140757874310312	0.787590266890845	2.26367848783175
TRINITY_GG_91771_c0_g1	-1.11907524535649	-1.11907524535649	-1.11907524535649	2.06202730539731	1.06774221400062	0.227456216671531
TRINITY_GG_73672_c19_g1	-0.807965190847522	-0.807965190847522	-0.807965190847522	0.859699899203884	0.491279466948551	1.07291620639013
TRINITY_GG_88085_c7_g2	-1.78788877501825	-1.78788877501825	-1.78788877501825	1.867234036205	1.5054817091865	1.99095057966325
TRINITY_GG_40214_c0_g1	1.16372548402455	0.967854486753869	2.40875339360267	-1.5134444547937	-1.5134444547937	-1.5134444547937
TRINITY_GG_91381_c0_g1	1.13477308612042	2.0661543023624	1.47594961349278	-1.69896983675429	-1.45664613610454	-1.52126102911676
TRINITY_GG_31925_c0_g1	-1.08695201877831	-1.08695201877831	-1.08695201877831	0.410277110009293	1.35160698814536	1.49897195818029
TRINITY_GG_15831_c98_g1	-0.905783384335992	-0.905783384335992	-0.905783384335992	0.705861159037669	0.495847082248748	1.51564191172156
TRINITY_GG_62452_c0_g1	0.606334183492562	1.58472429946041	1.36725575676325	-1.18610474657208	-1.18610474657208	-1.18610474657208
TRINITY_GG_92430_c6_g1	-1.79817095121749	-2.03573466953517	-2.03573466953517	2.19300707517329	1.41422281409283	2.26241040102171
TRINITY_GG_3383_c0_g1	-1.10609755638955	-1.10609755638955	-1.10609755638955	0.944926446634919	1.18844967750597	1.18491654502776
TRINITY_GG_77849_c0_g1	-1.71414053034227	-1.78177924721764	-1.78177924721764	2.49099048521887	0.933894518330551	1.85281402122812
TRINITY_GG_63054_c0_g1	-1.31380313178361	-1.31380313178361	-1.31380313178361	1.1638741957817	0.59308746382491	2.18444773574422
TRINITY_GG_77532_c0_g2	-1.61673164760089	-1.61673164760089	-1.61673164760089	0.68807140818453	1.08592589579002	3.07619763882814
TRINITY_GG_104753_c0_g1	1.23432057779348	0.128855163501606	1.60134892723066	-0.988174889508581	-0.988174889508581	-0.988174889508581
TRINITY_GG_41249_c0_g1	-0.930712269217365	-0.930712269217365	-0.930712269217365	-0.0667738187933941	1.10772391243874	1.75118671400675
TRINITY_GG_11032_c0_g2	0.484267715475105	1.57452824622749	0.926092575491101	-0.994962845731231	-0.994962845731231	-0.994962845731231
TRINITY_GG_79348_c0_g1	-0.843905959451945	-0.843905959451945	-0.843905959451945	0.370840563230451	1.47571197474822	0.685165340377167
TRINITY_GG_61586_c0_g1	0.897076195889213	0.850248547282325	0.753692557409461	-0.833672433527	-0.833672433527	-0.833672433527
TRINITY_GG_23791_c6_g1	-1.20937211925259	-1.20937211925259	-1.20937211925259	1.00288592495015	1.19143902215677	1.43379141065084
TRINITY_GG_79146_c4_g1	2.24951487091118	2.58859097426177	4.70125235766001	-1.77004151610591	-3.93575777720714	-3.83355890951991
TRINITY_GG_64751_c3_g1	-1.29015050387682	-1.29015050387682	-1.29015050387682	2.31913167603974	0.841109710784039	0.71021012480669
TRINITY_GG_83702_c0_g1	-0.837330984126717	-0.837330984126717	-0.837330984126717	1.39225693861394	0.695235339140796	0.42450067462542
TRINITY_GG_3076_c0_g1	-0.840812414891784	-0.840812414891784	-0.840812414891784	1.09427010842688	0.650271038826472	0.777896097422003
TRINITY_GG_57346_c0_g1	-1.18348652591693	-1.18348652591693	-1.18348652591693	3.10420738701781	1.02471856358751	-0.578466372854523
TRINITY_GG_50000_c0_g1	-1.64142063482574	-1.64142063482574	-1.64142063482574	1.6217640439149	1.26258168145795	2.03991617910439
TRINITY_GG_79205_c115_g1	0.771401929104566	1.06026612074639	0.698962263645957	-0.843543437832305	-0.843543437832305	-0.843543437832305
TRINITY_GG_64268_c15_g1	1.21930391529565	-0.0232541840369702	2.10749255690743	-1.10118076272204	-1.10118076272204	-1.10118076272204
TRINITY_GG_95814_c0_g1	2.54615774695406	2.79160405094985	4.24638578108085	-3.19471585966158	-3.19471585966158	-3.19471585966158
TRINITY_GG_25459_c0_g1	0.533048714167652	0.667100521964519	1.50118554090551	-0.900444925679228	-0.900444925679228	-0.900444925679228
TRINITY_GG_31006_c0_g1	-0.824369576621693	-0.824369576621693	-0.824369576621693	1.02722956661345	0.987512419596975	0.458366743654649
TRINITY_GG_15405_c0_g1	2.4152174889365	1.83326091120496	4.41437153271103	-3.08144617367085	-1.79806351968925	-3.7833402394924
TRINITY_GG_96086_c0_g1	-1.15464592007044	-1.15464592007044	-1.15464592007044	0.696953223164708	1.86470016873437	0.902284368312234
TRINITY_GG_81706_c61_g1	-0.908455678291179	-0.908455678291179	-0.908455678291179	1.05501844568371	1.70696061897169	-0.0366120297818612
TRINITY_GG_81458_c4_g1	-0.95928431186762	-0.95928431186762	-0.95928431186762	0.00714615543867814	1.23448743152906	1.63621934863512
TRINITY_GG_85767_c0_g1	1.23340197400428	2.67341037253571	3.39516946175129	-2.46216004876436	-2.96092151443621	-1.87890024509071
TRINITY_GG_71135_c155_g1	0.0866652313067759	0.730834449334468	2.35855878215629	-1.05868615426584	-1.05868615426584	-1.05868615426584
TRINITY_GG_21506_c1_g1	-1.59887991374072	-1.59887991374072	-1.59887991374072	0.947335471038647	1.76415095296577	2.08515331721773
TRINITY_GG_10990_c9_g1	-1.6137120321219	-1.6137120321219	-1.38350901875548	1.77723074068064	1.26599373416039	1.56770860815824
TRINITY_GG_5744_c0_g1	-1.36462917319543	-1.36462917319543	-1.36462917319543	3.16556645066062	-0.097992530681442	1.02631359960711
TRINITY_GG_71145_c0_g1	1.25354744951699	1.07518290904771	1.98111348924296	-1.35353207690544	-1.27267861268658	-1.68363315821564
TRINITY_GG_101546_c2_g1	2.39003085499546	3.65003873321516	-0.209676270583768	-1.94346443920895	-1.94346443920895	-1.94346443920895
TRINITY_GG_84269_c7_g2	-0.9947359134987	-0.9947359134987	-0.9947359134987	1.14145547278844	0.983093503453256	0.8596587642544
TRINITY_GG_73142_c1_g3	-1.36781111203931	-1.36781111203931	-1.36781111203931	4.68510466515212	-0.966180645454565	0.384509316420365
TRINITY_GG_82626_c0_g1	2.24685945327135	0.995326402194164	0.778970668913378	-1.3403855081263	-1.3403855081263	-1.3403855081263
TRINITY_GG_32563_c10_g1	0.45569150528683	1.29092669565996	1.9096892378735	-1.21876914627343	-1.21876914627343	-1.21876914627343
TRINITY_GG_98150_c0_g1	-0.966152521823408	-0.966152521823408	-0.966152521823408	0.784025183769649	1.27446710748835	0.839965274212221
TRINITY_GG_19991_c0_g1	-1.79722602551529	-2.52340162106825	-2.35997311969454	4.00005346050887	-1.62453003535275	4.30507734112196
TRINITY_GG_90058_c2_g1	1.96486308558681	1.61848730152148	0.702856170812676	-1.25448861317636	-1.11903639169977	-1.91268155304484
TRINITY_GG_71193_c15_g2	0.286640437496953	1.73907185418052	0.910677083978964	-0.978796458552145	-0.978796458552145	-0.978796458552145
TRINITY_GG_31277_c0_g1	-1.38796999094264	-1.38796999094264	-1.38796999094264	1.0193827601974	1.98776454764052	1.15676266498999
TRINITY_GG_80102_c0_g1	1.98876502091586	1.66127361740036	-0.187133203929583	-1.15430181146221	-1.15430181146221	-1.15430181146221
TRINITY_GG_93077_c0_g1	-1.18022045717085	-1.18022045717085	-1.18022045717085	0.88982533100208	1.76445061347688	0.886385427033586
TRINITY_GG_30644_c1_g1	-0.959128884454763	-0.959128884454763	-0.959128884454763	1.70989788105487	0.190780783080161	0.976707989229262
TRINITY_GG_11021_c50_g1	0.57927245623647	1.4255874543343	1.21925425662883	-1.07470472239987	-1.07470472239987	-1.07470472239987
TRINITY_GG_21867_c71_g1	1.13219358470553	1.55030762179116	1.20936423491776	-1.29728848047148	-1.29728848047148	-1.29728848047148
TRINITY_GG_99160_c2_g1	-2.18035836097229	-2.18035836097229	-2.18035836097229	1.30145721264557	2.52346217727474	2.71615569299655
TRINITY_GG_34639_c0_g1	0.89693143530171	2.03160842061507	1.51786503602081	-1.48213496397919	-1.48213496397919	-1.48213496397919
TRINITY_GG_55823_c2_g1	-0.938932706356316	-0.938932706356316	-0.938932706356316	0.560849413790996	2.06592819124826	0.19002051402969
TRINITY_GG_67063_c0_g1	-1.2213040967874	-1.2213040967874	-1.2213040967874	0.708486900931194	0.986588754853929	1.96883663457709
TRINITY_GG_24206_c46_g1	1.88206494568756	0.611579323940858	0.576791247724648	-1.02347850578436	-1.02347850578436	-1.02347850578436
TRINITY_GG_100724_c0_g1	1.37314271046606	1.3198243823612	0.488085695315218	-1.06035092938082	-1.06035092938082	-1.06035092938082
TRINITY_GG_27415_c4_g1	-1.0314573085855	-1.0314573085855	-1.0314573085855	-0.0547270879083509	2.28758250697703	0.86151650668783
TRINITY_GG_21875_c26_g1	0.639365047811351	0.841205910206823	1.39928727964245	-0.959952745886876	-0.959952745886876	-0.959952745886876
TRINITY_GG_88844_c22_g2	-1.0907279432761	-1.0907279432761	-1.0907279432761	1.39418354363473	0.954015877948298	0.923984408245273
TRINITY_GG_17746_c4_g1	-0.993864806204671	-0.993864806204671	-0.993864806204671	0.628128425461453	0.497731788205778	1.85573420494678
TRINITY_GG_100900_c0_g1	1.17687821244103	1.51015088653142	1.69589050457769	-1.09667745476412	-1.56511440383436	-1.72112774495165
TRINITY_GG_29046_c0_g1	-1.91658232925147	-1.91658232925147	-1.91658232925147	1.58039125174681	1.27734707711908	2.89200865888851
TRINITY_GG_98051_c0_g1	2.57081879498299	1.13891941455068	2.32042526126077	-2.22967832442397	-2.54143694598602	-1.25904820038444
TRINITY_GG_68538_c0_g1	0.592673645694757	1.52272082149053	1.17045407786389	-1.09528284834972	-1.09528284834972	-1.09528284834972
TRINITY_GG_106239_c1_g2	0.213744654702208	1.060121465589	1.45391177776663	-0.909259299352612	-0.909259299352612	-0.909259299352612
TRINITY_GG_51602_c0_g1	2.72004842358954	1.93264783500249	0.519021181667032	-2.13730829983293	-1.92516443882206	-1.10924470160407
TRINITY_GG_83624_c0_g1	-0.825151739545645	-0.825151739545645	-0.825151739545645	0.365147052080949	0.770351920957096	1.33995624559889
TRINITY_GG_374_c0_g1	1.41702817307484	1.81419959091207	2.45437625115679	-1.89520133838123	-1.89520133838123	-1.89520133838123
TRINITY_GG_69260_c0_g1	-1.75341770939761	-1.3120381362587	-1.36886263590354	1.69228497113101	1.75598276405059	0.986050746378245
TRINITY_GG_105370_c0_g1	-1.56045251514924	-1.56045251514924	-1.56045251514924	2.72465373591202	0.960849540459948	0.995854269075741
TRINITY_GG_11737_c18_g1	0.381752514648771	1.0202212871033	1.38204346857552	-0.928005756775864	-0.928005756775864	-0.928005756775864
TRINITY_GG_26408_c0_g2	-1.0556693982274	-1.09971373093342	-1.09971373093342	0.83348118902701	1.42810729146162	0.993508379605607
TRINITY_GG_50226_c0_g1	0.0893275687222983	1.18022367407157	1.91804250122025	-1.06253124800471	-1.06253124800471	-1.06253124800471
TRINITY_GG_16126_c0_g1	0.545950575609087	1.0946762709529	2.31843246789661	-1.23987390830357	-1.29281094020696	-1.42637446594806
TRINITY_GG_19079_c61_g1	-0.86923810551432	-0.86923810551432	-0.86923810551432	0.595952782411662	0.991526097114508	1.02023543701679
TRINITY_GG_19160_c3_g1	-1.15633624454979	-1.15633624454979	-1.15633624454979	2.33551685177989	-0.195083360491577	1.32857524236104
TRINITY_GG_35927_c0_g2	-1.4284922190937	-1.4284922190937	-1.4284922190937	2.78842820676318	-0.259850183534861	1.75689863405278
TRINITY_GG_45398_c0_g1	-0.929453689173508	-0.929453689173508	-0.929453689173508	0.0633147415954157	1.53547591195634	1.18957041396877
TRINITY_GG_87480_c7_g1	-0.879579138265105	-0.879579138265105	-0.879579138265105	1.09715108241205	0.395427909234765	1.1461584231485
TRINITY_GG_73516_c4_g1	-0.780615750952097	-0.780615750952097	-0.780615750952097	0.876566909176326	0.656611987960813	0.808668355719153
TRINITY_GG_105426_c0_g1	-0.683202470675884	2.02654711794685	2.48704118235047	-1.27679527654048	-1.27679527654048	-1.27679527654048
TRINITY_GG_98388_c0_g1	-1.84191676344958	-1.84191676344958	-1.84191676344958	1.90568546682536	1.37996031762745	2.24010450589592
TRINITY_GG_46460_c0_g1	-0.87640031873726	-0.87640031873726	-0.87640031873726	1.35993922043111	0.745124124934198	0.524137610846469
TRINITY_GG_20273_c0_g1	1.04243458862749	1.48366247761391	1.75942790245749	-2.12417632359421	-0.84726486139993	-1.31408378370476
TRINITY_GG_19256_c14_g1	2.16572870679281	-0.545937730769402	2.06574210832753	-1.22851102811698	-1.22851102811698	-1.22851102811698
TRINITY_GG_48_c1_g1	-1.07180921782286	-1.07180921782286	-1.07180921782286	0.619724947096344	0.338531886791231	2.257170819581
TRINITY_GG_51536_c0_g1	-1.42941616857808	-1.42941616857808	-1.42941616857808	1.3108638140948	1.86454281045061	1.11284188118884
TRINITY_GG_72997_c1_g1	-0.904889384095469	-0.904889384095469	-0.904889384095469	1.48522796957086	0.142649004667891	1.08679117804766
TRINITY_GG_85181_c4_g1	-1.44163291945888	-1.69542743993446	-1.03524988549057	1.22060529473892	1.60398586061508	1.34771908952992
TRINITY_GG_19989_c7_g1	-1.02071489668792	-1.02071489668792	-1.02071489668792	0.356131117328404	1.89404095298373	0.811972619751615
TRINITY_GG_24239_c40_g1	-1.13398105288119	-1.13398105288119	-1.13398105288119	0.337466563496204	1.51678350623571	1.54769308891165
TRINITY_GG_11803_c7_g1	-1.80212813445909	-2.08189655605268	-1.78676130705186	2.19794613746767	1.43007742572912	2.04276243436684
TRINITY_GG_12723_c0_g1	-1.12639900943707	-1.05454330114939	-1.16440258140401	1.67308856630681	1.99878298939433	-0.326526663710671
TRINITY_GG_31743_c0_g2	-0.968185778100766	-0.968185778100766	-0.968185778100766	1.06849337612968	1.93793517489633	-0.101871216723719
TRINITY_GG_90565_c7_g1	-0.945779242163152	-0.945779242163152	-0.945779242163152	1.72664609980834	0.924881384516129	0.185810242164983
TRINITY_GG_35287_c2_g1	1.31367041220241	1.63603481332701	0.828679891269407	-1.25946170559961	-1.25946170559961	-1.25946170559961
TRINITY_GG_35287_c2_g2	3.5858809633684	0.755783146203355	2.33818767632373	-2.22661726196516	-2.22661726196516	-2.22661726196516
TRINITY_GG_54515_c0_g1	-1.24397635965672	-1.24397635965672	-1.24397635965672	0.986226653709702	1.07072016599957	1.67498225926089
TRINITY_GG_39594_c0_g1	0.312713353698133	1.38261727978798	1.41462513820212	-1.03665192389608	-1.03665192389608	-1.03665192389608
TRINITY_GG_42946_c2_g1	-1.78932725384449	-1.78932725384449	-1.78932725384449	1.93215477942723	1.185752600543	2.25007438156323
TRINITY_GG_85721_c2_g1	-1.31112055414614	-1.31112055414614	-1.31112055414614	0.481734798216346	1.86376519160687	1.58786167261521
TRINITY_GG_15148_c2_g1	1.88921721177626	-0.000852214882476776	1.91940219080697	-1.22049925948011	-1.29363396411032	-1.29363396411032
TRINITY_GG_85768_c15_g1	-0.976377547913966	-0.976377547913966	-0.976377547913966	1.01494020898623	0.839197880948606	1.07499455380706
TRINITY_GG_6880_c0_g1	2.59349297422335	-1.05844822622655	2.46532107318248	-1.33345527372642	-1.33345527372642	-1.33345527372642
TRINITY_GG_85385_c2_g1	2.0097650366022	0.394340023219611	0.536741489092984	-0.980282182971597	-0.980282182971597	-0.980282182971597
TRINITY_GG_19589_c16_g1	1.23367040248776	1.11893631218189	1.27572851436085	-1.17221354353012	-1.49062016434579	-0.965501521154593
TRINITY_GG_89325_c7_g2	0.972550005247043	1.17506065768548	0.782783814192034	-0.97679815904152	-0.97679815904152	-0.97679815904152
TRINITY_GG_79138_c75_g1	1.65004017446685	0.446791441431451	0.69999325765006	-0.932274957849453	-0.932274957849453	-0.932274957849453
TRINITY_GG_59511_c4_g2	-1.28076146871322	-2.25394253765963	-1.27523507107751	2.44949030072447	0.641671735566481	1.71877704115941
TRINITY_GG_82628_c0_g1	2.67846353183022	0.453053647318063	0.990339907814456	-1.37395236232091	-1.37395236232091	-1.37395236232091
TRINITY_GG_72751_c20_g1	-3.05307058892721	-3.05307058892721	-3.05307058892721	3.40112175825967	3.00236370121766	2.7557263073043
TRINITY_GG_66445_c0_g1	-0.97275240780941	-0.97275240780941	-0.97275240780941	1.38704985273907	1.40298213077375	0.128225239915411
TRINITY_GG_79837_c0_g2	-0.876473785015961	-0.876473785015961	-0.876473785015961	1.35280649404277	0.675411318455764	0.601203542549346
TRINITY_GG_39773_c1_g1	-1.18951554586248	-1.18951554586248	-1.18951554586248	0.136446450309373	1.45618611271636	1.97591407456171
TRINITY_GG_17971_c3_g1	1.62026598154829	0.901955133203408	2.40234327336874	-0.791646388557852	-2.56404526402188	-1.5688727355407
TRINITY_GG_26100_c5_g1	1.96509079211681	0.65012688339393	1.32926083300987	-1.31482616950687	-1.31482616950687	-1.31482616950687
TRINITY_GG_30489_c0_g1	-1.07176772087118	-1.07176772087118	-1.07176772087118	1.17007246269349	2.14173509911274	-0.0965043991926867
TRINITY_GG_31274_c0_g1	-0.888395424810317	-0.888395424810317	-0.888395424810317	1.11088304727222	0.0100064351818758	1.54429679197685
TRINITY_GG_1663_c1_g1	-0.950666627383267	-0.950666627383267	-0.950666627383267	0.0636886655938028	1.86162621749	0.926684999065995
TRINITY_GG_77597_c28_g1	-0.809273922983212	-0.809273922983212	-0.809273922983212	1.22881102433376	0.516688073188641	0.682322671427237
TRINITY_GG_48396_c0_g1	-0.837815544470605	-0.837815544470605	-0.837815544470605	0.782301620558079	0.689254791042055	1.04189022181168
TRINITY_GG_36023_c3_g1	-1.00162071832554	-1.00162071832554	-1.00162071832554	2.35747871420647	0.6325078391995	0.0148756015706553
TRINITY_GG_11817_c0_g1	-1.3128749187627	-1.80679957261719	-2.16580992419252	1.18912693279638	1.33844882828803	2.757908654488
TRINITY_GG_41689_c2_g1	1.66288146681516	2.76603824690751	2.28431188344006	-2.23774386572091	-2.23774386572091	-2.23774386572091
TRINITY_GG_17108_c18_g1	1.11278914017811	0.548470949372978	1.93226536160635	-1.19784181705248	-1.19784181705248	-1.19784181705248
TRINITY_GG_13913_c35_g3	-1.24704368357996	-1.24704368357996	-1.24704368357996	1.51381595324195	1.53137518289078	0.695939914607143
TRINITY_GG_32107_c0_g1	-1.93914691921628	-1.93914691921628	-1.93914691921628	0.982479828674814	2.08313210984704	2.75182881912699
TRINITY_GG_88018_c3_g1	-1.96634302856897	-1.17754916093372	-2.10906508217979	2.01769157328012	3.01857391913205	0.216691779270311
TRINITY_GG_21476_c2_g2	-1.37042256076576	-1.37042256076576	-1.37042256076576	2.62912652657519	-0.393692340088608	1.8758334958107
TRINITY_GG_6496_c0_g1	-0.789450612103825	-0.789450612103825	-0.789450612103825	0.650970108652942	0.697006343664906	1.02037538399363
TRINITY_GG_50001_c0_g1	-2.20130755811388	-2.20130755811388	-2.20130755811388	2.12738531865191	1.78637711945289	2.69016023623683
TRINITY_GG_14332_c18_g1	0.519409429755141	1.67708728750748	2.65012911577788	-1.474981565433	-1.15022346675567	-2.22142080085183
TRINITY_GG_70574_c68_g3	-1.10592189484982	-1.17637609358099	-1.19006400499606	0.635060005288432	1.62493305467228	1.21236893346615
TRINITY_GG_38011_c33_g1	-0.863897194980833	-0.863897194980833	-0.863897194980833	0.965952364863857	0.486034178379281	1.13970504169936
TRINITY_GG_88099_c19_g1	-1.82289793118987	-1.06301053176858	-1.18347925690413	0.844923082294928	2.31789151113823	0.906573126429416
TRINITY_GG_12544_c46_g1	-1.28804169432507	-1.27554821490739	-1.98921681851452	1.05212172575453	1.30295330770001	2.19773169429244
TRINITY_GG_8754_c0_g2	1.25892688178639	1.11048307067518	0.694896872100599	-1.02143560818739	-1.02143560818739	-1.02143560818739
TRINITY_GG_46011_c0_g1	1.24402843426904	0.643435281834118	2.32170361897659	-1.40305577835992	-1.40305577835992	-1.40305577835992
TRINITY_GG_22273_c8_g1	-0.884305540859448	-0.884305540859448	-0.884305540859448	0.786081616114386	1.74609993062288	0.120735075841082
TRINITY_GG_25325_c0_g1	0.143869297076898	2.06718119883509	2.57299667241802	-1.59468238944333	-1.59468238944333	-1.59468238944333
TRINITY_GG_53482_c0_g1	2.57838863489657	1.31819392044647	0.460054332214078	-1.45221229585237	-1.45221229585237	-1.45221229585237
TRINITY_GG_94175_c1_g1	-1.14457313271373	-1.14457313271373	-1.14457313271373	0.0374834762965197	1.59332990859173	1.80290601325294
TRINITY_GG_106382_c0_g1	1.84418566717478	1.26217217179822	1.28347774130561	-1.35944570497424	-1.51519493765219	-1.51519493765219
TRINITY_GG_77526_c61_g1	-0.963010587025932	-0.963010587025932	-0.963010587025932	0.103250855242789	1.01261959925489	1.77316130658012
TRINITY_GG_100425_c76_g1	-1.03427337523396	-1.03427337523396	-1.03427337523396	1.54659568775891	0.331978888465609	1.22424554947735
TRINITY_GG_56609_c0_g1	0.496620698463099	1.2832310835076	1.45912689550407	-1.07965955915826	-1.07965955915826	-1.07965955915826
TRINITY_GG_50016_c0_g2	-0.933841468106747	-0.933841468106747	-0.933841468106747	0.962236587290317	0.588214281054217	1.25107353597571
TRINITY_GG_93193_c15_g1	-1.26709048548408	-1.26709048548408	-1.26709048548408	1.65282160319323	1.05714407678645	1.09130577647257
TRINITY_GG_2400_c1_g1	-1.11193322052855	-1.11193322052855	-1.11193322052855	1.8748417558662	1.71690142893951	-0.255943523220067
TRINITY_GG_52893_c0_g1	-1.15764023046346	-1.15764023046346	-1.15764023046346	1.0829793988483	1.61930596139362	0.770635331148471
TRINITY_GG_54074_c0_g2	-0.841649123949554	-0.841649123949554	-0.841649123949554	0.699370029184005	1.23319879195061	0.592378550714043
TRINITY_GG_91629_c0_g1	-1.2125193288352	-1.2125193288352	-1.2125193288352	0.760173325169067	1.26696994214335	1.61041471919317
TRINITY_GG_65116_c3_g1	-0.978667274784527	-0.978667274784527	-0.978667274784527	1.17189240179085	0.258896443533149	1.50521297902958
TRINITY_GG_19727_c44_g1	-1.63074159090809	-1.63074159090809	-1.63074159090809	1.62687253914145	1.27152497817498	1.99382725540784
TRINITY_GG_28636_c0_g1	1.96678296222501	1.42962155867137	1.8542192756434	-1.75020793217993	-1.75020793217993	-1.75020793217993
TRINITY_GG_39859_c0_g3	1.26871733979931	1.23910968941137	1.30089044096686	-1.26957249005918	-1.26957249005918	-1.26957249005918
TRINITY_GG_79294_c32_g1	0.68051050477475	1.8822805720473	2.23891376683619	-2.05802238453842	-1.57035708517218	-1.17332537394765
TRINITY_GG_96993_c0_g1	-2.57851107982381	-2.57667558970232	-2.73245417184682	3.09796003600687	2.20729983035305	2.58238097501303
TRINITY_GG_101724_c11_g1	-1.53804319358669	-1.53804319358669	-1.53804319358669	2.27147414962153	1.39552944467433	0.947125986464213
TRINITY_GG_11970_c18_g1	1.61933434516833	1.00416444259302	1.48537006562741	-1.36962295112959	-1.36962295112959	-1.36962295112959
TRINITY_GG_39123_c1_g1	-1.03299444560104	-1.03299444560104	-1.03299444560104	0.568702070879914	1.8924353756427	0.637845890280518
TRINITY_GG_99737_c0_g1	1.1333476425216	1.85702688542114	1.62236019901798	-1.49061974812759	-1.94292812476021	-1.17918685407292
TRINITY_GG_10952_c99_g3	0.658920016113424	0.685573368166785	1.28093137464287	-0.875141586307694	-0.875141586307694	-0.875141586307694
TRINITY_GG_12716_c0_g1	-1.22757929287356	-1.22757929287356	-1.22757929287356	0.502734593420216	1.64544640817291	1.53455687702755
TRINITY_GG_5977_c0_g1	-1.37364119308108	-1.37364119308108	-1.37364119308108	1.28651162179529	1.81079780493462	1.02361415251334
TRINITY_GG_8720_c0_g1	1.23428322287781	1.51747892327646	1.32903383386335	-1.36026532667254	-1.36026532667254	-1.36026532667254
TRINITY_GG_95244_c0_g1	-0.894824957161794	-0.894824957161794	-0.894824957161794	1.36399543971462	1.06864916681309	0.251830264957671
TRINITY_GG_101152_c0_g1	-1.42105345380639	-1.42105345380639	-1.42105345380639	1.03785345304448	2.00319683227766	1.22211007609704
TRINITY_GG_27075_c0_g1	-0.892117175867097	-0.892117175867097	-0.892117175867097	1.06913570819111	1.07172682249538	0.535488996914802
TRINITY_GG_26849_c0_g1	-1.17094291042697	2.6201001121827	2.79012486092279	-1.43284800501649	-1.36407224964638	-1.44236180801566
TRINITY_GG_77405_c0_g1	1.09438298760069	0.820478384887948	1.15806552308469	-1.02430896519111	-1.02430896519111	-1.02430896519111
TRINITY_GG_37734_c6_g2	1.07078870598624	0.136850919542073	1.57024509306054	-0.925961572862948	-0.925961572862948	-0.925961572862948
TRINITY_GG_49007_c0_g3	-1.15110545746425	-1.15110545746425	-1.15110545746425	1.60314070437264	1.01432416295994	0.835851505060156
TRINITY_GG_81920_c32_g1	2.84936644238187	1.61697298999101	1.37551023115474	-1.94728322117587	-1.94728322117587	-1.94728322117587
TRINITY_GG_11399_c0_g2	1.29222664254069	1.13906760597561	0.723196419854212	-1.01933943235494	-1.06757561800779	-1.06757561800779
TRINITY_GG_74631_c42_g1	0.731719368507002	1.4712700647358	0.970414272037126	-1.05780123509331	-1.05780123509331	-1.05780123509331
TRINITY_GG_98125_c12_g2	-1.05309999706748	-1.05309999706748	-1.05309999706748	1.28860116685991	0.620456426922667	1.25024239741985
TRINITY_GG_103576_c0_g1	2.2990272174665	0.197421467658765	0.468886547832445	-0.988445077652569	-0.988445077652569	-0.988445077652569
TRINITY_GG_94583_c0_g1	-0.86128328825532	-0.86128328825532	-0.86128328825532	1.36152127278994	0.473856918058894	0.748471673917124
TRINITY_GG_80395_c0_g2	0.738751204174028	1.32529426831703	0.945719547587063	-1.00325500669271	-1.00325500669271	-1.00325500669271
TRINITY_GG_69279_c0_g1	-1.40148559278505	-1.40148559278505	-1.40148559278505	0.690045000335565	2.13916168380543	1.37525009421416
TRINITY_GG_81533_c1_g1	-1.24765610096824	-1.24765610096824	-1.24765610096824	0.47830313354095	1.09575172132958	2.16891344803419
TRINITY_GG_41376_c0_g1	-1.54949374307883	-1.54949374307883	-1.54949374307883	2.23207580173714	0.549464737009336	1.86694069049002
TRINITY_GG_99514_c0_g1	-1.23106722913282	-1.23106722913282	-1.23106722913282	1.33501726138265	1.20935349162395	1.14883093439187
TRINITY_GG_73925_c73_g1	-1.37189013475617	-1.37189013475617	-1.37189013475617	0.123805027867901	2.18392602030547	1.80793935609513
TRINITY_GG_14928_c0_g1	-0.937329419698298	-0.937329419698298	-0.937329419698298	0.525246468343906	0.520527490715471	1.76621430003552
TRINITY_GG_24949_c0_g2	-0.957031959762572	-0.957031959762572	-0.957031959762572	1.24491549667859	1.54758843264098	0.0785919499681492
TRINITY_GG_20541_c8_g1	-0.863945316331984	-0.863945316331984	-0.863945316331984	1.10322329120064	0.936799307604794	0.551813350190514
TRINITY_GG_16597_c25_g1	-1.01510968116434	-1.01510968116434	-1.01510968116434	0.94057509470498	1.23585189236888	0.868902056419178
TRINITY_GG_58362_c0_g2	1.3710808760845	1.32524537576544	0.83722042832575	-1.1778488933919	-1.1778488933919	-1.1778488933919
TRINITY_GG_29990_c0_g1	-1.29211475191998	-1.29211475191998	-1.29211475191998	-0.572274196855712	1.35151058817974	3.09710786443592
TRINITY_GG_6245_c0_g1	-1.36770395771731	-1.36770395771731	-1.36770395771731	1.17430639781929	1.1259433762579	1.80286209907475
TRINITY_GG_57362_c0_g1	-1.38681015342056	-1.38681015342056	-1.38681015342056	2.23248546468446	1.84539009529295	0.0825549002842798
TRINITY_GG_99990_c5_g1	-0.910083952941452	-0.910083952941452	-0.910083952941452	1.12060525112969	0.158242908493053	1.45140369920162
TRINITY_GG_17377_c6_g1	1.36563715585261	0.719625095030461	0.465793743999249	-0.850351998294108	-0.850351998294108	-0.850351998294108
TRINITY_GG_11070_c2_g1	2.07360314318618	0.369841081232591	2.12793684216281	-1.73698224239928	-1.49589498918845	-1.33850383499385
TRINITY_GG_105771_c34_g2	0.590830005595908	0.969100530048271	1.06471940635599	-0.874883314000056	-0.874883314000056	-0.874883314000056
TRINITY_GG_92586_c8_g1	-0.284084522689166	1.89289244028249	1.48367379780738	-1.0308272384669	-1.0308272384669	-1.0308272384669
TRINITY_GG_19915_c4_g1	-0.904299065724107	-0.904299065724107	-0.904299065724107	1.43055520360753	0.537715499835781	0.744626493729014
TRINITY_GG_27751_c0_g1	-1.12554900323233	-1.12554900323233	-1.12554900323233	1.86631292732399	1.06979859508988	0.440535487283132
TRINITY_GG_67600_c1_g1	-1.03214641993261	-1.03214641993261	-1.03214641993261	0.879353428928501	2.18849309294425	0.0285927379250714
TRINITY_GG_91946_c1_g1	-0.802836939111006	-0.802836939111006	-0.802836939111006	1.07921913185762	0.997907684825771	0.331384000649628
TRINITY_GG_94188_c29_g1	-0.876141007626257	-0.876141007626257	-0.876141007626257	1.26267346127602	0.835353899023831	0.530395662578915
TRINITY_GG_81099_c1_g1	0.644938306890241	1.14011096330666	2.04576931367081	-1.21006959075878	-1.31037449655446	-1.31037449655446
TRINITY_GG_31381_c2_g1	-1.2052490146326	-1.2052490146326	-1.2052490146326	1.80964183302768	1.03902918394555	0.767076026924556
TRINITY_GG_101689_c9_g1	0.759697333430628	0.342512737914892	1.56823398528063	-0.890148018875383	-0.890148018875383	-0.890148018875383
TRINITY_GG_53188_c0_g1	-1.20147846417085	-1.20147846417085	-1.20147846417085	2.39986149382721	-0.221087508109375	1.4256614067947
TRINITY_GG_36885_c4_g1	-1.15499537096456	-1.15499537096456	-1.15499537096456	1.54122106309183	-0.533002139298442	2.45676718910031
TRINITY_GG_39859_c0_g2	1.96164905144922	1.54652489601269	1.84440518661191	-1.40061158414124	-2.62687062680708	-1.32509692312551
TRINITY_GG_62113_c2_g2	-1.06229414843004	-1.06229414843004	-1.06229414843004	1.38502055182313	1.80065309959088	0.00120879387611539
TRINITY_GG_103668_c0_g1	-1.48497248865987	-2.27657821336442	-1.75151162128621	2.45921471462089	2.13633876993772	0.917508838751884
TRINITY_GG_61045_c5_g1	-1.08302065283923	-1.08302065283923	-1.08302065283923	0.410626681135979	1.51057215302537	1.32786312435635
TRINITY_GG_103946_c6_g1	1.34546055158831	1.15451496146276	0.295811928616577	-0.931929147222551	-0.931929147222551	-0.931929147222551
TRINITY_GG_11735_c0_g2	-1.40222320253682	-1.72876055067677	-1.72876055067677	1.40299354030805	1.1381474274664	2.31860333611591
TRINITY_GG_105780_c11_g2	-1.58758202355733	-1.58758202355733	-1.58758202355733	1.54598150218377	1.87171843502343	1.34504613346479
TRINITY_GG_63708_c0_g1	2.3607330464788	0.079426203988322	1.91513196333432	-0.996095179977563	-1.48980368527466	-1.86939234854922
TRINITY_GG_15251_c7_g1	-0.873146130880792	-0.873146130880792	-0.873146130880792	0.28130746179908	0.954266443518065	1.38386448732523
TRINITY_GG_43927_c0_g1	-1.13390303598235	-1.13390303598235	-1.13390303598235	1.89837416499198	0.217159862958037	1.28617507999703
TRINITY_GG_16714_c34_g1	-1.34466081999526	-1.34466081999526	-1.34466081999526	1.63883447441924	0.367274536983658	2.02787344858289
TRINITY_GG_24716_c3_g2	-0.869810346682824	-0.869810346682824	-0.869810346682824	0.229148133405345	1.20674874844878	1.17353415819435
TRINITY_GG_16681_c1_g1	-0.863825159681369	-0.863825159681369	-0.863825159681369	0.750177885183536	0.998923766112161	0.842373827748409
TRINITY_GG_77597_c67_g1	-1.06291654375279	-1.06291654375279	-1.06291654375279	0.731187354806955	1.81030607192456	0.647256204526868
TRINITY_GG_1599_c0_g1	-0.954785485524516	-0.954785485524516	-0.954785485524516	1.13437364638672	0.590194397731288	1.13978841245554
TRINITY_GG_26234_c2_g3	-0.842990299421109	-0.842990299421109	-0.842990299421109	0.439152929360389	0.779002932245014	1.31081503665793
TRINITY_GG_64586_c5_g1	3.23354745252478	2.46412061235137	1.78642248612617	-1.71434012697777	-2.25953101126147	-3.51021941276309
TRINITY_GG_37969_c3_g1	0.842547642628877	0.963241990531311	1.04013426346326	-0.948641298874483	-0.948641298874483	-0.948641298874483
TRINITY_GG_778_c0_g1	-1.17970758608795	-1.17970758608795	-1.17970758608795	-0.664701669654221	2.64800983670948	1.55581459120859
TRINITY_GG_8960_c0_g2	-0.453854765876587	2.03864195974812	2.75943004597621	-1.44807241328258	-1.44807241328258	-1.44807241328258
TRINITY_GG_81041_c0_g1	-1.19200188192272	-1.19200188192272	-1.19200188192272	1.20853604766101	0.941232824434423	1.42623677367273
TRINITY_GG_72402_c0_g1	-1.33707090015597	-1.33707090015597	-1.33707090015597	0.157600711491581	2.1997280287353	1.65388396024102
TRINITY_GG_101724_c1_g1	-2.6882408317738	-1.48289771120676	-1.18295159603843	2.01128596154983	0.73147545845412	2.61132871901504
TRINITY_GG_104362_c0_g1	-0.97065426173173	-0.97065426173173	-0.97065426173173	0.423859880224229	1.05685369509473	1.43124920987623
TRINITY_GG_51669_c1_g1	-1.15389594170347	-1.15389594170347	-1.15389594170347	1.33461906725434	0.664136532954621	1.46293222490146
TRINITY_GG_98649_c39_g1	1.63416148424152	-0.0798989237402161	1.53123675319941	-1.02849977123357	-1.02849977123357	-1.02849977123357
TRINITY_GG_66505_c7_g1	0.668648500075438	0.29896372649676	1.68357348648609	-0.883728571019431	-0.883728571019431	-0.883728571019431
TRINITY_GG_29698_c0_g1	-1.00570920859064	-1.00570920859064	-1.00570920859064	1.63236462859008	0.208415596762211	1.17634740041961
TRINITY_GG_28314_c0_g1	-1.36013932661484	-1.36013932661484	-1.36013932661484	1.71847050808153	0.488658854629351	1.87328861713363
TRINITY_GG_47228_c3_g1	-0.187009019736325	1.59756250667699	1.45978879001665	-0.956780758985773	-0.956780758985773	-0.956780758985773
TRINITY_GG_88944_c2_g1	1.7891039480274	2.50670730773771	1.3087679301258	-1.86819306196364	-1.86819306196364	-1.86819306196364
TRINITY_GG_22360_c2_g1	-1.18114089311698	-1.18114089311698	-1.18114089311698	1.90581267177075	0.61711703952752	1.02049296805267
TRINITY_GG_89342_c23_g1	-1.16403146965596	-1.16403146965596	-1.16403146965596	1.385884083966	1.72427342555253	0.381936899449337
TRINITY_GG_26281_c3_g1	1.26706861995034	0.944790992646757	1.08904772449748	-1.10030244569819	-1.10030244569819	-1.10030244569819
TRINITY_GG_96833_c1_g1	-1.37782812960594	-1.37782812960594	-1.37782812960594	2.21910701278129	1.15897079928533	0.755406576751203
TRINITY_GG_12599_c0_g1	-0.990620974519255	-0.990620974519255	-0.990620974519255	1.59938214290243	0.550398178614304	0.822082602041029
TRINITY_GG_81708_c2_g1	-0.876605873028846	-0.876605873028846	-0.876605873028846	0.433734247583305	1.07124727035817	1.12483610114506
TRINITY_GG_91868_c27_g1	2.71589498662617	0.562166572610711	1.72921144669399	-1.57742198614367	-1.7149255098936	-1.7149255098936
TRINITY_GG_63615_c2_g1	3.18033397775074	0.595335398765655	2.85475030962711	-1.68485867013515	-1.10253985708576	-3.8430211589226
TRINITY_GG_58718_c0_g1	-1.03102681548742	-1.03102681548742	-1.03102681548742	2.21872189959614	-0.423163912656189	1.29752245952232
TRINITY_GG_11665_c15_g1	0.624056962266284	1.06020062600967	0.924513526850822	-0.869590371708926	-0.869590371708926	-0.869590371708926
TRINITY_GG_78484_c22_g1	0.669561098737884	0.834993225425372	0.978449765985908	-0.827668030049721	-0.827668030049721	-0.827668030049721
TRINITY_GG_36519_c0_g1	-1.15373286544449	-1.15373286544449	-1.15373286544449	1.95495885062792	-0.289001943129738	1.79524168883528
TRINITY_GG_16108_c0_g1	0.144820919873881	1.49388759301328	2.57657538835706	-1.40509463374807	-1.40509463374807	-1.40509463374807
TRINITY_GG_89268_c1_g2	3.33465090391835	3.41315385643686	1.55485418124153	-3.60900567458931	-1.94746635059534	-2.74618691641209
TRINITY_GG_10004_c0_g1	-0.929566257921703	-0.929566257921703	-0.929566257921703	0.711054670113995	0.515100808920204	1.56254329473091
TRINITY_GG_48147_c0_g1	-1.1645370669315	-1.1645370669315	-1.1645370669315	1.95813565189264	1.11938470537611	0.416090843525761
TRINITY_GG_7884_c0_g1	1.76838155276858	1.22838879884873	1.26138823121502	-1.41938619427744	-1.41938619427744	-1.41938619427744
TRINITY_GG_101782_c3_g2	-0.858444155895396	-0.858444155895396	-0.858444155895396	1.04343640782326	1.14911018024288	0.382785879620049
TRINITY_GG_80363_c0_g1	-1.67168112311819	-1.67168112311819	-1.67168112311819	1.73553564658616	1.29640962892707	1.98309809384133
TRINITY_GG_73612_c11_g1	-0.970456145504806	-0.970456145504806	-0.970456145504806	0.611136133331208	0.7366268462669	1.56360545691631
TRINITY_GG_103321_c0_g2	1.00054758443705	0.148915688180117	1.45969218525963	-0.869718485958934	-0.869718485958934	-0.869718485958934
TRINITY_GG_105972_c11_g1	-1.18637218259856	-1.33335782456414	-1.11083763499125	0.851692702840965	1.23857698178189	1.5402979575311
TRINITY_GG_79138_c7_g1	1.11776920940661	1.49281473322856	1.16233187775069	-1.15470157277796	-1.22350371009488	-1.39471053751303
TRINITY_GG_30105_c0_g1	1.87270877526127	1.34988587490402	0.796987040603341	-1.33986056358954	-1.33986056358954	-1.33986056358954
TRINITY_GG_79193_c0_g3	-0.830942524264517	-0.830942524264517	-0.830942524264517	1.2910674958613	0.819822034852385	0.381938042079868
TRINITY_GG_11515_c37_g1	1.33541100485016	-0.284953271172584	1.93756504527637	-0.996007592984651	-0.996007592984651	-0.996007592984651
TRINITY_GG_72659_c0_g1	-1.11715252249659	-1.00759492961061	-1.1902872271268	1.23785516385153	0.664107450626299	1.41307206475617
TRINITY_GG_39692_c1_g1	1.29904848281104	0.658255075148126	0.821375783216416	-0.926226447058528	-0.926226447058528	-0.926226447058528
TRINITY_GG_32936_c30_g1	-2.22738812124127	-3.02039138095655	-3.91151091990343	6.47321025369616	5.85161963345791	-3.16553946505282
TRINITY_GG_85485_c0_g1	-1.59136544015894	-1.59136544015894	-1.59136544015894	0.282447758200151	2.78040249354112	1.71124606873554
TRINITY_GG_71365_c0_g1	3.7482735274681	3.48340128067584	1.90638480704371	-2.64869260449236	-3.12123257281254	-3.36813443788276
TRINITY_GG_24815_c37_g1	-0.923622701790884	-0.923622701790884	-0.923622701790884	1.0662429210754	1.23923182639963	0.465393357897625
TRINITY_GG_10961_c0_g4	-1.30139615229093	-1.30139615229093	-1.30139615229093	1.31166395460518	1.86499794396253	0.727526558305082
TRINITY_GG_72751_c25_g1	-1.07178401262292	-1.07178401262292	-1.07178401262292	0.97680094495013	1.45753721272278	0.781013880195851
TRINITY_GG_49294_c5_g1	1.44593987043661	0.111046880141913	1.09686883820407	-0.884618529594196	-0.884618529594196	-0.884618529594196
TRINITY_GG_38092_c0_g1	-1.03093055869217	-1.03093055869217	-1.03093055869217	0.339791716455997	0.67039669872077	2.08260326089974
TRINITY_GG_28948_c0_g1	-0.935332336450057	-0.935332336450057	-0.935332336450057	1.45092680468329	0.133682341465123	1.22138786320176
TRINITY_GG_31058_c0_g1	-1.20877563655389	-1.20877563655389	-1.20877563655389	1.37209342643898	1.14454765460901	1.10968582861369
TRINITY_GG_70326_c0_g1	-0.908852100377177	-0.908852100377177	-0.908852100377177	0.298416072734851	0.413652957141706	2.01448727125497
TRINITY_GG_19927_c59_g1	-0.95174115815298	-0.95174115815298	-0.95174115815298	1.26486891058946	0.505064991077494	1.08528957279199
TRINITY_GG_22966_c3_g1	-1.13836803163936	-1.13836803163936	-1.13836803163936	1.67371940353172	0.373100007636501	1.36828468374988
TRINITY_GG_14579_c56_g1	-1.07960021365573	-1.07960021365573	-1.07960021365573	0.341555747006497	1.56840496615477	1.32883992780592
TRINITY_GG_19243_c42_g1	-1.64747636823575	-1.64747636823575	-1.64747636823575	1.48526496848163	1.0769556275242	2.38020850870141
TRINITY_GG_63138_c0_g1	-1.647401882755	-1.647401882755	-1.647401882755	2.18356325448525	2.1352163609811	0.623426032798663
TRINITY_GG_60820_c0_g1	2.05009777578505	0.356743289806547	1.27637363160872	-1.22773823240011	-1.22773823240011	-1.22773823240011
TRINITY_GG_38224_c0_g1	-0.853120075286129	-0.853120075286129	-0.853120075286129	1.02540910125508	0.812727445969422	0.721223678633884
TRINITY_GG_66654_c2_g1	-1.02480065493041	-1.02480065493041	-1.02480065493041	1.48413500693399	1.11171887762015	0.478548080237094
TRINITY_GG_16585_c10_g1	1.23855153598254	0.00109243791591118	1.9309889182658	-1.05687763072142	-1.05687763072142	-1.05687763072142
TRINITY_GG_38874_c5_g1	-1.38687066772307	-1.38687066772307	-1.38687066772307	1.63762632297516	1.36908510182789	1.15390057836616
TRINITY_GG_15405_c3_g1	2.73957349286009	1.38307797083423	3.40631426013425	-2.12618418020786	-2.09655716746128	-3.30622437615943
TRINITY_GG_13354_c2_g2	-1.21081118886078	-1.21081118886078	-1.21081118886078	1.51405732582561	1.42075877944874	0.697617461308003
TRINITY_GG_58507_c3_g1	-0.876460139148248	-0.876460139148248	-0.876460139148248	0.531164536418361	0.898801153199503	1.19941472782688
TRINITY_GG_31261_c3_g1	1.57846924299946	0.0343994340559601	1.89259652118712	-1.16848839941418	-1.16848839941418	-1.16848839941418
TRINITY_GG_18804_c0_g1	1.39625703642041	-0.0814958628644148	1.67341998551907	-0.996060386358354	-0.996060386358354	-0.996060386358354
TRINITY_GG_5005_c0_g1	-1.08292299405317	-1.08292299405317	-1.08292299405317	2.02810831833558	0.00521860281585051	1.21544206100807
TRINITY_GG_69341_c0_g1	-1.37699536680963	-1.37699536680963	-1.37699536680963	0.635573306693429	1.9326174056445	1.56279538809095
TRINITY_GG_8960_c1_g2	-0.312783345376807	1.97749229904368	2.37205951771327	-1.34558949046005	-1.34558949046005	-1.34558949046005
TRINITY_GG_22202_c39_g1	-1.13990070527636	-1.13990070527636	-1.13990070527636	1.70989844391258	0.787237233692147	0.922566438224348
TRINITY_GG_19915_c30_g1	-0.853233110755012	-0.853233110755012	-0.853233110755012	1.0829807902514	0.922870877318152	0.553847664695489
TRINITY_GG_16534_c0_g1	-0.938296951069264	-0.938296951069264	-0.938296951069264	0.488772804141522	1.24471308569298	1.08140496337328
TRINITY_GG_88738_c3_g1	1.3783905040023	0.637518734433508	1.06771287138934	-1.02787403660838	-1.02787403660838	-1.02787403660838
TRINITY_GG_6192_c0_g1	1.07215163176786	1.54737904214694	0.958524376184972	-1.19268501669992	-1.19268501669992	-1.19268501669992
TRINITY_GG_88681_c54_g1	-1.04250942727797	-1.04250942727797	-1.04250942727797	0.808689911315324	1.27015574628042	1.04868262423816
TRINITY_GG_86019_c0_g2	-1.13059318794068	-1.13059318794068	-1.13059318794068	1.86217524282824	1.48835019536115	0.0412541256326577
TRINITY_GG_32392_c10_g1	-1.09897825083601	-1.09897825083601	-1.09897825083601	2.25575598913459	-0.0361657584309933	1.07734452180445
TRINITY_GG_56674_c0_g1	-0.894335526012769	-0.894335526012769	-0.894335526012769	0.86183380212653	1.21368703650364	0.607485739408141
TRINITY_GG_85357_c1_g1	-1.21712429487923	-1.21712429487923	-1.21712429487923	1.07152956872594	1.18886806479661	1.39097525111515
TRINITY_GG_45529_c1_g1	-1.47667785570387	-1.47667785570387	-1.47667785570387	1.30740728703089	1.17936080702825	1.94326547305246
TRINITY_GG_91533_c0_g1	-1.25052500696145	-1.25052500696145	-1.25052500696145	1.39055854575062	1.53293164739879	0.828084827734921
TRINITY_GG_18670_c0_g1	-0.816945603720145	-0.816945603720145	-0.816945603720145	1.05016012578251	0.270517237530195	1.13015944784773
TRINITY_GG_43776_c6_g1	-1.0482110921162	-1.0482110921162	-1.0482110921162	1.4135793707868	0.727892895956965	1.00316100960483
TRINITY_GG_30383_c0_g1	-1.12069004517157	-2.0744862552441	-1.4881464799163	0.832679900491491	2.25071931509638	1.5999235647441
TRINITY_GG_21869_c1_g2	1.66494776139705	1.48833593143249	0.670747241496402	-1.26841079766051	-1.2860406916823	-1.26957944498313
TRINITY_GG_8960_c0_g1	-0.398868186215928	1.1884923122165	2.4493037091246	-1.07964261170839	-1.07964261170839	-1.07964261170839
TRINITY_GG_94120_c0_g2	2.08941906145759	-0.902319348237219	2.32336450778413	-1.17015474033483	-1.17015474033483	-1.17015474033483
TRINITY_GG_43455_c0_g1	-0.979662061509707	-0.979662061509707	-0.979662061509707	0.662808475806114	2.38952520885567	-0.11334750013266
TRINITY_GG_49047_c0_g1	-0.91835178194771	-0.91835178194771	-0.91835178194771	1.85859440990938	0.241923049460883	0.654537886472871
TRINITY_GG_99143_c0_g2	-1.08717588057863	-1.08717588057863	-1.08717588057863	0.25367119647178	1.69040164162514	1.31745480363898
TRINITY_GG_102167_c0_g1	1.0931155354627	1.80620503248493	1.79265174333009	-1.44980315058634	-1.45322862518546	-1.78894053550592
TRINITY_GG_13343_c0_g1	-2.01287498232104	-1.40217492018627	-1.63436335906731	1.51819451040492	1.81128186140779	1.71993688976191
TRINITY_GG_44832_c0_g1	-1.51727363242825	-1.14973599006354	-2.28071060191337	0.628013012066305	2.29078088756676	2.0289263247721
TRINITY_GG_76798_c8_g1	-0.871502782807139	-0.871502782807139	-0.871502782807139	1.18577418226611	0.701871743638805	0.726862422516505
TRINITY_GG_64789_c0_g2	-0.918494107250111	-0.918494107250111	-0.918494107250111	0.662133803207154	0.425197961928908	1.66815055661427
TRINITY_GG_1992_c0_g1	-0.815758124812939	-0.815758124812939	-0.815758124812939	0.768242258472834	1.21740054196806	0.461631573997925
TRINITY_GG_12582_c19_g1	-1.1487405253611	-1.1487405253611	-1.1487405253611	0.851980641882552	2.19750724872167	0.396733685479079
TRINITY_GG_17066_c6_g1	2.55942080263628	0.436356545220467	2.18775992809065	-1.6196438395514	-1.97915611995952	-1.58473731643647
TRINITY_GG_50602_c0_g1	-1.20366874044386	-1.20366874044386	-1.20366874044386	1.55250058769544	2.3506745252189	-0.292168891582754
TRINITY_GG_62923_c0_g1	-1.01424511950965	-1.01424511950965	-1.01424511950965	1.8214768824647	0.377522600446344	0.843735875617919
TRINITY_GG_61213_c2_g1	-1.5815617777802	-1.5815617777802	-1.5815617777802	1.39901197144476	2.05894347090324	1.2867298909926
TRINITY_GG_26314_c24_g1	0.443874954929564	1.44128251031304	1.21624965266462	-1.03380237263574	-1.03380237263574	-1.03380237263574
TRINITY_GG_59688_c0_g2	-1.05576133961597	-1.05576133961597	-1.05576133961597	0.848819095305351	1.51664330777437	0.801821615768182
TRINITY_GG_15082_c10_g1	-1.86668344169216	-1.4210328953984	-2.15828699972273	2.54414891450408	2.14615102935709	0.755703392952114
TRINITY_GG_72161_c5_g1	-1.09375236358088	-1.09375236358088	-1.09375236358088	0.315502783103957	1.63002460604256	1.33572970159613
TRINITY_GG_37087_c0_g1	-1.69346625936405	-1.69346625936405	-1.69346625936405	1.46373917882843	1.88547245372933	1.7311871455344
TRINITY_GG_64245_c11_g1	-0.852552272799612	-0.852552272799612	-0.852552272799612	1.09342991319785	0.744859714755038	0.719367190445946
TRINITY_GG_77641_c0_g1	-1.50326693006432	-1.50326693006432	-1.50326693006432	0.754648861259899	2.54252548844977	1.21262644048329
TRINITY_GG_69457_c0_g2	-0.899958906231256	-0.899958906231256	-0.899958906231256	1.09679137261793	0.144085426474766	1.45899991960107
TRINITY_GG_17328_c7_g3	-1.17834975258463	-1.17834975258463	-1.17834975258463	2.17596134761439	0.414764943899987	0.944322966239511
TRINITY_GG_16732_c72_g1	0.936531681727941	1.2053660510717	1.15115436803028	-1.09768403360997	-1.09768403360997	-1.09768403360997
TRINITY_GG_22763_c3_g1	-0.864253002129386	-0.864253002129386	-0.864253002129386	0.52310953870661	1.27946692896553	0.790182538716014
TRINITY_GG_27554_c18_g1	2.44542401899475	0.795904732881838	0.550290025449714	-1.18798294990328	-1.27422008659045	-1.32941574083257
TRINITY_GG_96506_c0_g1	-1.05121195300268	-1.05121195300268	-1.05121195300268	1.43756010629717	0.27877269675574	1.43730305595513
TRINITY_GG_72927_c18_g2	1.00987789820928	0.134073039798778	1.58386345722711	-0.909271465078391	-0.909271465078391	-0.909271465078391
TRINITY_GG_26611_c0_g1	-0.94915540865812	-0.94915540865812	-0.94915540865812	1.69123415139683	1.39169166839229	-0.235459593814761
TRINITY_GG_81041_c0_g3	-1.25751455412962	-1.25751455412962	-1.25751455412962	1.38287500592532	0.87572015222752	1.51394850423603
TRINITY_GG_16644_c27_g1	2.19242943497624	3.12104408382199	-0.282507507158516	-2.10092044227717	-1.52896700211788	-1.40107856724466
TRINITY_GG_18786_c1_g1	1.67868616606451	1.45145052015453	0.774003023206104	-1.24674648955341	-1.22287898327229	-1.43451423659944
TRINITY_GG_40138_c0_g1	-1.10727398081139	-1.10727398081139	-1.10727398081139	0.172494440782207	1.05073982577838	2.09858767587358
TRINITY_GG_33358_c0_g1	-1.98384934980793	-1.98384934980793	-1.98384934980793	1.79204401047584	2.48479912810498	1.67470491084297
TRINITY_GG_41060_c6_g1	-1.28756402349994	-1.28756402349994	-1.28756402349994	1.5414736651692	0.949999694817736	1.37121871051289
TRINITY_GG_4282_c1_g2	0.913834941928184	0.92710299091923	1.0566745402149	-0.965870824354104	-0.965870824354104	-0.965870824354104
TRINITY_GG_36422_c1_g2	-1.05828265924172	-1.05828265924172	-1.05828265924172	0.83701996209159	0.534353769364861	1.8034742462687
TRINITY_GG_74586_c70_g1	-0.904661087599803	-0.904661087599803	-0.904661087599803	1.40335022695237	0.75114866675565	0.559484369091383
TRINITY_GG_56182_c0_g2	-1.08470726991079	-1.08470726991079	-1.08470726991079	1.3469156898025	0.37367473424522	1.53353138568466
TRINITY_GG_36747_c0_g1	1.54282028974165	2.05451508757157	-0.176728251347142	-1.14020237532203	-1.14020237532203	-1.14020237532203
TRINITY_GG_21265_c16_g1	-1.14628164150256	-1.14628164150256	-1.14628164150256	0.911688427134774	1.12574154755849	1.4014149498144
TRINITY_GG_8158_c0_g1	2.39689963555901	2.47175363024323	2.04629290446571	-2.30498205675598	-2.30498205675598	-2.30498205675598
TRINITY_GG_33015_c1_g2	0.847890950545671	0.981869255581592	0.765014505547839	-0.864924903891701	-0.864924903891701	-0.864924903891701
TRINITY_GG_18716_c8_g2	-1.93160963946971	-1.93160963946971	-1.93160963946971	2.8852972086143	2.32411767719995	0.585414032594874
TRINITY_GG_13752_c0_g1	-2.05804458689035	-2.05804458689035	-2.05804458689035	3.52146746844961	4.03534656636266	-1.38268027414121
TRINITY_GG_6852_c0_g1	-2.14063500341265	-1.80950308119545	-1.93524249042296	1.93780404761487	2.46165558144849	1.48592094596769
TRINITY_GG_21688_c14_g1	0.372217324274903	0.818589798088793	1.46538329496022	-0.885396805774638	-0.885396805774638	-0.885396805774638
TRINITY_GG_14424_c54_g1	-0.863716523223785	-0.863716523223785	-0.863716523223785	0.634534344304041	0.599382744124319	1.35723248124299
TRINITY_GG_80771_c73_g1	-1.26318459571452	-1.26318459571452	-1.26318459571452	3.98512252437272	0.438142661698419	-0.633711398927573
TRINITY_GG_66986_c1_g1	-1.17274951293993	-1.27424670282413	-1.24333487249694	1.18916702394622	1.52467138208483	0.976492682229949
TRINITY_GG_80837_c67_g1	-1.66452727545416	-1.66452727545416	-1.66452727545416	1.6363285958146	1.98439828399896	1.37285494654892
TRINITY_GG_44898_c8_g1	-0.965931851434811	-0.965931851434811	-0.965931851434811	0.603559240523905	0.666336364064702	1.62789994971583
TRINITY_GG_90509_c0_g2	-0.890032060313778	-0.890032060313778	-0.890032060313778	0.659883493308177	1.35180812325089	0.658404564382264
TRINITY_GG_89342_c18_g1	-1.63749385507878	-1.63749385507878	-1.63749385507878	2.11086003055061	-0.201332015764326	3.00295355045004
TRINITY_GG_16273_c20_g1	0.886492477186808	0.17868712339353	1.64890979236932	-0.904696464316553	-0.904696464316553	-0.904696464316553
TRINITY_GG_8398_c0_g1	-1.05644400997745	-1.05644400997745	-1.05644400997745	0.369015294787905	1.99718868830465	0.803128046839797
TRINITY_GG_73020_c0_g1	-1.6727396368838	-1.6727396368838	-1.6727396368838	1.74058364401526	1.33660753537545	1.94102773126068
TRINITY_GG_26313_c0_g1	-0.97737681492963	-0.97737681492963	-0.97737681492963	0.464637750630258	0.222374041786206	2.24511865237243
TRINITY_GG_35286_c0_g1	4.12164883207234	-0.170094807272646	4.38515812504482	-2.77890404994817	-2.77890404994817	-2.77890404994817
TRINITY_GG_98573_c0_g1	-0.88535709046281	-0.88535709046281	-0.88535709046281	0.785483245418752	1.07922637231405	0.791361653655623
TRINITY_GG_71469_c0_g1	0.767097309173196	1.75701190418908	1.63601486735524	-1.38670802690584	-1.38670802690584	-1.38670802690584
TRINITY_GG_56386_c0_g1	0.801059001624898	0.273248855960885	1.71084715804051	-0.928385005208765	-0.928385005208765	-0.928385005208765
TRINITY_GG_59459_c0_g1	1.85065901449829	1.45880722563575	-0.111440131968764	-1.06600870272176	-1.06600870272176	-1.06600870272176
TRINITY_GG_46779_c0_g1	-1.11802065124889	-1.11802065124889	-1.11802065124889	0.167085599812364	2.85503952155519	0.331936832379113
TRINITY_GG_78666_c0_g1	-1.28007897272439	-1.28007897272439	-1.28007897272439	2.4391044677574	0.885029012420148	0.516103437995616
TRINITY_GG_6320_c0_g1	0.478385651500114	0.415854468031324	1.91138517319574	-0.935208430909061	-0.935208430909061	-0.935208430909061
TRINITY_GG_59322_c0_g2	2.51853306026441	1.13586108665091	1.82693321230935	-2.12507684475582	-1.75749898329983	-1.59875153116901
TRINITY_GG_12519_c13_g1	-1.15317798258244	-1.15317798258244	-1.15317798258244	0.717482644096837	1.43082240070333	1.31122890294717
TRINITY_GG_77852_c0_g1	-1.18638625547332	-1.18638625547332	-1.18638625547332	1.95912817412285	0.232073582107669	1.36795701018944
TRINITY_GG_28229_c2_g1	0.327432321244088	0.855039701181309	1.56806560957677	-0.916845877334056	-0.916845877334056	-0.916845877334056
TRINITY_GG_42799_c0_g1	-0.851965339290489	-0.851965339290489	-0.851965339290489	1.14080309147844	0.291428079402699	1.12366484699033
TRINITY_GG_78706_c0_g1	-0.871099128312656	-0.871099128312656	-0.871099128312656	0.790650471498049	0.810125225466904	1.01252168797302
TRINITY_GG_64670_c0_g1	3.33333235432708	2.44346568509149	0.70708150385609	-1.40826053482953	-2.48463688844848	-2.59098211999665
TRINITY_GG_83550_c15_g2	-1.31542241627581	-1.31542241627581	-1.31542241627581	1.47326329433772	1.61114637479621	0.861857579693511
TRINITY_GG_8896_c0_g1	1.21214667438478	0.718944524801252	1.05052278972233	-0.99387132963612	-0.99387132963612	-0.99387132963612
TRINITY_GG_78969_c0_g5	-1.07476177105598	-1.07476177105598	-1.07476177105598	-0.625860819910854	1.60601265443648	2.24413347864232
TRINITY_GG_106414_c0_g1	0.625215838246201	0.814002408831394	1.82094030912057	-1.08671951873272	-1.08671951873272	-1.08671951873272
TRINITY_GG_9563_c0_g1	-0.875549178635575	-0.875549178635575	-0.875549178635575	1.11177168729368	1.45987690800076	0.0549989406122803
TRINITY_GG_83433_c35_g1	-0.785927744411294	-0.785927744411294	-0.785927744411294	0.88762867957885	0.546350538645635	0.923804015009397
TRINITY_GG_72376_c4_g2	-0.8988135773289	-0.8988135773289	-0.8988135773289	1.51261266839756	0.764758758088622	0.419069305500514
TRINITY_GG_27694_c0_g1	0.721385986387626	0.731545852607847	1.29782693226293	-0.916919590419467	-0.916919590419467	-0.916919590419467
TRINITY_GG_76219_c1_g2	-0.983144661301784	-0.983144661301784	-0.983144661301784	0.0503664410595388	2.19604787808624	0.703019664759575
TRINITY_GG_18572_c9_g1	-0.909059160200239	-0.909059160200239	-0.909059160200239	0.148910908437091	0.889198772444261	1.68906779971937
TRINITY_GG_66349_c5_g1	-1.04659944368726	-1.04659944368726	-1.04659944368726	0.707432874668777	0.536919640164225	1.89544581622878
TRINITY_GG_43302_c0_g1	3.60779054243188	-0.37259900511684	3.46728073675156	-2.23415742468887	-2.23415742468887	-2.23415742468887
TRINITY_GG_21718_c4_g5	1.42316168963283	0.432869580744038	1.11851400200531	-0.991515090794058	-0.991515090794058	-0.991515090794058
TRINITY_GG_64626_c4_g1	0.931448735487915	0.681741861301114	0.949742520028257	-0.854311038939096	-0.854311038939096	-0.854311038939096
TRINITY_GG_16274_c4_g4	-1.24769852822797	-1.24769852822797	-1.24769852822797	1.48825682578429	1.46973114204437	0.785107616855268
TRINITY_GG_15789_c79_g1	1.08735997895215	0.354077004124037	1.3427616908962	-0.928066224657462	-0.928066224657462	-0.928066224657462
TRINITY_GG_103897_c10_g1	-0.793819062318857	-0.793819062318857	-0.793819062318857	0.735752045255038	0.589124807250134	1.0565803344514
TRINITY_GG_87206_c5_g1	-0.962800190041582	-0.962800190041582	-0.962800190041582	0.248835063285568	1.59840373072834	1.04116177611084
TRINITY_GG_105188_c70_g1	0.645165622723988	0.601268384734624	1.43070284026315	-0.892378949240586	-0.892378949240586	-0.892378949240586
TRINITY_GG_100295_c5_g1	-1.66468096729954	-1.66468096729954	-1.66468096729954	2.58392976620301	2.106887732705	0.303225402990606
TRINITY_GG_94584_c3_g1	0.885834209689062	0.786515010748936	1.96702359075932	-1.21312427039911	-1.21312427039911	-1.21312427039911
TRINITY_GG_18498_c11_g1	1.65323235512042	-0.345165794403933	1.69897880288058	-1.00234845453236	-1.00234845453236	-1.00234845453236
TRINITY_GG_92430_c1_g1	-1.21462049758482	-0.981293193915149	-1.86657455772778	1.31659157492637	1.26599997773947	1.47989669656191
TRINITY_GG_1429_c0_g2	-1.21601273974146	-1.21601273974146	-1.21601273974146	1.15191740169043	1.93308400443794	0.563036813096003
TRINITY_GG_30560_c5_g1	-1.25262835758098	-1.25262835758098	-1.25262835758098	0.411854482783698	1.70045059503152	1.64557999492773
TRINITY_GG_104817_c0_g1	-1.21262828394552	-1.21262828394552	-1.21262828394552	1.60089640535229	1.01572867025553	1.02125977622875
TRINITY_GG_86522_c20_g1	0.435277046140797	1.23053556264204	0.990676683632387	-0.885496430805073	-0.885496430805073	-0.885496430805073
TRINITY_GG_63090_c1_g1	-0.919216992218555	-0.919216992218555	-0.919216992218555	0.150485174411513	1.90392092707998	0.703244875164175
TRINITY_GG_57601_c1_g2	-0.953922091370469	-0.953922091370469	-0.953922091370469	1.71850325060103	0.0760607748452449	1.06720224866514
TRINITY_GG_69620_c0_g1	-0.813298011353105	-0.813298011353105	-0.813298011353105	1.25020493095305	0.449135146278242	0.740553956828021
TRINITY_GG_81272_c0_g1	3.45736972186535	1.10692064610574	1.81108783376204	-2.12512606724437	-2.12512606724437	-2.12512606724437
TRINITY_GG_70574_c18_g1	-1.49798170998315	-1.99674317565501	-1.61601372715146	1.86858181503993	1.73161274375934	1.51054405399036
TRINITY_GG_33555_c0_g1	0.705876579245595	0.392230058912407	1.47080769352081	-0.856304777226272	-0.856304777226272	-0.856304777226272
TRINITY_GG_14974_c0_g1	-1.7693870930776	-1.20992451436471	-1.12294654435226	1.84834090759975	1.74919960387188	0.504717640322942
TRINITY_GG_57541_c0_g1	-0.983232019359272	-0.983232019359272	-0.983232019359272	-0.089481517638706	1.28040338420906	1.75877419150746
TRINITY_GG_17331_c8_g1	-0.904646468503076	-0.904646468503076	-0.904646468503076	0.729482089021965	0.860888277859901	1.12356903862736
TRINITY_GG_15405_c2_g1	2.09792989456079	0.566126647081516	3.55772627940126	-1.61896813289147	-1.34215468511387	-3.26066000303823
TRINITY_GG_47405_c0_g3	-1.58342403387314	-1.58342403387314	-1.58342403387314	1.13575940660865	0.703457113915024	2.91105558109574
TRINITY_GG_33423_c1_g1	-0.822695572806504	-0.822695572806504	-0.822695572806504	0.551926633384704	0.863468753254856	1.05269133177995
TRINITY_GG_34202_c3_g1	0.344082050278127	1.09151385251143	1.72885065998348	-1.05481552092435	-1.05481552092435	-1.05481552092435
TRINITY_GG_78406_c25_g1	1.44434993746375	0.991282390171893	1.46444708133559	-1.30002646965708	-1.30002646965708	-1.30002646965708
TRINITY_GG_103947_c1_g1	1.649353171781	1.46808275940261	1.28808828008038	-1.46850807042133	-1.46850807042133	-1.46850807042133
TRINITY_GG_83954_c1_g1	1.55947873958444	0.94947575165883	0.578303502207483	-1.02908599781692	-1.02908599781692	-1.02908599781692
TRINITY_GG_77430_c1_g1	2.87130696037632	-0.556679045324414	2.1896140426764	-1.73293292848156	-1.21978758836989	-1.55152144087685
TRINITY_GG_77582_c2_g1	-0.853539068013337	-0.853539068013337	-0.853539068013337	0.492992394014682	0.895780656560743	1.17184415346459
TRINITY_GG_55729_c1_g1	0.504409945013759	1.21218275309486	0.797841703282062	-0.838144800463561	-0.838144800463561	-0.838144800463561
TRINITY_GG_85036_c25_g1	2.00927206380956	-0.0887476155396554	2.01452165507205	-1.14241132615094	-1.3900081863884	-1.4026265908026
TRINITY_GG_97101_c0_g2	-1.17814675929941	-1.17814675929941	-1.17814675929941	2.4136523188184	0.82904874210479	0.29173921697505
TRINITY_GG_65841_c0_g3	-0.884570629567702	-0.884570629567702	-0.884570629567702	1.21304016705872	0.956194707756173	0.484477013888212
TRINITY_GG_70687_c0_g1	-0.816344134561832	-0.816344134561832	-0.816344134561832	0.749740355953635	1.01228744712619	0.687004600605672
TRINITY_GG_94680_c0_g2	-1.05371904361322	-1.05371904361322	-1.05371904361322	0.726591055430154	1.87947587634721	0.555090199062303
TRINITY_GG_63752_c0_g1	1.90545884555632	0.604126124437902	0.716308051029858	-1.07529767367469	-1.07529767367469	-1.07529767367469
TRINITY_GG_29652_c0_g1	-1.0694091504469	-1.0694091504469	-1.0694091504469	0.796905410930148	1.84706749399082	0.564254546419733
TRINITY_GG_81706_c48_g1	0.441953328843474	2.39231829782936	1.62583209649727	-1.4867012410567	-1.4867012410567	-1.4867012410567
TRINITY_GG_97879_c0_g1	-2.12838888039374	-2.12838888039374	-2.12838888039374	1.0910120017645	2.62916780854571	2.66498683087101
TRINITY_GG_47924_c0_g1	-1.42662971184711	-1.42662971184711	-1.42662971184711	4.97300283383096	0.167918837703246	-0.861032535992883
TRINITY_GG_3948_c0_g2	-0.824279938982206	-0.824279938982206	-0.824279938982206	1.1190788236956	0.86770081162107	0.486060181629944
TRINITY_GG_46505_c2_g1	-0.144587539333852	0.878464458263034	3.05895022262996	-1.26427571385305	-1.26427571385305	-1.26427571385305
TRINITY_GG_66287_c1_g2	-0.0941942956103992	0.221031082909355	3.81673596417091	-1.31452425048995	-1.31452425048995	-1.31452425048995
TRINITY_GG_28089_c4_g1	-2.48301249172096	-2.66615599569632	-1.61943557369855	1.73214498684682	2.01818803625595	3.01827103801306
TRINITY_GG_12726_c46_g1	-0.894447551649346	-0.894447551649346	-0.894447551649346	1.04703441221963	1.42574826961678	0.210559973111628
TRINITY_GG_12622_c0_g1	0.930047002667381	2.2877753127524	1.4390327388202	-1.55228501807999	-1.55228501807999	-1.55228501807999
TRINITY_GG_73084_c4_g2	1.50302064697059	1.75794490284494	3.63469021766351	-2.29855192249301	-2.29855192249301	-2.29855192249301
TRINITY_GG_41976_c0_g1	-1.23492054530747	-1.23492054530747	-1.23492054530747	1.85965335267259	1.09161680283249	0.753491480417322
TRINITY_GG_20989_c2_g2	-0.154622920818713	1.27924699140455	1.78597097845801	-0.970198349681285	-0.970198349681285	-0.970198349681285
TRINITY_GG_45338_c1_g1	-1.28949902153963	-1.28949902153963	-1.28949902153963	1.14559613008047	1.0138433729477	1.7090575615907
TRINITY_GG_64469_c1_g1	-1.10792571058753	-1.10792571058753	-1.10792571058753	1.11147517157071	0.577790225403125	1.63451173478874
TRINITY_GG_77534_c5_g1	-0.85084518862046	-0.85084518862046	-0.85084518862046	0.805879981400788	1.13283250607761	0.613823078382984
TRINITY_GG_83998_c0_g1	-1.41926574191248	-1.41926574191248	-1.41926574191248	1.34393334341348	1.54235758637446	1.37150629594952
TRINITY_GG_23033_c39_g1	0.880654791752518	0.922203370201928	0.966098533460001	-0.922985565138149	-0.922985565138149	-0.922985565138149
TRINITY_GG_11134_c89_g1	0.867015051519856	0.827942011635843	0.813299881097212	-0.836085648084304	-0.836085648084304	-0.836085648084304
TRINITY_GG_21860_c76_g1	-0.849199259185999	-0.849199259185999	-0.849199259185999	0.493924260215853	0.575185412352097	1.47848810499005
TRINITY_GG_104629_c1_g1	0.337530102682017	1.56828296778983	1.46461045128252	-1.12347450725146	-1.12347450725146	-1.12347450725146
TRINITY_GG_26912_c35_g1	-0.962469254680137	-0.962469254680137	-0.962469254680137	1.45599058290085	0.579541100856472	0.851876080283083
TRINITY_GG_60077_c0_g1	-1.00755270994435	-1.00755270994435	-1.00755270994435	2.50543262486933	0.339545960677917	0.17767954428581
TRINITY_GG_45391_c1_g1	-1.04267642104626	-1.04267642104626	-1.04267642104626	1.38278288371909	0.967029051237402	0.778217328182301
TRINITY_GG_11412_c0_g1	-0.959706365585865	-0.959706365585865	-0.959706365585865	0.852175630632803	1.02725059693854	0.999692869186256
TRINITY_GG_102459_c0_g1	0.826345789004218	1.86255126786159	0.889036102275798	-1.19264438638054	-1.19264438638054	-1.19264438638054
TRINITY_GG_85724_c0_g1	-0.968131301516294	-0.968131301516294	-0.968131301516294	0.458938453694492	1.54964830194671	0.895807148907678
TRINITY_GG_74971_c0_g1	0.773192030748348	0.739655071029114	1.28749997790572	-0.93344902656106	-0.93344902656106	-0.93344902656106
TRINITY_GG_92042_c14_g1	1.99982021143284	0.715147542404367	0.684782417534268	-1.13325005712383	-1.13325005712383	-1.13325005712383
TRINITY_GG_12093_c4_g1	-0.983680639110792	-0.983680639110792	-0.983680639110792	0.13799791747746	0.61896626939458	2.19407773046034
TRINITY_GG_59222_c0_g1	-1.37712096552286	-1.37712096552286	-1.37712096552286	1.94148510898087	0.924759287316171	1.26511850027154
TRINITY_GG_63870_c0_g1	2.44582994038026	0.14078800802489	1.36931288343207	-1.31864361061241	-1.31864361061241	-1.31864361061241
TRINITY_GG_101546_c0_g1	1.06930545429014	2.7961848698335	0.733061950808373	-1.41275218420505	-1.59290004536348	-1.59290004536348
TRINITY_GG_80242_c0_g2	-1.62963742275204	-1.62963742275204	-1.62963742275204	0.817941773796848	1.62071784901101	2.45025264544825
TRINITY_GG_22473_c8_g1	1.98145736390573	2.86894575723078	1.40919342566292	-1.99121749307387	-1.6458244165242	-2.62255463720136
TRINITY_GG_17788_c0_g1	-1.10136645309211	-1.10136645309211	-1.10136645309211	1.07718885349364	1.49842739903013	0.728483106752577
TRINITY_GG_61977_c0_g1	-0.870004776186139	-0.870004776186139	-0.870004776186139	0.336638447797256	1.22423129365963	1.04914458710154
TRINITY_GG_80828_c14_g1	-1.78858398694178	-1.78858398694178	-1.78858398694178	1.46298363366647	2.01474639070883	1.88802193645004
TRINITY_GG_21688_c9_g3	1.32208694757293	-0.245258139673174	2.42553915630886	-1.16745598806954	-1.16745598806954	-1.16745598806954
TRINITY_GG_48285_c0_g1	-1.03190182253198	-1.03190182253198	-1.03190182253198	1.45969477187847	0.517027946944421	1.11898274877305
TRINITY_GG_81041_c0_g2	-1.36518462700163	-1.36518462700163	-1.36518462700163	1.25446313992924	0.909524312213081	1.93156642886257
TRINITY_GG_72592_c158_g1	-0.889161987398848	-0.889161987398848	-0.889161987398848	0.996802769355123	0.638408849433972	1.03227434340745
TRINITY_GG_22473_c2_g1	1.52413493469403	2.26337957562578	1.85181246234651	-1.92312098201872	-2.09304598346103	-1.62316000718657
TRINITY_GG_26439_c1_g2	0.579973022773795	0.952479368746424	2.19520719727489	-1.24255319626504	-1.24255319626504	-1.24255319626504
TRINITY_GG_87045_c19_g1	-1.24699499423671	-1.24699499423671	-1.24699499423671	1.86520469506395	1.10378510649814	0.771995181148041
TRINITY_GG_100724_c0_g4	0.642281639503352	1.10702837413115	0.978023971937806	-0.909111328524103	-0.909111328524103	-0.909111328524103
TRINITY_GG_26283_c5_g1	1.10351346156131	1.27764979972013	0.912256947188163	-1.09780673615653	-1.09780673615653	-1.09780673615653
TRINITY_GG_79350_c0_g2	1.78624071393357	2.44533652025972	1.01562008084328	-1.74906577167886	-1.74906577167886	-1.74906577167886
TRINITY_GG_89275_c3_g2	-1.04031056758442	-1.04031056758442	-1.04031056758442	1.12254396060609	1.24834329602075	0.750044446126421
TRINITY_GG_45408_c0_g2	1.36449193135151	0.271909018442365	2.17390306148885	-1.27010133709424	-1.27010133709424	-1.27010133709424
TRINITY_GG_70175_c5_g1	-1.41707390888693	-1.41707390888693	-1.41707390888693	2.85031206883369	2.28591601442502	-0.885006356597902
TRINITY_GG_21801_c9_g1	2.49734482929777	1.28457193500314	1.78362032522975	-2.85978692814721	-0.935135737254124	-1.77061442412933
TRINITY_GG_96121_c0_g1	-0.878795307297533	-0.878795307297533	-0.878795307297533	1.29784661035936	0.688263319001662	0.650275992531578
TRINITY_GG_12913_c85_g1	-0.812113805886652	-0.812113805886652	-0.812113805886652	0.908602436634479	0.803302491376218	0.724436489649258
TRINITY_GG_21805_c2_g1	-1.48500463561184	-1.16989480771639	-1.24158007549199	1.51692202095182	1.25554544310276	1.12401205476566
TRINITY_GG_70176_c1_g2	-0.854710186779522	-0.854710186779522	-0.854710186779522	0.680845146619788	1.3136109289602	0.569674484758575
TRINITY_GG_82141_c0_g1	0.205425741382888	0.930822520697794	2.08856198369199	-1.07493674859089	-1.07493674859089	-1.07493674859089
TRINITY_GG_41101_c2_g1	0.94157303448391	0.054328544932297	2.55930691048657	-1.18506949663426	-1.18506949663426	-1.18506949663426
TRINITY_GG_71942_c58_g1	-1.13151951125441	-1.13151951125441	-1.13151951125441	0.984179642177178	0.505395069101469	1.90498382248458
TRINITY_GG_67706_c0_g1	1.2124228308714	0.500097331670255	0.739100047533318	-0.817206736691659	-0.817206736691659	-0.817206736691659
TRINITY_GG_44880_c0_g1	-0.924335236080347	-0.924335236080347	-0.924335236080347	0.656292674376918	1.22752358064666	0.889189453217464
TRINITY_GG_79306_c89_g1	-1.09961177952707	-1.09961177952707	-1.09961177952707	1.35719436970341	1.88679915572498	0.0548418131528072
TRINITY_GG_72125_c4_g1	-1.53962151543249	-1.53962151543249	-1.53962151543249	2.11114304368441	1.30576817062674	1.20195333198631
TRINITY_GG_85664_c166_g1	1.47034762567197	0.176269542881677	1.10525473128834	-0.917290633280661	-0.917290633280661	-0.917290633280661
TRINITY_GG_87015_c12_g1	-0.956024488763171	-0.956024488763171	-0.956024488763171	0.923681277519118	0.854624259019475	1.08976792975092
TRINITY_GG_100477_c0_g1	0.412936882952104	0.870043129700246	1.70108336519117	-0.994687792614505	-0.994687792614505	-0.994687792614505
TRINITY_GG_3035_c2_g1	1.14190125441111	1.52578958359108	0.467057776835803	-1.044916204946	-1.044916204946	-1.044916204946
TRINITY_GG_83527_c1_g2	1.49767409264791	1.62794413884126	1.15821862657589	-1.42794561935502	-1.42794561935502	-1.42794561935502
TRINITY_GG_38250_c4_g1	-0.935106869897431	-0.935106869897431	-0.935106869897431	0.880468558965142	0.406309654581291	1.51854239614586
TRINITY_GG_11803_c64_g1	-1.50549684445635	-1.30010433146667	-1.50549684445635	1.62740896755516	1.2983501282658	1.38533892455841
TRINITY_GG_50907_c1_g2	1.54494172698691	1.74452709063611	1.86074973593503	-1.71673951785268	-1.71673951785268	-1.71673951785268
TRINITY_GG_39420_c0_g2	-0.997447083792852	-0.997447083792852	-0.997447083792852	-0.199189151148352	1.70432373858619	1.48720666394071
TRINITY_GG_21220_c18_g1	-1.24212250485329	-1.24212250485329	-1.24212250485329	2.93531696660847	1.08009410019219	-0.289043552240786
TRINITY_GG_83279_c3_g1	-1.29109822143031	-1.29109822143031	-1.29109822143031	2.02707398157272	1.0090255031387	0.837195179579508
TRINITY_GG_77849_c10_g1	-0.940920943068972	-0.940920943068972	-0.940920943068972	1.07057469576886	0.574084973364757	1.1781031600733
TRINITY_GG_13786_c68_g1	1.80908440777802	1.02255467198225	1.5351370396325	-1.00158272015854	-1.14733069988018	-2.21786269935406
TRINITY_GG_84245_c30_g3	1.3288680859649	0.735309850912403	0.885470589772277	-0.983216175549859	-0.983216175549859	-0.983216175549859
TRINITY_GG_22881_c4_g1	-0.914142102000001	-0.914142102000001	-0.914142102000001	1.5978318797818	0.703156380840845	0.441438045377358
TRINITY_GG_84777_c0_g1	0.0862132069340292	1.25284384540964	1.50072176210396	-0.946592938149213	-0.946592938149213	-0.946592938149213
TRINITY_GG_75122_c0_g1	1.69942261672821	1.45790670481477	2.26436097444012	-1.80723009866103	-1.80723009866103	-1.80723009866103
TRINITY_GG_81533_c0_g1	-1.39539539999039	-1.53289892374032	-1.3451311766943	0.778894794013326	1.16309488936958	2.33143581704211
TRINITY_GG_17159_c21_g1	-0.798801835293427	-0.798801835293427	-0.798801835293427	0.679911167148295	1.03348060040755	0.683013738324436
