male_bleached_K5_03	female_bleached_K5_06	female_bleached_K5_04	male_bleached_K5_02	male_bleached_K5_01	female_bleached_K5_05
TRINITY_DN173292_c2_g1	-0.829261681991328	0.654618571822776	0.688265988345938	-0.829261681991328	-0.829261681991328	1.14490048580527
TRINITY_DN162207_c6_g1	-0.8386958969435	-0.0479238590815004	1.42012449993291	-0.8386958969435	-0.8386958969435	1.14388704997909
TRINITY_DN154947_c5_g1	2.28415151006809	-1.65121394086204	-1.65121394086204	1.10772877601031	1.39055470908959	-1.4800071134439
TRINITY_DN162520_c2_g3	-2.12943034238719	1.92376790079454	1.98160097000155	-2.12943034238719	-2.12943034238719	2.48292215636547
TRINITY_DN168468_c8_g4	0.0722960448168732	-1.09441940014955	-1.09441940014955	1.35659384279442	1.85436831283735	-1.09441940014955
TRINITY_DN168018_c2_g4	-1.65279772631223	1.35438092619719	1.12443057294978	-0.723504583651563	-1.08915833087988	0.9866491416967
TRINITY_DN159216_c9_g2	-1.09157127525909	-0.473332619663636	3.24506917114964	-1.09157127525909	-1.09157127525909	0.502977274291263
TRINITY_DN156444_c3_g1	0.584608606367842	-0.931910891293254	-0.931910891293254	-0.118796699946965	2.32992076745888	-0.931910891293254
TRINITY_DN165864_c0_g1	-0.944916337584738	1.2548345191311	0.316313571402308	-0.944916337584738	-0.944916337584738	1.26360092222081
TRINITY_DN191284_c3_g1	-0.00105151918804869	-1.15052026048813	-1.31520525708963	0.665981259156791	3.09265372298483	-1.29185794537581
TRINITY_DN180905_c1_g4	-1.32809622432601	-0.00098375357892877	1.36075551953987	-1.32809622432601	-1.32809622432601	2.6245169070171
TRINITY_DN193207_c5_g1	1.34337579275538	-1.42088128470696	-1.40023630640793	1.88604677774758	0.505729574859	-0.914034554247075
TRINITY_DN167620_c1_g1	-0.834041524590165	1.11119159854473	0.536122755950045	-0.834041524590165	-0.834041524590165	0.854810219275716
TRINITY_DN174955_c5_g1	2.30259156462478	-1.21543992797739	-1.21543992797739	1.40795875439988	-0.0642305350924943	-1.21543992797739
TRINITY_DN176139_c5_g2	0.389158988145913	-0.859982915134435	-0.859982915134435	1.13965636601361	1.05113339124378	-0.859982915134435
TRINITY_DN181320_c3_g5	-0.0692440017189047	-0.952082657486156	-0.952082657486156	1.91225208329627	1.0132398908811	-0.952082657486156
TRINITY_DN197952_c8_g1	1.91378754606887	-1.48182370243493	-1.48182370243493	1.58581501444043	0.876853868880301	-1.41280902451975
TRINITY_DN178337_c3_g1	1.46047079404931	-1.67979466512022	-1.695576354388	1.41066570559581	1.54893682449069	-1.0447023046276
TRINITY_DN198914_c3_g1	3.10386327401626	-2.75672713535859	-2.30571389241462	2.7073202733035	1.62504074624305	-2.3737832657896
TRINITY_DN160077_c10_g1	-0.950376415435089	1.31145524331705	0.207314098146965	-0.950376415435089	-0.950376415435089	1.33235990484125
TRINITY_DN173526_c2_g4	-1.79127388072991	1.77602817677562	1.93871386222781	-1.79127388072991	-1.79127388072991	1.65907960318629
TRINITY_DN159565_c0_g2	5.92855387525383	-3.05560430075691	-3.59355944158463	-2.46780656338403	5.02332793118544	-1.83491150071371
TRINITY_DN180934_c6_g1	-1.39290169153446	2.4168214276035	-1.12386854507922	-1.39290169153446	-1.39290169153446	2.88575219207909
TRINITY_DN156709_c0_g1	-1.99053408036586	1.5922443168649	2.53015358536244	-2.33195060484458	-2.33195060484458	2.53203738782767
TRINITY_DN192047_c0_g8	-1.66785316120474	1.72226419246159	0.200043302787914	-1.66785316120474	-1.66785316120474	3.08125198836472
TRINITY_DN180836_c2_g3	1.89490430250673	-1.534711661695	-1.50614250949823	1.12384259895589	1.55681893142561	-1.534711661695
TRINITY_DN173461_c1_g1	0.477123460821251	-1.0742695072062	-1.0742695072062	0.997836293274216	1.74784876752314	-1.0742695072062
TRINITY_DN166986_c2_g1	1.12241966761441	-1.10778334575201	-1.10778334575201	0.44655991991075	1.75437044973089	-1.10778334575201
TRINITY_DN171460_c12_g2	0.927469361071014	-1.00307875817684	-1.00307875817684	0.05627651943958	2.02549039401993	-1.00307875817684
TRINITY_DN173282_c4_g1	-1.14024156845369	1.38832975041707	0.56595741897609	-1.14024156845369	-1.14024156845369	1.4664375359679
TRINITY_DN160679_c5_g1	-0.223326865495438	-1.20590981241803	-1.20590981241803	3.12134640316462	0.719709899584907	-1.20590981241803
TRINITY_DN157427_c4_g1	0.315467448144001	-0.784837457651685	-0.784837457651685	0.8020473552005	1.23699756961055	-0.784837457651685
TRINITY_DN194356_c1_g1	-1.35727550477506	1.76413572719169	1.4380326008155	-0.726731043934274	-2.02578186393336	0.907620084635506
TRINITY_DN166007_c10_g1	-0.857497298293962	1.20910858591047	-0.0642256437958795	-0.857497298293962	-0.857497298293962	1.42760895276729
TRINITY_DN184437_c7_g2	1.04746978929195	-0.940214888274812	-0.940214888274812	0.887604136342508	0.885570739189979	-0.940214888274812
TRINITY_DN178189_c11_g2	0.997009215446355	-1.20775753520826	-1.20775753520826	1.86537716942196	0.760886220756459	-1.20775753520826
TRINITY_DN173049_c1_g4	0.742141287607778	-1.03732856968739	-1.03732856968739	2.24496295482748	0.124881466626915	-1.03732856968739
TRINITY_DN178337_c3_g4	1.38712779030274	-1.36111873996396	-1.36111873996396	1.08778221118117	1.60844621840796	-1.36111873996396
TRINITY_DN168832_c0_g1	-0.868500330648199	1.01081334566269	1.24719882278339	-0.868500330648199	-0.868500330648199	0.347488823498522
TRINITY_DN174467_c4_g1	0.230524653967739	-1.0391069969727	-1.0391069969727	1.74162303950368	1.14517329744668	-1.0391069969727
TRINITY_DN194968_c3_g4	1.02665714858958	-0.881002679263708	-0.881002679263708	0.161641658144786	1.45470923105675	-0.881002679263708
TRINITY_DN157459_c1_g3	0.360545875071191	-0.841715108490811	-0.841715108490811	1.42761732124335	0.736982129157892	-0.841715108490811
TRINITY_DN197683_c6_g6	1.6962994144064	-1.56523140083701	-1.56523140083701	-0.0421713390417588	3.04156612714639	-1.56523140083701
TRINITY_DN198203_c2_g2	0.140344787107215	-1.15007961675808	-1.15007961675808	1.31641699579399	1.99347706737305	-1.15007961675808
TRINITY_DN141747_c0_g1	2.54509623915404	-1.03962579235398	-1.03962579235398	0.394935719518627	0.17884541838928	-1.03962579235398
TRINITY_DN157458_c6_g1	2.01019397401327	-0.95457429566078	-0.95457429566078	-0.310256517323203	1.16378543029228	-0.95457429566078
TRINITY_DN162434_c2_g3	0.650889395945561	-0.911291960526306	-0.911291960526306	1.91021418137119	0.172772304262169	-0.911291960526306
TRINITY_DN182474_c7_g1	2.18201920388967	-1.15297804101721	-1.15297804101721	0.0833614981511608	1.19355342101081	-1.15297804101721
TRINITY_DN184327_c1_g1	0.531685559827045	-0.878655544787043	-0.878655544787043	1.27806465486477	0.82621641966931	-0.878655544787043
TRINITY_DN122771_c0_g1	0.117689231478192	-1.07007851556783	-1.07007851556783	2.86103718418995	0.231509131035354	-1.07007851556783
TRINITY_DN178082_c0_g2	0.656070044241666	-0.811209436218317	-0.811209436218317	0.745587810374427	1.03197045403886	-0.811209436218317
TRINITY_DN195285_c3_g2	-1.39342100985308	-0.0226987347049135	2.04992041595015	-1.39342100985308	-1.39342100985308	2.15304134831401
TRINITY_DN173465_c0_g2	1.74718026311578	-0.892746449633015	-0.892746449633015	0.753416207524879	0.177642878258383	-0.892746449633015
TRINITY_DN197499_c3_g1	2.2448669728704	-1.58417071579874	-1.58417071579874	3.50397088107028	-0.996325706544461	-1.58417071579874
TRINITY_DN153078_c1_g1	1.60761214333699	-1.37807043393372	-1.37807043393372	0.892458508447001	1.63414065001716	-1.37807043393372
TRINITY_DN162161_c0_g1	1.65656167390515	-1.80478399851505	-1.57695553588795	-0.934333532336304	4.43942929765003	-1.77991790481586
TRINITY_DN173285_c4_g2	0.121754315851908	-1.03593619773015	-1.03593619773015	1.96298137502821	1.02307290231032	-1.03593619773015
TRINITY_DN182799_c0_g3	2.04276826249366	-0.922184790407142	-0.922184790407142	0.154374304724462	0.569411804003306	-0.922184790407142
TRINITY_DN172480_c5_g2	1.56189589846563	-1.71846659150814	-1.71846659150814	-0.665355255048581	4.25885913110737	-1.71846659150814
TRINITY_DN156825_c7_g1	0.749857617199519	-0.943462061612056	-0.943462061612056	1.83495680485869	0.245571762777962	-0.943462061612056
TRINITY_DN158104_c9_g1	0.179920269545121	-1.09508677795475	-1.09508677795475	0.0677677502357612	3.03757231408337	-1.09508677795475
TRINITY_DN184177_c1_g2	-0.388819087297562	-0.985277226856548	-0.985277226856548	1.23164319900033	2.11300756886688	-0.985277226856548
TRINITY_DN166219_c9_g2	-1.05164227581907	1.22097817884392	1.14402028703685	-1.05164227581907	-1.05164227581907	0.789928361576446
TRINITY_DN175008_c2_g3	0.635630528326144	-0.772537842381963	-0.772537842381963	0.771947543854128	0.910035454965616	-0.772537842381963
TRINITY_DN178887_c4_g2	-0.0726168597649772	-1.03535095036078	-1.03535095036078	0.781862973897546	2.39680673694977	-1.03535095036078
TRINITY_DN168294_c4_g1	0.666306306471163	-0.880649871670249	-0.880649871670249	1.404752347192	0.570890961347584	-0.880649871670249
TRINITY_DN189849_c8_g1	0.448232772421444	-1.26193997585822	-1.26193997585822	2.2265750330996	1.11101212205361	-1.26193997585822
TRINITY_DN158627_c6_g1	2.25436338279859	-1.71428999173766	-1.8159400678321	1.8508165240527	1.24099022055057	-1.8159400678321
TRINITY_DN182188_c4_g1	-1.95904817111886	0.739866338041094	2.51307355984775	-1.51119290378918	-1.76293923787289	1.9802404148921
TRINITY_DN192841_c6_g3	0.901492780421189	-1.47312942577002	-1.41515935713269	-0.375518629143596	3.68488438081975	-1.32256974919464
TRINITY_DN186904_c5_g2	1.76430675972518	-1.00186432938467	-1.00186432938467	0.296793986179849	0.944492242248968	-1.00186432938467
TRINITY_DN159261_c8_g1	1.17068348719397	-0.77305034244056	-0.77305034244056	0.758019150285394	0.390448389842319	-0.77305034244056
TRINITY_DN174911_c3_g3	2.35916786231961	-1.44405917411532	-1.44405917411532	-0.47910612121452	2.45211578124087	-1.44405917411532
TRINITY_DN156628_c9_g2	-0.964275631226823	1.02316277724344	1.27518778821995	-1.06223923429881	-1.8275108644033	1.55567516446554
TRINITY_DN182434_c2_g4	2.45210252139828	-1.56019796825032	-1.56019796825032	1.30532499088964	0.92316639246303	-1.56019796825032
TRINITY_DN145487_c2_g3	0.74200686614253	-0.932001742474694	-0.932001742474694	1.1753513559736	0.878647005307952	-0.932001742474694
TRINITY_DN199902_c1_g2	-1.73793179932979	1.49365420986795	2.62067544978802	-1.41831386512962	-1.73793179932979	0.77984780413322
TRINITY_DN165525_c2_g2	-0.207086883551123	-0.963256211690422	-0.963256211690422	1.11637790067828	1.98047761794411	-0.963256211690422
TRINITY_DN163607_c2_g2	2.37031671442776	-1.15562685785949	-1.15562685785949	0.621319333997602	0.47524452515309	-1.15562685785949
TRINITY_DN176700_c1_g1	1.83306216995605	-1.1436680507211	-1.1436680507211	1.38265120709604	0.215290775111225	-1.1436680507211
TRINITY_DN198337_c3_g1	0.203159784881805	-1.05082948134898	-1.05082948134898	0.257181833203196	2.69214682596194	-1.05082948134898
TRINITY_DN160052_c4_g1	1.58013577876617	-1.1293754356658	-1.1293754356658	2.11688062091066	-0.308890092679424	-1.1293754356658
TRINITY_DN181027_c1_g2	0.375486798160376	-0.921411059539701	-0.921411059539701	1.24079897677461	1.14794740368412	-0.921411059539701
TRINITY_DN173296_c3_g1	0.707761038011889	-1.02689439546712	-1.02689439546712	1.32020427515515	0.979583168604089	-0.9537596908369
TRINITY_DN184419_c0_g4	1.58892911402056	-0.853040014556958	-1.62468172080557	1.5929666440066	1.64310768380262	-2.34728170646724
TRINITY_DN157589_c8_g2	-0.0495896291587018	-0.893573473207028	-0.893573473207028	1.27282062304643	1.45748942573336	-0.893573473207028
TRINITY_DN152996_c0_g3	-2.93923203556257	2.17430178402934	3.73095681086718	-2.93923203556257	-2.28754885493047	2.2607543311591
TRINITY_DN163248_c6_g5	1.53239315190663	-0.865683540160811	-0.865683540160811	0.0350383874033038	1.0296190811725	-0.865683540160811
TRINITY_DN171183_c7_g1	-1.09576232355744	0.607781396176374	1.09737859558743	-1.09576232355744	-0.919439550916979	1.40580420626805
TRINITY_DN161600_c11_g2	-1.62893668175124	1.95241456541754	-1.09387908685639	-1.62893668175124	-1.62893668175124	4.02827456669256
TRINITY_DN179692_c4_g1	2.4090252251944	-1.58792789924673	-2.09584936420406	1.83185749821876	1.53874390424169	-2.09584936420406
TRINITY_DN186863_c4_g1	0.301612662147124	-0.929205179713959	-0.929205179713959	1.38345999384443	1.10254288315032	-0.929205179713959
TRINITY_DN172252_c1_g2	0.118532008159768	-0.877856738287853	-0.877856738287853	0.859830023122007	1.65520818358178	-0.877856738287853
TRINITY_DN169246_c3_g2	0.044556857745232	-0.918177232850571	-0.918177232850571	1.20780442100414	1.50217041980234	-0.918177232850571
TRINITY_DN174848_c6_g1	-1.488215271965	0.227678098582607	0.0146244862909335	-1.488215271965	-1.488215271965	4.22234323102145
TRINITY_DN196837_c6_g2	0.88656598123045	-1.89919379319656	-1.50852610763689	0.638599240844041	3.37249332527069	-1.48993864651172
TRINITY_DN158489_c6_g3	0.282122233791781	-0.849467250536354	-0.849467250536354	1.24982795380142	1.01645156401586	-0.849467250536354
TRINITY_DN176935_c1_g1	1.6209715313356	-2.2916214236371	-1.95171263960712	-1.3837788682178	5.6736580675268	-1.66751666740039
TRINITY_DN161756_c4_g1	0.199968736388078	-1.16516385706445	-1.16516385706445	1.29557870672519	1.99994412808008	-1.16516385706445
TRINITY_DN160458_c5_g1	-1.65362894619714	0.712343481396245	3.42139017898833	-1.65362894619714	-1.65362894619714	0.827153178206842
TRINITY_DN194936_c1_g3	1.11679169970152	-0.886090808831602	-0.886090808831602	0.443893840926819	1.09758688586647	-0.886090808831602
TRINITY_DN175424_c6_g1	0.790036504672873	-0.755437706167307	-0.755437706167307	0.940110761965792	0.536165851863257	-0.755437706167307
TRINITY_DN190312_c1_g4	-1.12515448410536	1.03156571554646	0.850108837573136	-1.12515448410536	-1.12515448410536	1.49378889919648
TRINITY_DN156621_c0_g1	-0.84221232259728	0.741306761254208	0.508850576343106	-0.84221232259728	-0.84221232259728	1.27647963019453
TRINITY_DN164824_c2_g1	0.570340117073784	-1.08455364039954	-1.08455364039954	-0.271439449053249	2.95476025317808	-1.08455364039954
TRINITY_DN157391_c2_g2	-1.91173722137821	1.93826203808789	2.66937295384734	-1.91173722137821	-1.91173722137821	1.12757667219941
TRINITY_DN183938_c8_g1	1.42373356313915	-1.34920777469219	-1.34920777469219	1.04804757090224	1.57584219003517	-1.34920777469219
TRINITY_DN165443_c6_g2	-0.15525150675624	-1.04977827701363	-1.04977827701363	2.04985357300083	1.25473276479632	-1.04977827701363
TRINITY_DN251496_c0_g1	0.548171166649229	-1.00715419234002	-1.00715419234002	2.56282290098455	-0.0895314906137333	-1.00715419234002
TRINITY_DN172931_c7_g1	0.744584588285692	-1.92652958857772	-2.18115653736126	-0.578716463611557	6.28647327090898	-2.34465526964414
TRINITY_DN179749_c3_g2	0.768037702962061	-0.756527518115139	-0.756527518115139	0.813935412910902	0.687609438472453	-0.756527518115139
TRINITY_DN159275_c10_g1	-2.05346787519196	4.00841630450928	3.37195785939874	-2.05346787519196	-2.05346787519196	-1.21997053833213
TRINITY_DN178806_c0_g2	0.710015629849251	-1.29968984243442	-1.29968984243442	1.49960473252018	1.68944916493382	-1.29968984243442
TRINITY_DN182517_c9_g1	1.59996047323642	-1.10402613062701	-1.10402613062701	0.768605660508243	0.943512258136354	-1.10402613062701
TRINITY_DN193672_c2_g4	-0.214967483831179	-1.40968494672478	-1.40968494672478	4.28324433970425	0.160777984301262	-1.40968494672478
TRINITY_DN182507_c5_g1	-1.23826685543075	1.37314162559421	1.49552131319443	-1.23826685543075	-1.23826685543075	0.8461376275036
TRINITY_DN191682_c7_g2	1.4225284214878	-1.38255762520765	-1.21648494926094	1.46343414545692	1.09563763273152	-1.38255762520765
TRINITY_DN168466_c0_g2	2.52769021536738	-1.75851692914764	-1.44603998200072	2.3533661869414	-0.128614157327532	-1.54788533383289
TRINITY_DN175124_c4_g3	-2.20013221795483	2.42412004129172	2.53329797612735	-2.35437900553934	-2.1938404720871	1.7909336781622
TRINITY_DN174969_c7_g1	0.54797625389963	-0.847634994604172	-0.847634994604172	1.10357976981655	0.891348960096339	-0.847634994604172
TRINITY_DN182455_c10_g1	-1.12802190624879	0.364600422325656	0.805928351446634	-1.12802190624879	-1.12802190624879	2.21353694497408
TRINITY_DN157823_c8_g1	0.54797625389963	-0.847634994604172	-0.847634994604172	1.10357976981655	0.891348960096339	-0.847634994604172
TRINITY_DN157373_c7_g2	1.25040007046392	-0.969310569084854	-0.969310569084854	1.59262649053758	0.0649051462530589	-0.969310569084854
TRINITY_DN168613_c2_g2	-0.764282419846528	1.05497701027111	0.907916599269238	-0.764282419846528	-0.764282419846528	0.329953649999237
TRINITY_DN196680_c4_g2	-1.04100688425542	1.12474429975884	0.139140976903011	-1.04100688425542	-1.04100688425542	1.8591353761044
TRINITY_DN191620_c1_g7	1.14260737290825	-1.00045945946982	-1.00045945946982	2.02492376200811	-0.166152756506908	-1.00045945946982
TRINITY_DN158868_c2_g1	-1.83916339979486	-0.626905355592125	0.776017451520382	-1.83916339979486	-1.83916339979486	5.36837810345632
TRINITY_DN167827_c7_g4	0.7423879985015	-0.831955755418513	-0.831955755418513	0.811438698061379	0.94204056969266	-0.831955755418513
TRINITY_DN173493_c9_g1	0.161143147706812	-0.933092922138953	-0.933092922138953	1.7220298890843	0.91610572962575	-0.933092922138953
TRINITY_DN192249_c1_g3	1.85769050843926	-1.49619732784565	-1.49619732784565	1.62680662620917	1.00409484888852	-1.49619732784565
TRINITY_DN180249_c3_g1	-0.843428706137165	0.15440562664472	1.36571269170143	-0.843428706137165	-0.843428706137165	1.01016780006535
TRINITY_DN182124_c0_g4	-0.162878602064388	-1.14837903236927	-1.14837903236927	3.23484140099638	0.373174298175822	-1.14837903236927
TRINITY_DN169031_c3_g4	1.10203257733788	-1.38879423757495	-1.38879423757495	0.150240465395806	2.91410966999115	-1.38879423757495
TRINITY_DN177508_c1_g3	-0.961507780799508	2.28894912054868	0.0230983828718712	-2.1474344530184	-1.82048119048588	2.61737592088324
TRINITY_DN171514_c4_g2	-0.850654691824203	1.35942240707901	0.893936994718181	-0.850654691824203	-0.850654691824203	0.29860467367542
TRINITY_DN176170_c4_g3	0.138440112474074	-1.01406783589083	-1.01406783589083	0.869943901692692	2.03381949350572	-1.01406783589083
TRINITY_DN197708_c1_g1	1.1030796322624	-1.10855562106475	-1.01094482443833	0.608654677954848	1.44455908705048	-1.03679295176466
TRINITY_DN153993_c1_g1	1.81844944156669	-1.2995779810241	-1.2995779810241	0.504475577943253	1.57580892356236	-1.2995779810241
TRINITY_DN174527_c7_g1	5.23330517729278	-4.32492801170149	-3.85192044378531	5.70643272032003	-0.233312795591087	-2.52957664653493
TRINITY_DN180661_c6_g1	1.08057732142821	-0.971490725815668	-0.971490725815668	1.42576461977876	0.40813023624004	-0.971490725815668
TRINITY_DN173846_c3_g4	2.33818940928509	-1.12791560994879	-1.12791560994879	-0.546805434723245	1.59236285528453	-1.12791560994879
TRINITY_DN190108_c3_g2	1.3725052023673	-0.941321094023099	-0.941321094023099	0.796798194759477	0.654659884942521	-0.941321094023099
TRINITY_DN166968_c6_g5	-0.901991000032942	0.65676643034082	1.61377190550826	-0.901991000032942	-0.901991000032942	0.435434664249746
TRINITY_DN124601_c0_g1	2.38055215342235	-1.31432803937685	-1.31432803937685	0.636140374773277	0.926291589934914	-1.31432803937685
TRINITY_DN166920_c4_g1	-1.05427652011229	0.886454040072568	1.18725862168342	-1.05427652011229	-1.05427652011229	1.08911689858089
TRINITY_DN186973_c4_g4	-0.980950199836864	2.56019289084592	0.554605133562446	-0.980950199836864	-0.980950199836864	-0.171947424897777
TRINITY_DN198512_c2_g2	1.42140217702365	-1.13857901713618	-1.13857901713618	2.53836534197073	-0.544030467585828	-1.13857901713618
TRINITY_DN163570_c0_g1	-0.897449685950064	1.44140255319512	0.443966838528658	-0.897449685950064	-0.897449685950064	0.806979666126413
TRINITY_DN164294_c5_g1	-1.19118069593884	0.605307173453344	1.64927274103988	-1.16475951820191	-1.23102096047063	1.33238126011817
TRINITY_DN165577_c2_g1	2.17607149271224	-0.92456982326123	-0.92456982326123	0.490106957165656	0.107531019905794	-0.92456982326123
TRINITY_DN168919_c10_g2	2.93021500080646	-3.07466836290949	-3.07466836290949	2.94934096870905	3.34444911921298	-3.07466836290949
TRINITY_DN161602_c1_g5	-1.14984290214639	0.775776809856549	1.07728203230354	-1.14984290214639	-1.14984290214639	1.59646986427907
TRINITY_DN173525_c2_g1	-0.862479623594635	1.23852590748923	1.23402161076287	-1.51287293448371	-1.64071821268353	1.54352325250978
TRINITY_DN177189_c8_g2	-1.88185789867039	1.77461582717267	2.09604780588389	-1.82454238280698	-1.83898915391325	1.67472580233406
TRINITY_DN190955_c7_g2	0.567834037771764	-0.896311418919422	-0.896311418919422	0.712024731428239	1.40907548755826	-0.896311418919422
TRINITY_DN174711_c11_g2	1.26998170763953	-0.946628361102913	-0.946628361102913	0.795377849763823	0.774525525905387	-0.946628361102913
TRINITY_DN199771_c4_g1	-1.58867245445361	1.31378707858894	1.19541268828114	-1.58867245445361	-1.58867245445361	2.25681759649076
TRINITY_DN180128_c5_g1	-2.45305356370744	2.28279226365097	2.49065583924708	-2.50367963677741	-2.60567096205463	2.78895605964143
TRINITY_DN137484_c0_g1	-0.850694410012381	0.624909334672219	0.402689825787693	-0.850694410012381	-0.850694410012381	1.52448406957723
TRINITY_DN167665_c4_g1	0.027092436488137	-0.923749201061012	-0.923749201061012	2.02035959804694	0.723795568647955	-0.923749201061012
TRINITY_DN159301_c1_g3	1.34363601643992	-1.00261175764286	-1.00261175764286	1.93736700729785	-0.273167750809194	-1.00261175764286
TRINITY_DN198447_c6_g1	2.10680213908232	-1.46887324031086	-1.46887324031086	1.09355237164976	1.2062652102005	-1.46887324031086
TRINITY_DN177744_c0_g1	1.2310088724668	-1.14280596408553	-1.29008482799947	0.562187240342392	2.2028365357177	-1.56314185644189
TRINITY_DN192010_c5_g1	2.32716812575224	-1.67210786338651	-1.65320586361182	1.14490510709659	1.66782383924845	-1.81458334509897
TRINITY_DN166360_c9_g1	0.3626653271273	-1.02579977015585	-1.02579977015585	1.36981147834795	1.34492250499231	-1.02579977015585
TRINITY_DN166565_c1_g1	1.40193771452215	-1.03928014873997	-0.974397297155113	1.68885805467896	-0.0378381745660608	-1.03928014873997
TRINITY_DN213783_c0_g1	0.0682002495620302	-1.22693499943879	-1.22693499943879	3.42486296776623	0.187741780988098	-1.22693499943879
TRINITY_DN161368_c3_g2	1.62982922899419	-0.862793099580253	-0.862793099580253	-0.0382288874904262	0.996778957236994	-0.862793099580253
TRINITY_DN148825_c1_g1	0.897928819931635	-0.941224567458186	-0.941224567458186	1.87783044253288	0.047914439910047	-0.941224567458186
TRINITY_DN168592_c1_g4	1.226384409733	-1.19134638977318	-2.23513737574455	1.37428339433295	2.71387422177927	-1.88805826032748
TRINITY_DN121995_c0_g1	0.670080519162281	-1.08095465750558	-1.08095465750558	1.07576554214624	1.49701791120823	-1.08095465750558
TRINITY_DN189788_c9_g1	2.21173789962106	-1.8231820847281	-1.8231820847281	1.96445932975523	1.29334902480802	-1.8231820847281
TRINITY_DN160542_c4_g1	1.55050817886353	-1.12434505633079	-1.42768745081812	1.27386160612495	1.15535017297854	-1.42768745081812
TRINITY_DN160038_c8_g2	-1.43495591663988	0.847187312141622	1.49237168840934	-1.43495591663988	-1.43495591663988	1.96530874936866
TRINITY_DN163251_c4_g1	0.393448817810385	-0.924434065019029	-0.924434065019029	2.20600264654231	0.173850730704394	-0.924434065019029
TRINITY_DN188162_c5_g7	-0.846620326921377	0.596986324554237	1.43730144538624	-0.846620326921377	-0.846620326921377	0.505573210823654
TRINITY_DN170296_c1_g2	-0.8907468777973	0.842607462816527	0.935038749667491	-0.8907468777973	-0.8907468777973	0.894594420907882
TRINITY_DN180127_c2_g1	-0.494970146394821	-1.21305773035534	-1.21305773035534	2.11132086376685	2.02282247369399	-1.21305773035534
TRINITY_DN193862_c5_g2	-1.03549386162108	-0.0639043260910174	1.44140622158267	-1.03549386162108	-1.03549386162108	1.72897968937159
TRINITY_DN158868_c6_g1	-1.17301153603973	1.9625479485583	1.83451373216664	-2.52668725766839	-0.950369923055558	0.853007036038723
TRINITY_DN198266_c0_g2	-2.53805281398425	2.53005903753303	3.21113280495193	-2.53805281398425	-2.53805281398425	1.8729665994678
TRINITY_DN185216_c5_g1	0.190458844631697	-1.08318923522695	-1.28403196164446	2.26216641371211	1.06890516514139	-1.15430922661378
TRINITY_DN148728_c2_g1	-0.795433893503635	0.426133895034775	1.11683273456281	-0.795433893503635	-0.795433893503635	0.843335050913315
TRINITY_DN122076_c1_g1	-1.18015397628239	-0.201958346600739	2.14710223930025	-1.18015397628239	-1.18015397628239	1.59531803614766
TRINITY_DN167220_c6_g6	-1.15133323955797	0.868012849246842	1.20650023907152	-1.15133323955797	-1.15133323955797	1.37948663035555
TRINITY_DN169176_c5_g3	2.25556128856939	-1.62424248355791	-1.62424248355791	0.185171960677988	2.43199420142636	-1.62424248355791
TRINITY_DN175252_c3_g1	0.0368023437851641	-1.62722531593498	-1.62722531593498	1.47122793037429	3.12632573866567	-1.37990538095516
TRINITY_DN194695_c1_g4	-0.12743191899543	-1.04429068369518	-1.04429068369518	2.58914052666045	0.671163443420534	-1.04429068369518
TRINITY_DN185531_c8_g1	-1.11166022038824	0.207379595174295	0.888339779611759	-1.11166022038824	-1.11166022038824	2.23926128637867
TRINITY_DN185371_c3_g2	2.03731811186569	-1.53484396384843	-1.53484396384843	0.0140858056279709	2.55312797405163	-1.53484396384843
TRINITY_DN180688_c0_g1	-1.4554810140908	1.55297001860247	1.59902020209176	-1.4554810140908	-1.4554810140908	1.21445282157816
TRINITY_DN170142_c4_g2	1.87649813854192	-1.30667074160512	-1.30667074160512	0.52033526803386	1.52317881823957	-1.30667074160512
TRINITY_DN195791_c4_g1	1.71223773778256	-0.967886877592678	-2.401397036943	1.28257428393084	1.47302982710224	-1.09855793427997
TRINITY_DN174882_c3_g2	-0.789462628100032	1.06493204965307	1.04119834629973	-0.789462628100032	-0.789462628100032	0.262257488347296
TRINITY_DN183745_c6_g2	2.14125611322991	-0.965762136652211	-0.965762136652211	0.193221114508176	0.562809182218547	-0.965762136652211
TRINITY_DN162134_c5_g1	-0.239360412845222	-1.11120406135454	-1.11120406135454	0.693675546900132	2.87929705000871	-1.11120406135454
TRINITY_DN199008_c3_g1	1.04773790998186	-2.10030631000068	-0.925296651964109	1.82429850197293	1.46574196830891	-1.31217541829892
TRINITY_DN198261_c4_g5	0.200936556621126	-0.876990022063943	-0.876990022063943	0.861561664456289	1.56847184511441	-0.876990022063943
TRINITY_DN165868_c8_g2	2.07682756106942	-1.21271184427663	-1.21271184427663	-0.0472822238524422	1.6085901956129	-1.21271184427663
TRINITY_DN166333_c6_g1	2.53769242251476	-1.81252191545171	-1.81252191545171	1.07675691825382	1.82311640558656	-1.81252191545171
TRINITY_DN167978_c2_g1	1.22495436307854	-0.902348742703591	-0.902348742703591	-0.0439698176215199	1.52606168265375	-0.902348742703591
TRINITY_DN159764_c9_g6	-1.06962626440189	0.530167587720353	1.61608967158876	-1.06962626440189	-1.06962626440189	1.06262153389655
TRINITY_DN188833_c4_g1	0.519001476086497	-1.59802857692369	-1.59802857692369	-0.846993400255828	5.04757221857677	-1.52352314056006
TRINITY_DN181317_c6_g1	1.19434653501907	-0.957512281707938	-0.957512281707938	2.01370936014656	-0.335519050041815	-0.957512281707938
TRINITY_DN174778_c10_g1	0.620454561280842	-0.972181867325736	-0.972181867325736	0.509117074221829	1.78697396647454	-0.972181867325736
TRINITY_DN162630_c0_g1	1.4126602935709	-1.15804549496617	-1.15804549496617	0.599404521265115	1.46207167006251	-1.15804549496617
TRINITY_DN159156_c7_g1	-0.086502698214352	-1.66033018878119	-1.02820048751931	1.90780690232345	2.23600221512875	-1.36877574293735
TRINITY_DN176111_c1_g1	2.08361328181569	-1.17957139692495	-1.17957139692495	-0.737025940819645	2.1921268497788	-1.17957139692495
TRINITY_DN172275_c5_g1	-1.95486093483288	-1.38926375897865	3.54858321351815	-1.95486093483288	-1.95486093483288	3.70526334995914
TRINITY_DN184383_c3_g2	-1.11356849188355	0.463195485789574	2.15920124055296	-1.11356849188355	-1.11356849188355	0.718308749308121
TRINITY_DN158340_c1_g2	2.33434518097337	-2.17083496608383	-1.92575924214177	-0.83345680098504	5.06049977334979	-2.46479394511252
TRINITY_DN188371_c3_g1	2.06790399408034	-1.78209526538576	-1.47291907790724	1.08955128017348	1.87965433442495	-1.78209526538576
TRINITY_DN180761_c9_g6	-1.88027265313961	1.42394631557675	1.76830783275216	-1.88027265313961	-1.88027265313961	2.44856381108993
TRINITY_DN180996_c1_g1	1.06114935375192	-1.76680915827621	-2.09950677519854	1.61501589068491	2.4338285679231	-1.24367787888518
TRINITY_DN190969_c2_g3	-1.21054465339607	1.05309075017226	1.09688387179618	-1.21054465339607	-1.21054465339607	1.48165933821978
TRINITY_DN157668_c5_g4	2.04074054183826	-1.00540123980646	-1.00540123980646	0.174746621351966	0.800716556229166	-1.00540123980646
TRINITY_DN70166_c0_g1	-0.28878966229013	-1.15510422366718	-1.15510422366718	2.65431022056872	1.09979211272294	-1.15510422366718
TRINITY_DN113186_c0_g1	0.246370225803204	-0.862655950695163	-0.862655950695163	1.21766060967155	1.12393701661073	-0.862655950695163
TRINITY_DN175287_c2_g4	-0.101219686144169	-0.961983888772996	-0.961983888772996	1.44428065183769	1.54289070062547	-0.961983888772996
TRINITY_DN169944_c1_g2	-1.22826942691608	1.63070618737594	1.3643670016905	-1.22826942691608	-1.22826942691608	0.689735091681796
TRINITY_DN159769_c6_g1	2.52916000363679	-1.4223345426215	-1.4223345426215	0.318808812333816	1.4190348118939	-1.4223345426215
TRINITY_DN170667_c3_g1	-1.09960094334248	1.30972428981718	1.81871493632764	-1.15489792221376	-1.58279564777624	0.708855287187657
TRINITY_DN180840_c1_g1	-0.761919902743515	1.13377048772017	0.764649757754268	-0.761919902743515	-0.761919902743515	0.387339462756108
TRINITY_DN197540_c3_g2	1.55259553152913	-1.01811025700794	-1.01811025700794	0.831889002458156	0.669846237036539	-1.01811025700794
TRINITY_DN130890_c0_g1	0.682228953253301	-0.760847198109373	-0.760847198109373	0.569137451649048	1.03117518942577	-0.760847198109373
TRINITY_DN193885_c2_g3	0.409835330432122	-0.924732945234011	-0.924732945234011	1.94711070327531	0.417252801994605	-0.924732945234011
TRINITY_DN160180_c8_g1	-1.4773290009633	1.55847083645996	1.39609050247155	-1.4773290009633	-1.4773290009633	1.4774256639584
TRINITY_DN162970_c2_g1	-0.831217522410648	0.712278361015123	1.13077615500961	-0.831217522410648	-0.831217522410648	0.650598051207215
TRINITY_DN181231_c0_g2	1.3271716974658	-1.4902469079365	-1.4902469079365	1.55641875982699	1.2097488357309	-1.1128454771507
TRINITY_DN174951_c7_g2	-0.553290656650924	-1.14017546950311	-1.14017546950311	2.35654251843207	1.61727454672818	-1.14017546950311
TRINITY_DN179258_c5_g1	-0.880007633628641	0.620794419428517	1.23202520260518	-0.880007633628641	-0.880007633628641	0.78720327885223
TRINITY_DN111202_c0_g1	0.874841495843826	-0.967533992362461	-0.967533992362461	1.52020959065724	0.507550890586321	-0.967533992362461
TRINITY_DN161602_c1_g1	-0.765838967638474	0.54682620591992	1.02493307022353	-0.765838967638474	-0.765838967638474	0.725757626771975
TRINITY_DN192341_c3_g1	-0.957561628221426	-0.198832059763564	1.35597447505909	-0.957561628221426	-0.957561628221426	1.71554246936875
TRINITY_DN157585_c2_g11	1.22017691755888	-1.19043554886188	-1.19043554886188	1.4385712845653	0.912558444461449	-1.19043554886188
TRINITY_DN163948_c4_g1	1.11651430268086	-0.948713320094758	-0.948713320094758	-0.0808168561021029	1.81044251370551	-0.948713320094758
TRINITY_DN151907_c1_g1	0.824671619878334	-0.91992006666405	-0.91992006666405	-0.0457132807862509	1.98080186090007	-0.91992006666405
TRINITY_DN180776_c1_g1	-0.923246723580479	0.55235702110412	0.0201120390973308	-0.923246723580479	-0.923246723580479	2.19727111053999
TRINITY_DN164165_c6_g1	0.357071225465889	-1.07642241438099	-1.07642241438099	0.924298752862663	1.94789726481442	-1.07642241438099
TRINITY_DN165434_c3_g4	0.616484494954721	-0.806824742287665	-0.806824742287665	0.589334746785489	1.21465498512279	-0.806824742287665
TRINITY_DN189823_c3_g1	1.37145931349496	-1.47192160721484	-1.47192160721484	1.2666300793054	1.77767542884416	-1.47192160721484
TRINITY_DN184653_c6_g4	-2.03994404809491	2.29004060166351	0.785231000941827	-1.32097971233537	-1.72263997973299	2.00829213755794
TRINITY_DN179071_c0_g4	1.04823283727255	-1.13255155380615	-1.13255155380615	0.608160179592953	1.74126164455294	-1.13255155380615
TRINITY_DN172497_c3_g3	0.748965827675783	-0.838399163260678	-0.838399163260678	0.69466575860896	1.07156590349729	-0.838399163260678
TRINITY_DN161520_c6_g2	0.739472909537479	-1.00253330132926	-1.00253330132926	0.83903733606626	1.42908965838403	-1.00253330132926
TRINITY_DN156492_c13_g3	2.1788028477947	-1.34237355393287	-1.34237355393287	2.19069136793677	-0.342373553932867	-1.34237355393287
TRINITY_DN174415_c8_g1	1.06766397832307	-0.836916456598247	-0.836916456598247	1.245786132732	0.197299258739666	-0.836916456598247
TRINITY_DN188922_c0_g5	-0.973906431192604	1.61968637467199	1.16490803770968	-0.973906431192604	-0.973906431192604	0.13712488119614
TRINITY_DN153298_c8_g1	-0.0521108634986921	-1.04849960994631	-1.04849960994631	2.36915040721437	0.828459286123257	-1.04849960994631
TRINITY_DN173305_c3_g1	1.93163648397186	-1.21762288152776	-1.21762288152776	-0.157575497857825	1.87880765846926	-1.21762288152776
TRINITY_DN199898_c3_g2	0.261835666749704	-0.962204607468227	-0.962204607468227	1.93851732009589	0.686260835559088	-0.962204607468227
TRINITY_DN174211_c6_g2	0.227795554928181	-0.907739314833008	-0.907739314833008	0.754466184820609	1.74095620475023	-0.907739314833008
TRINITY_DN194554_c1_g3	0.738544894748557	-1.2963750896006	-1.2963750896006	0.904945108117244	2.24563526593601	-1.2963750896006
TRINITY_DN148678_c0_g1	1.99915789882369	-1.25498258537703	-1.25498258537703	1.12546982135113	0.640320035956274	-1.25498258537703
TRINITY_DN183857_c0_g1	1.26136950562234	-1.42187779082224	-1.42187779082224	1.19870861962964	1.80555524721474	-1.42187779082224
TRINITY_DN186185_c5_g2	-0.831928254853245	0.810080102403878	0.897515751980418	-0.831928254853245	-0.831928254853245	0.788188910175439
TRINITY_DN164358_c3_g5	-0.932795838234519	-0.0205292101680696	1.76475560058175	-0.932795838234519	-0.932795838234519	1.05416112428988
TRINITY_DN160680_c4_g2	0.383128589074582	-0.819132394487421	-0.819132394487421	0.90027011744584	1.17399847694184	-0.819132394487421
TRINITY_DN183772_c7_g1	-1.04984301868524	1.11751490905327	0.613273848680862	-1.04984301868524	-1.04984301868524	1.41874029832159
TRINITY_DN159665_c10_g2	0.854901919058469	-0.905531955611643	-0.905531955611643	0.643890790135021	1.21780315764144	-0.905531955611643
TRINITY_DN156855_c7_g2	-0.941405370448874	1.36602315474337	0.0765165375483886	-0.941405370448874	-0.941405370448874	1.38167641905486
TRINITY_DN170724_c9_g1	1.67811164642053	-0.892594142116545	-0.892594142116545	0.545166251423382	0.454504528505723	-0.892594142116545
TRINITY_DN53786_c0_g1	0.131667900067378	-0.844329057549065	-0.844329057549065	1.55948400406752	0.841835268512294	-0.844329057549065
TRINITY_DN178170_c2_g3	-1.40461486636836	1.96674073095689	2.42166454897032	-1.91454229776492	-1.64395828199319	0.574710166199256
TRINITY_DN122901_c0_g2	0.956879242233093	-0.923610384454727	-0.923610384454727	0.346619522783271	1.46733238834782	-0.923610384454727
TRINITY_DN197617_c4_g2	0.5387002782859	-1.17607644320376	-1.46739038295379	1.60641803734065	2.7351670671807	-2.2368185566497
TRINITY_DN193856_c0_g1	0.419480408988136	-0.906481587183716	-0.906481587183716	1.95487831913848	0.345086033424531	-0.906481587183716
TRINITY_DN181775_c0_g1	-2.05158165663756	1.34922948477179	2.49691662037536	-2.05158165663756	-1.53859632182388	1.79561352995184
TRINITY_DN183871_c3_g8	-1.33866813483107	1.7184355023101	1.53593213121851	-1.33866813483107	-1.33866813483107	0.761636770964613
TRINITY_DN173117_c1_g1	-0.0454511250785605	-1.14036277210403	-1.14036277210403	0.214653492115522	3.25188594927512	-1.14036277210403
TRINITY_DN192704_c5_g2	-1.17673676797023	0.650269241668751	1.53211260913495	-1.17673676797023	-1.17673676797023	1.34782845310697
TRINITY_DN174467_c4_g2	-0.0838467881370077	-1.00223302258336	-1.00223302258336	2.26455351811155	0.825992337775529	-1.00223302258336
TRINITY_DN169248_c8_g1	0.471416078382792	-1.03802641469739	-1.03802641469739	0.803141628851263	1.8395215368581	-1.03802641469739
TRINITY_DN160531_c2_g1	0.882091723231117	-1.64830183495062	-1.84364943327284	-0.221187565890105	4.44572397439511	-1.61467686351267
TRINITY_DN136116_c1_g1	1.83829374782116	-1.59065259694832	-1.59065259694832	0.172758977521688	2.76090506550211	-1.59065259694832
TRINITY_DN163654_c2_g3	0.859313778659172	-1.07214006998916	-1.1067055719795	0.426497630907625	1.9816624251796	-1.08862819277773
TRINITY_DN182665_c7_g1	3.33038629551936	-1.47531888931915	-1.47531888931915	-0.779325076209247	1.87489544864733	-1.47531888931915
TRINITY_DN157201_c5_g1	1.05213879012901	-1.59033174718681	-1.59033174718681	2.58519285390306	1.13366359752837	-1.59033174718681
TRINITY_DN194789_c3_g1	-1.2910557123386	1.15042776724404	0.86339788034127	-1.2910557123386	-1.2910557123386	1.85934148943049
TRINITY_DN166564_c6_g1	-0.837931136999956	0.146840475385469	1.34730111723021	-0.837931136999956	-0.837931136999956	1.01965181838419
TRINITY_DN176651_c2_g6	-0.0491096228043584	-1.04983079004801	-1.04983079004801	0.394836276793895	2.8037657161545	-1.04983079004801
TRINITY_DN155853_c3_g3	-1.65519784791078	3.6556961967016	2.87694096793335	-1.60656307265991	-1.64424754835024	-1.62662869571401
TRINITY_DN159262_c10_g1	1.40978822942104	-0.999195300009702	-0.999195300009702	-0.111670029268114	1.69946769987618	-0.999195300009702
TRINITY_DN164373_c3_g1	0.482369129524885	-1.2122882360222	-1.2122882360222	0.994667496365079	2.15982808217664	-1.2122882360222
TRINITY_DN191812_c2_g1	0.810661317598632	-0.983026518942114	-0.983026518942114	0.262469143877806	1.87594909534991	-0.983026518942114
TRINITY_DN172423_c1_g1	0.985152453658219	-1.11548886231525	-1.11548886231525	1.09801395766867	1.26330017561886	-1.11548886231525
TRINITY_DN162182_c7_g1	-1.8209095626201	0.957509303850641	2.29711785997069	-1.8209095626201	-1.8209095626201	2.20810152403897
TRINITY_DN160257_c8_g1	1.64224444950562	-1.24586557907991	-1.24586557907991	1.00236562766885	1.09298666006527	-1.24586557907991
TRINITY_DN197755_c3_g1	-0.787789171318205	0.541621499900363	0.572856031142011	-0.787789171318205	-0.787789171318205	1.24888998291224
TRINITY_DN171848_c1_g1	0.828943537124683	-1.09058723926261	-1.09058723926261	1.46645517600111	0.976363004662021	-1.09058723926261
TRINITY_DN159160_c1_g1	0.61933889908234	-1.03784376104608	-1.03784376104608	0.853964239989355	1.64022814406655	-1.03784376104608
TRINITY_DN183357_c1_g1	2.23698166491529	-1.73551042871625	-1.27029234745762	0.492694562029484	1.45082624197878	-1.17469969274969
TRINITY_DN153825_c5_g4	-0.944478292982998	1.2138587341841	1.10619752733412	-0.944478292982998	-0.944478292982998	0.513378617430771
TRINITY_DN198026_c2_g3	2.0720839797609	-1.09012605655341	-1.09012605655341	-0.32628959766246	1.5245837875618	-1.09012605655341
TRINITY_DN193546_c0_g1	1.80325537209094	-1.664613083695	-1.77621729196773	2.15547083430352	1.4205314975503	-1.93842732828203
TRINITY_DN159565_c1_g2	0.594427224624821	-1.34709075561842	-1.23130952491301	1.14748266913913	2.33668259526039	-1.50019220849292
TRINITY_DN196962_c1_g4	-0.332952406563147	-1.35727208575856	-1.35727208575856	3.57332334039471	0.831445323444118	-1.35727208575856
TRINITY_DN177799_c5_g3	2.31001339618712	-1.47155614862885	-1.47155614862885	0.583986599333433	1.520668450366	-1.47155614862885
TRINITY_DN166459_c2_g1	1.18676376901207	-0.799100932230458	-0.799100932230458	0.918109366789138	0.292429660890159	-0.799100932230458
TRINITY_DN162197_c4_g5	2.12527449940056	-1.68978851779231	-1.68978851779231	4.106809236256	-1.16271818227965	-1.68978851779231
TRINITY_DN196324_c2_g3	2.78180390443546	-1.44354576103292	-1.39725210875898	-0.624080670329686	2.29137419218755	-1.60829955650142
TRINITY_DN189332_c3_g1	0.343710806274007	-0.830056261462699	-0.830056261462699	0.852517035884879	1.29394094222921	-0.830056261462699
TRINITY_DN185146_c1_g1	0.602923907074416	-0.921641314002784	-0.921641314002784	0.557071688438938	1.604928346495	-0.921641314002784
TRINITY_DN176782_c4_g4	1.2090240875341	-1.30774751935279	-1.30774751935279	0.0330995576976276	2.68111891282664	-1.30774751935279
TRINITY_DN185337_c0_g4	1.17344161948411	-1.40573852864304	-1.40573852864304	3.01015531661377	0.0336186498312205	-1.40573852864304
TRINITY_DN185142_c7_g1	-0.769166721482854	0.680790762145149	1.28150909883427	-0.769166721482854	-0.769166721482854	0.345200303469146
TRINITY_DN166908_c5_g2	-0.845276487053056	1.54566628574949	0.970708740147988	-0.845276487053056	-0.845276487053056	0.0194544352616948
TRINITY_DN155292_c7_g2	0.293409045991624	-0.792695325251667	-0.792695325251667	1.29000726407858	0.794669665684794	-0.792695325251667
TRINITY_DN156626_c6_g3	-0.888928696997246	1.36506056923354	0.854370830891011	-0.888928696997246	-0.888928696997246	0.447354690867186
TRINITY_DN160192_c5_g1	-1.03084340504936	1.28935241621677	0.469448771684808	-1.03084340504936	-1.03084340504936	1.3337290272465
TRINITY_DN164406_c3_g3	3.28909047598377	-2.76190347384516	-2.73007293957605	2.87794511035617	2.00788467957763	-2.68294385249636
TRINITY_DN186607_c2_g6	-1.67143564003952	1.16872542710133	2.27931270071127	-1.47987298933876	-1.67143564003952	1.3747061416052
TRINITY_DN164528_c5_g1	-0.431456408494749	-1.10682072124389	-1.10682072124389	2.10963414390086	1.64228442832557	-1.10682072124389
TRINITY_DN175486_c1_g3	-0.883841286706417	0.566116196921587	1.00134257961393	-0.883841286706417	-0.883841286706417	1.08406508358373
TRINITY_DN164057_c1_g2	-0.352886038284902	-1.02553766761329	-1.02553766761329	1.35019687096987	2.07930217015489	-1.02553766761329
TRINITY_DN158993_c4_g1	-1.26761582111411	2.12511374137347	1.39002418409372	-1.26761582111411	-1.26761582111411	0.287709537875138
TRINITY_DN174040_c8_g1	2.05755020888556	-0.970488443198268	-0.970488443198268	0.485266178987923	0.368648941721318	-0.970488443198268
TRINITY_DN118566_c0_g1	0.838406900627122	-0.906184785915262	-0.906184785915262	0.9007578786625	0.979389578456164	-0.906184785915262
TRINITY_DN196235_c2_g5	-2.05566892350245	2.28901756896307	1.55396785763033	-2.05566892350245	-2.05566892350245	2.32402134391396
TRINITY_DN176892_c7_g1	-0.860084596723821	0.598297407432192	1.72102557850173	-0.860084596723821	-0.860084596723821	0.260930804237544
TRINITY_DN167688_c4_g2	1.36912856885212	-1.33153308530062	-1.33153308530062	0.861923280448962	1.76354740660079	-1.33153308530062
TRINITY_DN173178_c1_g2	-1.05131141121166	1.30031691789112	1.22190606189184	-1.05131141121166	-1.05131141121166	0.631711253852023
TRINITY_DN162210_c6_g3	-0.476828751106477	-0.992843898110142	-0.992843898110142	1.82621111188092	1.62914933355598	-0.992843898110142
TRINITY_DN188325_c7_g1	-1.26439624978539	1.40619522802406	1.84873212067165	-0.992831352520473	-2.20138231304873	1.20368256665888
TRINITY_DN165110_c8_g3	0.384482615232606	-0.935713206033519	-0.935713206033519	1.10377616586833	1.31888083699962	-0.935713206033519
TRINITY_DN171447_c0_g7	-1.19756278241339	0.499743168159305	1.88905039234473	-1.33375416870053	-1.33375416870053	1.47627755931041
TRINITY_DN160222_c11_g2	0.286989033734303	-0.88293596770801	-0.88293596770801	0.586429085996834	1.77538978339289	-0.88293596770801
TRINITY_DN179568_c9_g1	0.917575281213414	-0.778863739442339	-0.778863739442339	0.939662287019923	0.479353650093679	-0.778863739442339
TRINITY_DN180369_c0_g1	-0.812472176497277	-1.39935698934946	-1.39935698934946	3.65245011766384	1.35809302688183	-1.39935698934946
TRINITY_DN154191_c0_g2	1.82161987604153	-0.967692049603558	-0.967692049603558	0.612453434819822	0.469002837949318	-0.967692049603558
TRINITY_DN161059_c7_g1	-1.05776078056913	0.173671627878835	1.1112021034378	-1.05776078056913	-1.05776078056913	1.88840861039076
TRINITY_DN177830_c1_g1	-1.98170732394411	1.90484282338023	3.60406646458424	-1.98170732394411	-1.98170732394411	0.436212683867856
TRINITY_DN178079_c7_g5	1.13423145778007	-0.862518821069113	-0.862518821069113	0.189201295378214	1.26412371004905	-0.862518821069113
TRINITY_DN182274_c0_g1	-0.0243265400810274	-0.879518948040181	-0.879518948040181	1.30698160960431	1.35590177459726	-0.879518948040181
TRINITY_DN124134_c0_g1	2.71572276795993	-1.4596421458155	-1.4596421458155	-0.616462255558324	2.27966592504489	-1.4596421458155
TRINITY_DN157871_c6_g3	2.65598722808246	-1.65384378732509	-1.65384378732509	1.15988610715632	1.1456580267365	-1.65384378732509
TRINITY_DN165094_c2_g3	-0.755099135067861	0.706429424405016	0.656327110658604	-0.755099135067861	-0.755099135067861	0.902540870139963
TRINITY_DN188072_c3_g4	-0.515795739988809	-1.21978234385224	-1.21978234385224	1.58942628041885	2.58571649112668	-1.21978234385224
TRINITY_DN155876_c4_g1	2.01015254603664	-1.02353474183396	-1.02353474183396	1.23919907122015	-0.178747391754901	-1.02353474183396
TRINITY_DN186520_c0_g6	0.566800029242376	-0.995381327229491	-0.995381327229491	1.9930306984953	0.426313253950801	-0.995381327229491
TRINITY_DN161704_c9_g3	-0.803994821995378	0.621464482769978	0.654912084855489	-0.803994821995378	-0.803994821995378	1.13560789836067
TRINITY_DN192986_c3_g1	2.47725445110006	-1.15175238232712	-1.15175238232712	1.12831310403452	-0.150310408153214	-1.15175238232712
TRINITY_DN178551_c2_g3	1.58357233208024	-1.3885688681207	-1.3885688681207	0.832380136346078	1.74975413593578	-1.3885688681207
TRINITY_DN190527_c0_g1	1.6387183178311	-0.899502617533748	-2.63551035283492	2.13294725030638	1.71454873708654	-1.95120133485536
TRINITY_DN156660_c14_g1	0.781920578201579	-1.1467339916986	-1.1467339916986	1.7284562934612	0.929825103433009	-1.1467339916986
TRINITY_DN141422_c0_g1	-0.843117059346013	0.838557082446821	0.863523997963396	-0.843117059346013	-0.843117059346013	0.827270097627821
TRINITY_DN165094_c2_g6	2.85876772482943	-1.59494738012048	-1.59494738012048	-0.921390956130333	2.84746537166234	-1.59494738012048
TRINITY_DN184215_c11_g1	2.96382313662797	-2.72371351774853	-2.72371351774853	2.35762610970341	2.84969130691422	-2.72371351774853
TRINITY_DN180761_c9_g7	-2.14081009163181	2.1710767391416	2.25253233654772	-2.32857783867783	-2.32857783867783	2.37435669329815
TRINITY_DN148087_c1_g1	-0.112896236820944	-0.905335166885582	-0.905335166885582	1.615212801221	1.21368893625669	-0.905335166885582
TRINITY_DN197601_c4_g7	-1.61285278816769	-1.86017272314751	-1.86017272314751	2.40105718583954	4.79231377177066	-1.86017272314751
TRINITY_DN188604_c4_g3	-1.84679870128875	-1.17053129302286	3.14220402492244	-1.84679870128875	-1.84679870128875	3.56872337196666
TRINITY_DN160264_c7_g3	1.20917630868567	-0.8271511831321	-0.8271511831321	0.411024235445276	0.861253005265358	-0.8271511831321
TRINITY_DN180792_c0_g4	-1.20185909820045	1.42924518416543	1.33344738741197	-1.20185909820045	-1.20185909820045	0.842884723023948
TRINITY_DN155016_c1_g1	-1.69556698758154	2.34760250728257	-1.34960295723867	-1.69556698758154	-1.69556698758154	4.08870141270073
TRINITY_DN195380_c3_g1	1.93736702915962	-1.14448385990333	-1.14448385990333	0.655432343085686	0.840652207464682	-1.14448385990333
TRINITY_DN162442_c0_g1	-1.42463762404536	1.22129455223643	1.24098254002102	-1.42463762404536	-1.12363536801255	1.51063352384582
TRINITY_DN195129_c6_g1	2.65689985959709	-1.27468865340547	-1.27468865340547	0.204541907800863	0.793982157259625	-1.10604661784663
TRINITY_DN159634_c0_g1	0.952543460122768	-1.50031550459104	-1.3852822616448	1.57675654878273	1.47035412078805	-1.1140563634577
TRINITY_DN194663_c5_g5	1.63033354639114	-1.47030776958233	-1.47030776958233	1.16938746381725	1.61120229853859	-1.47030776958233
TRINITY_DN149220_c0_g1	0.937226233712514	-0.977720916767063	-0.977720916767063	0.815966919773684	1.17996959681499	-0.977720916767063
TRINITY_DN188105_c0_g1	-1.85037724976068	1.38672752309714	2.32402916876907	-1.85037724976068	-1.85037724976068	1.84037505741583
TRINITY_DN155268_c4_g3	3.60911922052997	-2.25266693926923	-2.37327846300459	-1.58466327805098	4.20264840167347	-1.60115894187864
TRINITY_DN150418_c4_g1	0.635293494230562	-0.873642167633834	-0.873642167633834	1.21957994290519	0.766053065765749	-0.873642167633834
TRINITY_DN110789_c0_g1	-0.985934993101378	1.95178603266042	0.806087394433763	-0.985934993101378	-0.985934993101378	0.199931552209956
TRINITY_DN171557_c0_g1	-0.919587511797988	0.0731809189709357	1.52348863956468	-0.919587511797988	-0.919587511797988	1.16209297685835
TRINITY_DN155812_c1_g2	-1.04068368699101	1.35355604791878	1.32220695567485	-1.04068368699101	-1.04068368699101	0.446288057379397
TRINITY_DN158884_c3_g1	0.101108060755209	-1.16432883529389	-1.03471609716342	1.23045966152472	2.03180604547127	-1.16432883529389
TRINITY_DN167514_c1_g1	-0.89436409705641	0.426986804368207	1.446482979994	-0.89436409705641	-0.89436409705641	0.80962250680702
TRINITY_DN174789_c9_g1	2.26316993191265	-0.979280141765049	-0.979280141765049	0.186149478659136	0.488521014723358	-0.979280141765049
TRINITY_DN195432_c2_g3	1.99389422559456	-1.21139846886494	-1.76344634711336	1.5500201690258	1.30194110402571	-1.87101068266777
TRINITY_DN187475_c6_g4	-1.0304241605835	-0.160158090187518	1.28456232488501	-1.0304241605835	-1.0304241605835	1.96686824705301
TRINITY_DN169523_c3_g4	0.999646779648741	-1.10737147023338	-1.10737147023338	0.809487294466375	1.51298033658502	-1.10737147023338
TRINITY_DN171561_c2_g3	-1.1678453883064	2.06135183769965	0.514532702988344	-1.20887265656646	-2.16546797215584	1.96630147634071
TRINITY_DN181531_c7_g1	-1.20707551869072	0.342504905513853	1.82303479809292	-1.36314122405501	-1.20426962793742	1.60894666707637
TRINITY_DN180010_c3_g1	-0.377474035056636	-1.03557124040801	-1.03557124040801	2.32661807754379	1.15756967873687	-1.03557124040801
TRINITY_DN173446_c6_g1	-0.0525007731641025	-1.01449445058436	-1.01449445058436	1.32492802376228	1.7710561011549	-1.01449445058436
TRINITY_DN171374_c6_g2	1.6476960660656	-1.6528950290731	-1.87596973703417	1.95137822545772	2.07838066628111	-2.14859019169716
TRINITY_DN170364_c2_g3	-1.47743828448159	1.52938050135579	1.28578537601931	-1.51868126671347	-1.51868126671347	1.69963494053344
TRINITY_DN175445_c9_g2	2.42375750169597	-1.3866856021492	-1.3866856021492	1.23390080830268	0.502398496448949	-1.3866856021492
TRINITY_DN156916_c2_g1	1.41063646194275	-0.817198164715071	-1.53786075032681	1.0076172471195	1.66633387863635	-1.72952867265671
TRINITY_DN158167_c6_g1	0.40300033806338	-1.25005967904118	-1.25005967904118	1.45237623518562	1.89480246387455	-1.25005967904118
TRINITY_DN191134_c1_g1	0.733611337640204	-1.1441329123088	-1.1441329123088	2.02161827170546	0.677169127580731	-1.1441329123088
TRINITY_DN158303_c0_g1	-1.2860051919794	0.790132241993689	1.14878259005276	-0.939587426981255	-1.03861304394532	1.32529083085952
TRINITY_DN170794_c4_g1	-1.81137222805099	2.60648028683491	1.84386509641127	-1.81137222805099	-1.81137222805099	0.983771300906773
TRINITY_DN181883_c3_g3	2.81029637993645	-1.38053606300676	-1.39611487275311	0.570210810427431	1.02419233693311	-1.62804859153712
TRINITY_DN196007_c3_g1	1.24401205395652	-0.98926248503441	-0.98926248503441	0.984899682762189	0.738875718384517	-0.98926248503441
TRINITY_DN179516_c4_g3	0.921955611916919	-0.915584022462485	-0.915584022462485	1.7570676068659	0.0677288486046359	-0.915584022462485
TRINITY_DN163690_c11_g6	-1.11220183938528	0.0808840926601295	1.3123157501935	-1.22373715004671	-1.25010854766684	2.1928476942452
TRINITY_DN168616_c1_g1	0.283036692591153	-1.03484619023826	-1.03484619023826	0.434518863466583	2.38698301465704	-1.03484619023826
TRINITY_DN159359_c5_g1	1.70644730466783	-1.43203953960697	-1.43203953960697	0.435066189895681	2.15460512425741	-1.43203953960697
TRINITY_DN174641_c4_g1	1.12070818798432	-0.853453979812279	-0.853453979812279	0.597559263131694	0.842094488320821	-0.853453979812279
TRINITY_DN169346_c0_g2	-0.979314497273908	1.84443486303436	0.639863718785161	-0.979314497273908	-0.979314497273908	0.453644910002198
TRINITY_DN176530_c6_g1	-1.25369861628892	0.453752008654771	2.42724214661228	-1.69518209587157	-1.69518209587157	1.76306865276501
TRINITY_DN141035_c1_g1	2.88539620835269	-2.01281214415603	-2.01281214415603	-0.0951894424297439	3.24822966654513	-2.01281214415603
TRINITY_DN161900_c1_g1	-1.62966512578067	3.42074950234946	-1.2814327065414	-1.62966512578067	-1.62966512578067	2.74967858153394
TRINITY_DN166994_c6_g5	0.365024498554842	-0.837236485007161	-0.837236485007161	1.18317681753703	0.963508138929616	-0.837236485007161
TRINITY_DN166386_c6_g1	0.399200113696785	-1.05918189045923	-1.05918189045923	1.15742817828321	1.62091737939769	-1.05918189045923
TRINITY_DN195740_c1_g1	0.159399942464152	-0.830465680402135	-0.830465680402135	1.02791324467994	1.30408385406232	-0.830465680402135
TRINITY_DN183385_c6_g1	0.47671355122988	-0.875479986515152	-0.875479986515152	1.30975226771501	0.839974140600566	-0.875479986515152
TRINITY_DN169109_c8_g1	-1.05053048894604	1.49864578972205	1.40364540423976	-1.05053048894604	-1.05053048894604	0.249300272876326
TRINITY_DN199610_c1_g3	-1.51475813383516	1.21316232072804	1.73483890222384	-1.51475813383516	-1.51475813383516	1.59627317855359
TRINITY_DN157713_c8_g1	0.881660401943019	-0.833606953147089	-1.29923733758592	0.974544268111572	1.65703758329417	-1.38039796261576
TRINITY_DN174881_c5_g1	0.22291322753003	-1.10304876864182	-1.10304876864182	2.04490911274528	1.04132396565016	-1.10304876864182
TRINITY_DN160018_c2_g1	-1.23433812311301	-0.550866230257784	1.75334655445375	-1.23433812311301	-1.23433812311301	2.50053404514307
TRINITY_DN161765_c0_g2	0.473942455977257	-0.780046810253529	-0.780046810253529	1.00654955163728	0.859648423146053	-0.780046810253529
TRINITY_DN168658_c8_g1	-1.65076304747026	1.25501348736707	1.48637930358991	-0.559016616991172	-1.68581667369771	1.15420354720216
TRINITY_DN171246_c9_g4	-1.36107073409631	0.970347863738506	2.2099992640714	-1.36107073409631	-1.36107073409631	0.902865074479017
TRINITY_DN186398_c4_g1	0.110946187553319	-0.906975720443944	-0.906975720443944	0.775597576903635	1.83438339687488	-0.906975720443944
TRINITY_DN196400_c2_g1	2.17337161545327	-1.8734686387497	-1.8734686387497	1.68173399512859	1.76530030566725	-1.8734686387497
TRINITY_DN174652_c7_g2	0.976848259772003	-1.08699978361005	-1.08699978361005	1.47004263165367	0.814108459404465	-1.08699978361005
TRINITY_DN158116_c0_g1	0.591306904665832	-1.02646174113857	-1.02646174113857	2.03945517693965	0.448623141810217	-1.02646174113857
TRINITY_DN190481_c7_g4	-1.0065834722339	1.68070121968394	-0.0505268198214971	-1.0065834722339	-1.0065834722339	1.38957601683925
TRINITY_DN173939_c2_g4	0.675324071446676	-0.84220359889059	-0.84220359889059	1.31386936205998	0.537417363165118	-0.84220359889059
TRINITY_DN186855_c7_g1	0.910516872450443	-0.899720558140282	-0.899720558140282	0.972911232994968	0.815733568975436	-0.899720558140282
TRINITY_DN159951_c2_g2	1.42812429108948	-0.810968191852425	-0.810968191852425	0.714098400225786	0.290681884242009	-0.810968191852425
TRINITY_DN173325_c0_g1	1.91398800761587	-1.79530262810749	-1.73594735049106	1.68780371685969	1.64205829290022	-1.71260003877724
TRINITY_DN184152_c0_g1	-0.953572639815626	0.718173627047596	1.78519519698457	-0.953572639815626	-0.953572639815626	0.357349095414717
TRINITY_DN157292_c5_g1	-1.29463240852284	0.363921852128053	1.52094302033973	-1.29463240852284	-1.29463240852284	1.99903235310075
TRINITY_DN157715_c11_g1	-1.49357200476389	2.15374250478325	1.2001937074539	-1.49357200476389	-1.49357200476389	1.12677980205451
TRINITY_DN178861_c3_g1	-1.74528290553973	1.77639604606347	2.13108669443305	-1.74528290553973	-1.74528290553973	1.32836597612268
TRINITY_DN189151_c2_g5	-0.35735393670411	-1.19731352419364	-1.19731352419364	3.97028526083821	-0.0209907515531791	-1.19731352419364
TRINITY_DN182653_c6_g2	0.682524955928066	-1.27653157919225	-1.27515605545142	1.23358506989679	1.58295135880004	-0.947373749981233
TRINITY_DN155115_c5_g1	4.51646699676141	-2.66791373658071	-2.72842072749755	-2.51216667499977	6.13184962441428	-2.73981548209766
TRINITY_DN198914_c3_g3	1.24188779907953	-1.44539689283831	-1.44539689283831	-0.552423077564975	3.64672595700037	-1.44539689283831
TRINITY_DN174975_c2_g1	-2.20862260800433	1.96698183011502	2.05177948502146	-2.20862260800433	-2.20862260800433	2.60710650887652
TRINITY_DN189745_c2_g1	1.26553363995745	-0.941734533154577	-0.941734533154577	0.45771003143488	1.1019599280714	-0.941734533154577
TRINITY_DN175569_c2_g1	1.00638039808417	-1.178851856146	-1.178851856146	1.3676105020211	1.16256466833273	-1.178851856146
TRINITY_DN180010_c3_g2	0.327188706967578	-1.04363077243926	-1.00720736418938	1.97654948135144	0.708420367264142	-0.961320418954519
TRINITY_DN165791_c8_g2	-1.0960750073267	-1.43521239224629	-1.43521239224629	2.65343806185247	2.7482741222131	-1.43521239224629
TRINITY_DN155309_c0_g1	-0.788501853978469	0.589454779831645	1.17719009524624	-0.788501853978469	-0.788501853978469	0.598860686857527
TRINITY_DN165171_c13_g1	0.374609369866112	-0.881193466736605	-0.881193466736605	1.21169049894188	1.05728053140183	-0.881193466736605
TRINITY_DN186111_c1_g2	-0.841874160241072	0.470791013317322	0.932122164870101	-0.841874160241072	-0.841874160241072	1.12270930253579
TRINITY_DN181541_c1_g3	-0.991627585391759	1.34236853280469	1.21000627577789	-0.991627585391759	-0.991627585391759	0.422507947592692
TRINITY_DN187750_c3_g3	0.232628434098212	-0.941138633638495	-0.941138633638495	2.24504495266761	0.345742514149666	-0.941138633638495
TRINITY_DN162385_c3_g4	-1.27896674871081	2.22730512412946	1.1841325186373	-1.27896674871081	-1.27896674871081	0.425462603365669
TRINITY_DN177939_c5_g1	0.562551192829562	-1.16122577679388	-1.16122577679388	0.576460984615984	2.34466515293608	-1.16122577679388
TRINITY_DN167841_c2_g1	-1.70709572442146	1.4984914753446	1.08300011997365	-1.61070317856453	-0.889238677938509	1.62554598560625
TRINITY_DN168128_c0_g1	0.953393572803085	-1.09309748739095	-1.09309748739095	2.68174227243638	-0.355843383066619	-1.09309748739095
TRINITY_DN188315_c2_g4	0.610988918451076	-0.858376135253768	-0.858376135253768	1.7364112513207	0.227728235989523	-0.858376135253768
TRINITY_DN162667_c9_g1	-1.44333878755386	1.92095348258151	1.61912835594684	-1.20210875203842	-1.44333878755386	0.548704488617794
TRINITY_DN199971_c2_g3	-0.893313181812045	0.703063416418601	1.47078729435818	-1.35615700687731	-1.32604292605105	1.40166240396362
TRINITY_DN184982_c4_g3	-1.1999415273751	1.53536401277997	1.08457260586914	-1.1999415273751	-1.1999415273751	0.979887963476199
TRINITY_DN197087_c4_g3	-1.08427166862834	0.839067703003814	1.09109324514709	-1.08427166862834	-0.961267714573516	1.19965010367928
TRINITY_DN199149_c3_g2	2.02776755031393	-1.64861270515299	-1.64861270515299	0.404150952056572	2.51391961308847	-1.64861270515299
TRINITY_DN176440_c2_g3	0.656410757479581	-0.88708512594619	-0.88708512594619	0.403928975471112	1.60091564488788	-0.88708512594619
TRINITY_DN197601_c4_g3	-0.507241922086812	-1.03831141481277	-1.03831141481277	1.0127125882117	2.60946357831341	-1.03831141481277
TRINITY_DN198636_c6_g1	1.69107376041679	-0.984516379215637	-0.984516379215637	0.422020290989535	0.840455086240589	-0.984516379215637
TRINITY_DN174036_c0_g3	0.56290377375934	-0.808376280263314	-0.808376280263314	0.672405844140666	1.18981922288994	-0.808376280263314
TRINITY_DN185678_c6_g3	1.33629906653976	-1.53021332754803	-1.53021332754803	1.182382452899	2.07195846320534	-1.53021332754803
TRINITY_DN180212_c4_g2	-0.442419473435344	-1.01579399988129	-1.01579399988129	2.38159826926859	1.10820320381062	-1.01579399988129
TRINITY_DN156297_c4_g1	-1.14273029322738	0.764544969772004	1.25917317838058	-1.14273029322738	-1.14273029322738	1.40447273152955
TRINITY_DN143075_c1_g1	-3.03029083370855	3.22754954821017	2.07333269012216	-3.03029083370855	-3.03029083370855	3.78999026279332
TRINITY_DN196553_c3_g2	-0.911874627470006	0.435791028830964	1.95047757206201	-0.911874627470006	-0.911874627470006	0.34935528151704
TRINITY_DN172509_c0_g1	-2.0466414114761	2.02780118429745	0.938450689026674	-1.00551057114048	-1.01408955602927	1.09998966532173
TRINITY_DN199713_c6_g1	1.55291001341411	-2.01740225236811	-1.59695125690291	0.617531592552735	3.46131415567229	-2.01740225236811
TRINITY_DN165109_c7_g3	1.25155285412475	-0.852112628640948	-0.852112628640948	0.980574887798583	0.324210143999514	-0.852112628640948
TRINITY_DN192303_c0_g1	1.01422491184325	-0.88068983610665	-0.88068983610665	0.886541200917226	0.741303395559473	-0.88068983610665
TRINITY_DN175391_c7_g3	-1.17344701211074	-0.249727333361354	1.31532504718911	-1.17344701211074	-1.17344701211074	2.45474332250447
TRINITY_DN161602_c1_g2	-1.35363514881754	1.10946411853057	0.754052720496837	-1.35363514881754	-1.35363514881754	2.19738860742521
TRINITY_DN162951_c9_g1	0.0156003650291034	-1.46052205485105	-1.46052205485105	0.134981605651693	4.23098419387235	-1.46052205485105
TRINITY_DN183318_c1_g1	0.453181576099539	-0.780706484074738	-0.780706484074738	0.636133257838091	1.25280461828658	-0.780706484074738
TRINITY_DN163006_c5_g1	-1.34892860126364	1.13395154379625	1.16287675272989	-0.575557360668697	-1.73458229376139	1.36223995916758
TRINITY_DN164937_c4_g1	-1.35209191545475	2.42727287720498	1.12351182922985	-1.35209191545475	-1.35209191545475	0.505491039929402
TRINITY_DN182041_c1_g2	-0.938168212149959	0.743505929642874	0.389519152026088	-0.938168212149959	-0.938168212149959	1.68147955478092
TRINITY_DN189733_c0_g1	-0.808367729806347	0.403890314396388	0.954193700242543	-0.808367729806347	-0.808367729806347	1.06701917478011
TRINITY_DN155147_c2_g1	-2.75770700966404	4.57573174659351	2.67027269494574	-1.6789511774789	-2.12935191342951	-0.679994340966788
TRINITY_DN162303_c4_g2	0.683018117816026	-0.820330617351478	-0.820330617351478	0.77374013950006	1.00423359473835	-0.820330617351478
TRINITY_DN181533_c5_g4	0.373983814466703	-1.62889869406642	-1.62889869406642	0.381523111420093	4.13118915631246	-1.62889869406642
TRINITY_DN176530_c2_g1	-2.35057726747688	1.88193000295325	2.35069453472509	-2.35057726747688	-2.35057726747688	2.8191072647523
TRINITY_DN163649_c12_g1	0.771490584630722	-0.882944956214677	-0.882944956214677	0.629029025567124	1.24831525844619	-0.882944956214677
TRINITY_DN194261_c2_g1	-1.26521582043813	0.647091936900931	1.46539648827763	-1.06957102895851	-1.37758234351069	1.59988076772877
TRINITY_DN181678_c8_g4	1.39281376377393	-1.3648495899869	-1.25917151209236	1.59046321345781	1.00559371483441	-1.3648495899869
TRINITY_DN193596_c2_g1	-1.11635252856777	1.80913062129686	2.17086953543266	-1.82408159736191	-2.99386852204278	1.95430249124294
TRINITY_DN156612_c4_g1	-0.988652204165615	1.8430223970874	-0.449617501194861	-0.988652204165615	-0.988652204165615	1.57255171660431
TRINITY_DN156506_c5_g3	2.84279765828532	-1.6183379568733	-1.6183379568733	1.71064208053056	0.301574131804012	-1.6183379568733
TRINITY_DN174968_c2_g1	-1.66933579977601	1.24369720017614	1.89796625772952	-1.66933579977601	-1.66933579977601	1.86634394142236
TRINITY_DN161820_c6_g2	1.418519606685	-0.926024867269715	-0.926024867269715	0.357304300781927	1.00225069434222	-0.926024867269715
TRINITY_DN184459_c7_g1	0.619181478969921	-1.44190344163139	-1.19094186809817	0.884633906508565	2.57093336588246	-1.44190344163139
TRINITY_DN182671_c5_g1	-1.2658704616628	1.26915247712078	1.29996512010452	-1.07305574470076	-0.988879465079286	0.758688074217546
TRINITY_DN158884_c3_g4	0.443996958228896	-1.11916117217391	-1.11916117217391	1.57794540230306	1.33554115598978	-1.11916117217391
TRINITY_DN178661_c5_g2	-1.69577666866048	1.15582366430409	1.45674962888364	-1.1022521544359	-1.20774528328321	1.39320081319186
TRINITY_DN170364_c2_g2	-0.892666809993444	0.302050652900156	1.03105286875594	-0.892666809993444	-0.892666809993444	1.34489690832423
TRINITY_DN156544_c1_g1	1.36333988941384	-1.26846286551029	-1.26846286551029	0.551205317986163	1.89084338913088	-1.26846286551029
TRINITY_DN147243_c2_g1	1.22776451814125	-0.997510411728317	-0.997510411728317	0.580220519761764	1.18454619728193	-0.997510411728317
TRINITY_DN161271_c1_g1	3.71865113847301	-1.36613599399922	-1.36613599399922	1.07959070935077	-0.699833865826123	-1.36613599399922
TRINITY_DN160198_c10_g1	2.09375158793321	-0.954484597719636	-0.954484597719636	-0.245193961996278	1.01489616722197	-0.954484597719636
TRINITY_DN179270_c1_g1	-1.14381586992637	2.11651094354393	0.732357244511091	-1.14381586992637	-1.14381586992637	0.582579421724083
TRINITY_DN178140_c1_g3	-0.782202868506056	0.370305079858847	0.951151472107772	-0.782202868506056	-0.782202868506056	1.02515205355155
TRINITY_DN197089_c3_g1	-1.73603218703732	1.55099677029361	2.01060305341419	-1.73603218703732	-1.73603218703732	1.64649673740416
TRINITY_DN169449_c5_g1	0.373450635514313	-1.31763680543758	-1.31763680543758	1.87171336475809	1.70774641604034	-1.31763680543758
TRINITY_DN183000_c1_g2	-0.986396048353543	-0.00820041867189147	1.867000845944	-0.986396048353543	-0.986396048353543	1.10038771778852
TRINITY_DN194787_c3_g1	-0.281006148835487	-1.01912543761806	-1.01912543761806	0.714228902995763	2.62415355869392	-1.01912543761806
TRINITY_DN156514_c8_g2	1.07192771597666	-0.781269538793698	-0.781269538793698	0.395053233846764	0.876827666557673	-0.781269538793698
TRINITY_DN196055_c8_g1	-1.41747061876586	1.41110373317963	1.15757641309021	-1.4488658150414	-1.42596541293132	1.72362170046874
TRINITY_DN178336_c2_g1	0.504227277500877	-0.809599018889521	-0.809599018889521	0.387637336029186	1.5369324431385	-0.809599018889521
TRINITY_DN177599_c1_g3	0.577974858099995	-0.897628886584604	-0.897628886584604	1.30369131113324	0.811220490520575	-0.897628886584604
TRINITY_DN149293_c0_g1	1.00164175987932	-1.46354912804667	-1.46354912804667	1.20593124383076	2.18307438042992	-1.46354912804667
TRINITY_DN171745_c0_g1	-1.02420184482537	-0.0733602072762257	1.74175716122038	-1.02420184482537	-1.02420184482537	1.40420858053197
TRINITY_DN153827_c7_g1	-0.661079323575471	-1.2040802009779	-1.2040802009779	2.51115425426212	1.76216567224704	-1.2040802009779
TRINITY_DN194214_c1_g1	-1.1304746819426	1.22482355140536	1.38251065287108	-1.1304746819426	-1.1304746819426	0.784089841551345
TRINITY_DN147884_c0_g1	1.70047960565403	-1.74352083418958	-1.88662434572139	-1.03192815657352	4.79519969425236	-1.8336059634219
TRINITY_DN158919_c1_g1	2.25391640957955	-1.82204400366385	-1.82204400366385	-0.201926838635169	3.41414244004718	-1.82204400366385
TRINITY_DN168560_c3_g1	0.572357679640856	-0.761066054084336	-0.761066054084336	1.05614787017399	0.654692612438162	-0.761066054084336
TRINITY_DN154868_c5_g1	-1.21649137215798	1.1396524380673	0.551587062858478	-1.21649137215798	-1.21649137215798	1.95823461554816
TRINITY_DN162726_c1_g1	0.764297052549366	-0.806651552623962	-0.806651552623962	0.756994716860102	0.898662888462417	-0.806651552623962
TRINITY_DN177406_c3_g2	0.584340056723906	-0.90674339699435	-0.90674339699435	0.572487164211986	1.56340297004716	-0.90674339699435
TRINITY_DN188585_c4_g1	1.61219628904911	-1.29009985241695	-1.64511611663649	2.52496917534994	0.209278561116606	-1.41122805646222
TRINITY_DN143628_c2_g1	-0.847466745590928	1.12999636564854	0.16259693775377	-0.847466745590928	-0.847466745590928	1.24980693337047
TRINITY_DN190286_c2_g6	-1.0157666165232	1.7777131440035	0.532176694767155	-1.0157666165232	-1.0157666165232	0.737410010798928
TRINITY_DN171713_c0_g2	0.35426613293205	-1.03917088901374	-1.73374238100941	1.50309845197004	2.84253544716177	-1.92698676204071
TRINITY_DN180100_c1_g1	0.988388030248147	-1.13196391011708	-1.13196391011708	1.69950802273062	0.707995677372457	-1.13196391011708
TRINITY_DN161933_c4_g5	-1.45494452922543	1.478313350653	1.17367355287475	-1.5406351467775	-0.648689222343692	0.992281994818879
TRINITY_DN191474_c0_g4	0.987800850083911	-0.756790836458473	-0.756790836458473	0.641559533887492	0.641012125404017	-0.756790836458473
TRINITY_DN183145_c2_g1	0.229038246768611	-1.04835145204225	-1.04835145204225	0.768862472216074	2.14715363714207	-1.04835145204225
TRINITY_DN159476_c1_g1	-1.35064167557137	1.17141407358959	1.82775427882546	-1.35064167557137	-1.02755988606764	0.72967488479534
TRINITY_DN169576_c3_g1	-0.861269415038286	1.18905813852014	0.764936067914751	-0.861269415038286	-0.861269415038286	0.62981403867997
TRINITY_DN190732_c5_g2	2.99960670693428	-1.87396044468747	-1.87396044468747	1.26403482310207	1.35823980402605	-1.87396044468747
TRINITY_DN182332_c1_g1	-1.39478845989614	1.05173246039704	0.970624132594797	-1.39478845989614	-1.39478845989614	2.1620087866966
TRINITY_DN170361_c1_g1	2.22177438128738	-1.12162173277162	-1.63020884486109	-0.113326954039898	1.99467797574639	-1.35129482536116
TRINITY_DN169689_c7_g1	1.32097829767628	-1.45533628743994	-1.45533628743994	0.942466674422548	2.102563890221	-1.45533628743994
TRINITY_DN195128_c10_g6	1.20969367381587	-1.25157293467292	-1.25157293467292	1.02492373096744	1.52010139923545	-1.25157293467292
TRINITY_DN192161_c3_g6	0.582156442930304	-0.943912368737284	-0.943912368737284	0.974092149860591	1.27548851342096	-0.943912368737284
TRINITY_DN177884_c0_g1	1.18979879744838	-0.928228625142414	-0.928228625142414	0.455821181652746	1.13906589632612	-0.928228625142414
TRINITY_DN165568_c11_g1	2.73561336240521	-2.2487481280435	-2.2487481280435	2.59216823728793	1.41846278443737	-2.2487481280435
TRINITY_DN177255_c12_g1	1.1921713514054	-2.26266255549347	-2.26266255549347	1.82361169447135	3.06556356329426	-1.55602149818406
TRINITY_DN198416_c2_g5	1.17097876547292	-2.03971917812496	-2.29068075165818	1.09198650108686	4.35811541488155	-2.29068075165818
TRINITY_DN180084_c0_g2	1.41824965885947	-1.2369336404566	-1.5273580443219	1.57966020556022	1.29373986468071	-1.5273580443219
TRINITY_DN195874_c0_g1	1.35407855901574	-1.02221182432131	-1.02221182432131	-0.154315360328655	1.86687227427684	-1.02221182432131
TRINITY_DN168774_c0_g1	-2.53329700227568	2.28408759107078	2.73008056946981	-2.47020332469283	-2.52630379885472	2.51563596528264
TRINITY_DN177798_c2_g6	0.192452415889869	-0.797413206976417	-0.797413206976417	1.06136353833178	1.13842366670761	-0.797413206976417
TRINITY_DN144079_c2_g1	-1.0389986203489	-0.0948898212409479	1.14940230425431	-1.0389986203489	-1.0389986203489	2.06248337803335
TRINITY_DN191460_c6_g6	1.33593619612827	-1.2593034820871	-1.83140282590207	0.595026500584968	2.91580690407978	-1.75606329280383
TRINITY_DN170726_c7_g1	0.417471025682954	-0.839539592523069	-0.839539592523069	1.20170338970881	0.899444362177442	-0.839539592523069
TRINITY_DN199813_c1_g1	0.710651560438601	-0.979094878054955	-0.979094878054955	-0.142362797595819	2.36899587132208	-0.979094878054955
TRINITY_DN248498_c0_g1	1.19479695112772	-0.866287969473584	-0.866287969473584	1.02668584579975	0.377381111493279	-0.866287969473584
TRINITY_DN160713_c10_g1	-1.69059199393052	0.661318967172553	2.19858947550699	-1.69059199393052	-1.69059199393052	2.21186753911203
TRINITY_DN154105_c1_g1	2.61466077149947	-1.47641841515911	-1.55955965045936	0.138160566328145	1.80914820402705	-1.5259914762362
TRINITY_DN189425_c1_g1	1.04830900091444	-1.10354981581257	-1.10354981581257	1.21143666965595	1.05090377686731	-1.10354981581257
TRINITY_DN172854_c4_g1	2.15108156004828	-1.21040609209479	-1.21040609209479	0.0699563978789908	1.41018031835709	-1.21040609209479
TRINITY_DN176623_c6_g4	2.10446965577083	-1.03286991604519	-1.03286991604519	-0.498808313624076	1.49294840598883	-1.03286991604519
TRINITY_DN181094_c10_g2	-1.28788423271775	1.79704000728351	1.44433762946172	-1.60346460024502	-2.31716041508838	1.96713161130593
TRINITY_DN167279_c7_g2	0.373433397222212	-0.893802744590198	-0.893802744590198	1.69284191927418	0.615132917274197	-0.893802744590198
TRINITY_DN189336_c4_g2	1.12353780546182	-1.1529507485445	-1.00567147103278	1.16181399974468	0.999320279721807	-1.12604986535104
TRINITY_DN162835_c0_g2	3.4580343412803	-2.24766715556549	-2.24766715556549	4.56842050303472	-1.28345337761855	-2.24766715556549
TRINITY_DN172646_c2_g1	1.12584470544293	-1.68867833400086	-1.08598772815931	2.07985942406447	0.611901668041795	-1.04293973538903
TRINITY_DN195684_c0_g1	-1.28661965265847	1.36460429033141	0.551323589232557	-1.04538961714302	-1.28661965265847	1.702701042896
TRINITY_DN157590_c5_g1	1.53101533658833	-2.03604328971086	-1.88158969703099	-1.32146805085924	5.74412899072363	-2.03604328971086
TRINITY_DN155085_c5_g1	0.915059679765648	-0.912759344851672	-0.912759344851672	1.75558674357957	0.0676316112097999	-0.912759344851672
TRINITY_DN198032_c3_g4	0.901202633663553	-1.58859716925297	-1.58859716925297	-0.226828809833817	4.09141768392917	-1.58859716925297
TRINITY_DN156445_c3_g2	-0.867136743570486	0.482228534023727	1.08482398521064	-0.867136743570486	-0.867136743570486	1.03435771147709
TRINITY_DN157912_c1_g1	3.59041271307074	-1.69290205454773	-2.13149784330755	-0.2257023911975	2.4740870683316	-2.01439749234956
TRINITY_DN193662_c4_g2	-1.05047897727808	1.40448026686072	1.03960300136831	-1.55325042464652	-1.30023745132391	1.45988358501948
TRINITY_DN161110_c12_g1	-0.893569449121889	0.219464216178003	0.654373862168461	-0.893569449121889	-0.893569449121889	1.8068702690192
TRINITY_DN165122_c3_g1	-2.15155213887044	1.85375801450362	2.30446543693735	-2.15155213887044	-1.74664901672531	1.89152984302522
TRINITY_DN183288_c4_g1	0.178854532594216	-0.81101109027207	-0.81101109027207	1.35987538740769	0.894303350814308	-0.81101109027207
TRINITY_DN155812_c2_g3	-1.27536977795218	1.54878706577665	1.26936287798044	-1.27536977795218	-1.27536977795218	1.00795939009946
TRINITY_DN179029_c7_g2	0.808926043426107	-0.91659700210292	-0.91659700210292	0.678906658399822	1.26195830448283	-0.91659700210292
TRINITY_DN193180_c12_g1	0.134307297342297	-1.21675560159809	-1.21675560159809	4.06096884218683	-0.545009334734866	-1.21675560159809
TRINITY_DN174533_c2_g1	-1.09002360621367	1.30311797827896	0.733318155549474	-1.09002360621367	-1.09002360621367	1.23363468481258
TRINITY_DN165719_c3_g2	-1.95404456271731	1.96023292392701	2.39206134647122	-1.95404456271731	-1.95404456271731	1.5098394177537
TRINITY_DN180273_c6_g4	-1.23057510315006	1.19971016982773	0.399364306289485	-1.23057510315006	-1.23057510315006	2.09265083333295
TRINITY_DN161040_c6_g1	-1.51194688597597	1.75828302126203	2.42200337171945	-1.51194688597597	-1.51194688597597	0.355554264946425
TRINITY_DN188068_c1_g2	0.563825700686285	-0.801866836511248	-0.801866836511248	0.760802989591455	1.080971819256	-0.801866836511248
TRINITY_DN169315_c3_g1	2.93820104217149	-2.2498437542502	-2.2498437542502	1.66672842974193	2.14460179083719	-2.2498437542502
TRINITY_DN198025_c5_g1	-0.654203139719758	-1.1892607346146	-1.1892607346146	1.12340443894379	3.09858090461977	-1.1892607346146
TRINITY_DN152270_c4_g1	-1.2072152391824	0.992535617533434	1.29307693755176	-1.2072152391824	-1.2072152391824	1.33603316246201
TRINITY_DN167223_c11_g1	2.49062759933824	-2.49812453167957	-2.47025135394815	-1.79909742017331	6.29532365744046	-2.01847795097765
TRINITY_DN188494_c2_g1	1.94536296453446	-1.35695608641438	-1.35695608641438	2.29976908360687	-0.174263788898188	-1.35695608641438
TRINITY_DN159769_c5_g1	3.12129596763863	-2.09595779869493	-2.52463620864316	1.83383038579569	2.19010386254693	-2.52463620864316
TRINITY_DN159980_c2_g2	3.08945647165365	-1.38562841129513	-1.38562841129513	1.73936135868353	-0.671932596451775	-1.38562841129513
TRINITY_DN195093_c0_g2	-1.34545889278213	1.16017801898064	1.44113746910867	-1.34545889278213	-1.34545889278213	1.43506119025708
TRINITY_DN174168_c2_g2	2.19999147000541	-1.51864414626593	-1.51864414626593	1.219691357585	1.13624961120739	-1.51864414626593
TRINITY_DN157150_c10_g2	-1.8600462898909	2.01612682454656	1.59715398447271	-1.8600462898909	-1.8600462898909	1.96685806065344
TRINITY_DN194931_c1_g1	1.40776791761804	-0.878817565645896	-0.878817565645896	0.291107435796417	0.937577343523226	-0.878817565645896
TRINITY_DN169844_c4_g1	0.814441400617516	-1.68406478857116	-1.68406478857116	1.40441606639251	2.83333689870346	-1.68406478857116
TRINITY_DN178777_c6_g2	3.35381412188075	-1.78667825648452	-1.78667825648452	-1.04337872859627	3.04959937616909	-1.78667825648452
TRINITY_DN193675_c1_g4	-0.808919946341862	0.821485525140461	0.754726323142202	-0.808919946341862	-0.808919946341862	0.850547990742924
TRINITY_DN198424_c4_g4	-1.07204935013402	-0.276282402351627	1.99937010635587	-1.07204935013402	-1.07204935013402	1.49306034639782
TRINITY_DN164309_c5_g1	-0.0731460858063733	-1.09106799380364	-1.09106799380364	1.5770511308828	1.76929893633448	-1.09106799380364
TRINITY_DN168854_c5_g3	-0.623295448856902	-1.30676734171213	-1.30676734171213	0.773549218654586	3.7700482553387	-1.30676734171213
TRINITY_DN161471_c7_g2	2.8188297414563	-2.59675993383468	-2.16380052655858	2.85771210266245	1.68077855010918	-2.59675993383468
TRINITY_DN160758_c5_g2	1.41993612796045	-0.940989945724418	-0.940989945724418	1.2157302539274	0.1873034552854	-0.940989945724418
TRINITY_DN186240_c3_g1	1.79483579731236	-1.38451600630731	-1.12148160047351	1.68484245691652	0.410835358859252	-1.38451600630731
TRINITY_DN146684_c0_g1	0.917770301877416	-0.799878706295899	-0.799878706295899	0.424161567922031	1.05770424908825	-0.799878706295899
TRINITY_DN183842_c3_g2	2.63108031527481	-1.98850890599516	-2.32078718905209	0.38054006836085	3.61846290046368	-2.32078718905209
TRINITY_DN180902_c9_g2	2.69862947497879	-1.73426313931409	-1.73426313931409	0.595721510444331	1.90843843251914	-1.73426313931409
TRINITY_DN199174_c3_g1	1.40715134191443	-0.977727361795739	-0.977727361795739	0.660578215011353	0.865452528461435	-0.977727361795739
TRINITY_DN161495_c0_g2	-3.43344047747659	3.53602167815964	2.86306815195857	-3.05854657608499	-3.53777713729132	3.63067436073469
TRINITY_DN194715_c5_g1	0.881387909337454	-0.983343012977297	-0.837991627404677	0.685683752532334	1.23760599148948	-0.983343012977297
TRINITY_DN156516_c3_g2	-2.97650425339788	2.4961134847368	2.55995279358156	-2.339589673042	-2.97650425339788	3.23653190151941
TRINITY_DN167396_c2_g4	-0.194465569320564	-0.9412082850983	-0.9412082850983	1.11190305136126	1.9061873732542	-0.9412082850983
TRINITY_DN182160_c7_g1	0.752980923527531	-0.994621306747412	-0.994621306747412	1.86037171000959	0.370511286705118	-0.994621306747412
TRINITY_DN169101_c1_g1	1.68916275967335	-0.910155034024872	-0.910155034024872	0.514229637513224	0.527072704888038	-0.910155034024872
TRINITY_DN180873_c3_g1	-1.19551921434021	1.51509438804247	1.75046297165726	-1.19551921434021	-1.19551921434021	0.32100028332089
TRINITY_DN172479_c9_g1	1.03297279167842	-0.972067825022112	-0.972067825022112	0.699225547459464	1.18400513592846	-0.972067825022112
TRINITY_DN176007_c1_g6	-2.55953247911949	3.34715735645797	1.96844494523227	-2.1681075370626	-2.66788965720991	2.07992737170176
TRINITY_DN198090_c0_g1	0.584333537059177	-0.881379782536787	-0.881379782536787	1.34759278722337	0.712213023327809	-0.881379782536787
TRINITY_DN180388_c6_g3	2.19180444670474	-2.19755585766814	-2.06662498784169	1.72891805358793	2.44745402672296	-2.1039956815058
TRINITY_DN165967_c1_g2	-1.70913802074357	2.84820220695025	2.88204698965464	-1.49757262989148	-1.69571750498125	-0.827821040988594
TRINITY_DN196408_c2_g6	0.31199806537424	-0.847631120446987	-0.847631120446987	1.33092418613877	0.899971109827956	-0.847631120446987
TRINITY_DN194184_c1_g3	0.431652495433165	-0.913176001564276	-0.913176001564276	1.15892979891614	1.14894571034352	-0.913176001564276
TRINITY_DN171392_c5_g1	-1.4160483521392	1.82746840923286	1.26044474170258	-1.4160483521392	-1.4160483521392	1.16023190548216
TRINITY_DN160775_c2_g2	3.14803092768278	-1.22582605219882	-1.22582605219882	-0.673940948727093	1.20338817764077	-1.22582605219882
TRINITY_DN181359_c1_g2	0.505634003336934	-0.800044739905354	-0.800044739905354	0.455758096697364	1.43874211968176	-0.800044739905354
TRINITY_DN168780_c0_g3	3.25345878833337	-2.19226791501662	-2.09735626799115	0.415121585007783	2.81331172468323	-2.19226791501662
TRINITY_DN159944_c2_g1	1.12774218973683	-0.875140318796294	-0.875140318796294	1.38368007808012	0.113998688571939	-0.875140318796294
TRINITY_DN188687_c5_g3	0.726507834380911	-0.88182831596675	-0.88182831596675	1.33509210989013	0.583885003629214	-0.88182831596675
TRINITY_DN163625_c2_g3	-1.94526545407068	4.39675586212382	2.48126768404599	-1.94526545407068	-1.94526545407068	-1.04222718395777
TRINITY_DN170705_c10_g1	1.94718002767162	-1.64736852187873	-1.64736852187873	1.27730148629102	1.71762405167357	-1.64736852187873
TRINITY_DN173691_c2_g4	-1.59746589291407	1.53520052804812	2.11522794444754	-0.812941178479884	-1.9870184206382	0.746997019536486
TRINITY_DN166732_c7_g2	1.17778216143343	-0.997582752341994	-0.997582752341994	0.481130250099728	1.33383584549282	-0.997582752341994
TRINITY_DN158889_c8_g1	-0.782074936397898	1.03881881283067	0.635305039575125	-0.782074936397898	-0.782074936397898	0.672100956787904
TRINITY_DN185260_c4_g1	-0.757422330586247	0.742359789561065	0.470934623614802	-0.757422330586247	-0.757422330586247	1.05897257858287
TRINITY_DN196649_c3_g1	4.82475192235693	-2.62238917584548	-2.29240452608706	4.55176753000206	-2.25725658239295	-2.20446916803351
TRINITY_DN190141_c7_g1	3.03421611001121	-2.58507950809381	-2.50237691876356	1.79114140635959	2.8471784185804	-2.58507950809381
TRINITY_DN178806_c1_g2	0.858333911867207	-1.71230711053261	-0.976791461253167	1.34722409291086	1.59622620211412	-1.11268563510641
TRINITY_DN158790_c3_g1	1.4997104130467	-1.10198610343426	-1.10198610343426	0.671588319337052	1.13465957791901	-1.10198610343426
TRINITY_DN179353_c2_g1	1.50746140111115	-1.69477905597383	-1.50401371124965	0.739054736047621	2.05923353117814	-1.10695690111343
TRINITY_DN198309_c7_g1	1.17051508824519	-1.13982503236696	-1.13982503236696	1.09130012551209	1.15765988334361	-1.13982503236696
TRINITY_DN162278_c6_g1	1.53346628897685	-0.982801055394972	-0.982801055394972	-0.28236133725388	1.69729821446194	-0.982801055394972
TRINITY_DN167901_c3_g1	2.41215957006475	-1.73392536855144	-1.51483431030525	1.06474731040636	1.50577816693703	-1.73392536855144
TRINITY_DN185706_c2_g3	1.14230935882594	-0.867754324518757	-0.867754324518757	0.663315168207197	0.797638446523134	-0.867754324518757
TRINITY_DN199369_c1_g1	0.489686353789391	-1.29666020844689	-1.43641948175005	1.48157871642049	2.82398663363618	-2.06217201364912
TRINITY_DN172264_c6_g5	0.48033007287561	-0.870732826064776	-0.870732826064776	0.637188638892552	1.49467976642617	-0.870732826064776
TRINITY_DN175824_c9_g1	-1.18797839934265	0.688194715094813	1.21692472280248	-1.18797839934265	-1.18797839934265	1.65881576013065
TRINITY_DN163778_c0_g7	1.41566410719634	-1.0697627199739	-1.0697627199739	-0.208204300401875	2.00182835312725	-1.0697627199739
TRINITY_DN194368_c3_g4	1.58740443989015	-1.0573747793728	-1.0573747793728	0.241283536191712	1.34343636203655	-1.0573747793728
TRINITY_DN166709_c4_g1	0.179143683795308	-0.860696580736483	-0.860696580736483	0.873525285484296	1.52942077292985	-0.860696580736483
TRINITY_DN194634_c2_g2	1.02432961672881	-1.01129429300191	-1.01129429300191	0.3588699875383	1.65068327473862	-1.01129429300191
TRINITY_DN194095_c2_g5	-1.72603511119132	1.16693870408201	2.35342833872484	-1.72603511119132	-1.72603511119132	1.65773829076711
TRINITY_DN175685_c2_g6	0.317813686637079	-0.937989149965639	-0.937989149965639	0.554633178608807	1.94152058465103	-0.937989149965639
TRINITY_DN170256_c0_g1	0.492077757607228	-1.667551428214	-1.34101408007405	1.88211774251249	2.30192143638233	-1.667551428214
TRINITY_DN161042_c4_g2	0.980820367016469	-1.0288851052672	-1.0288851052672	1.28552140228762	0.820313546497505	-1.0288851052672
TRINITY_DN184098_c1_g1	-1.09006419015925	0.724281144803969	0.925362013450357	-1.09006419015925	-1.09006419015925	1.62054941222343
TRINITY_DN158208_c6_g1	-1.63809710159973	0.583779979477306	2.71084345835022	-1.63809710159973	-1.63809710159973	1.61966786697166
TRINITY_DN124443_c0_g1	1.59070971581394	-0.95945217863349	-0.95945217863349	0.183941240059698	1.10370558002683	-0.95945217863349
TRINITY_DN165520_c6_g2	0.157901920969091	-0.945763561796606	-0.945763561796606	0.369802668522343	2.30958609589838	-0.945763561796606
TRINITY_DN173105_c4_g1	0.827375678732393	-1.11635815090213	-1.11635815090213	2.24189743580299	0.279801338171019	-1.11635815090213
TRINITY_DN161784_c8_g1	-0.92353210069941	0.605039218171348	1.18916803204995	-0.855893383824047	-0.92353210069941	0.908750335001566
TRINITY_DN168580_c5_g2	-1.05439241368949	1.51797936923494	0.791950974012946	-1.02162157743949	-1.20521558146078	0.971299229341883
TRINITY_DN153508_c0_g1	-1.13953506410361	1.66162359199009	-0.71300192598694	-1.13953506410361	-1.13953506410361	2.46998352630769
TRINITY_DN196648_c5_g3	-0.880344121180746	0.0682567263126101	2.02712343705929	-0.880344121180746	-0.880344121180746	0.545652200170333
TRINITY_DN196585_c1_g1	1.74517691505721	-1.38558925415363	-1.38558925415363	1.02529452304195	1.38629632436174	-1.38558925415363
TRINITY_DN150751_c0_g1	-1.25767183061133	2.16011318819086	-0.598660659413183	-1.25767183061133	-1.25767183061133	2.21156296305632
TRINITY_DN179764_c2_g2	-0.942817919487529	1.58026717757634	0.847201062688272	-1.30379483180177	-1.21329756405681	1.0324420750815
TRINITY_DN162812_c6_g1	-3.47680129437255	6.29737983997744	-3.98980436589522	-2.45026458772587	-2.55347417427987	6.17296458229608
TRINITY_DN192249_c1_g6	1.56083894508852	-0.938432938080572	-0.938432938080572	0.0041753980310919	1.25028447112211	-0.938432938080572
TRINITY_DN152703_c2_g1	1.86477704178416	-1.00469959218124	-1.00469959218124	-0.245970023723378	1.39529175848294	-1.00469959218124
TRINITY_DN169866_c4_g4	-0.941102337150676	2.08126547587778	-0.247782658339102	-0.941102337150676	-0.941102337150676	0.989824193913352
TRINITY_DN185451_c3_g1	-1.36660574999189	2.5251050573196	1.36262070499926	-1.36660574999189	-1.36660574999189	0.212091487656813
TRINITY_DN159777_c4_g2	0.0189926675404901	-1.05688219943464	-1.05688219943464	0.784285844114012	2.36736808664941	-1.05688219943464
TRINITY_DN145490_c0_g1	-0.836670483250512	1.00127275864051	0.386752066684425	-0.836670483250512	-0.836670483250512	1.1219866244266
TRINITY_DN169579_c1_g4	1.7166515146974	-1.81241978513171	-1.81241978513171	1.06748198618326	2.12906217873727	-1.2883561093545
TRINITY_DN181376_c2_g7	-0.809964137377785	-1.36086480202531	-1.36086480202531	0.78252861666788	4.11002992678583	-1.36086480202531
TRINITY_DN169342_c1_g5	-0.987273913274909	1.94532986661761	1.6938614509671	-2.4870977695353	-1.71141879448188	1.54659915970739
TRINITY_DN189674_c6_g4	-0.821116626118963	1.21027857015657	0.825046031038931	-0.821116626118963	-0.821116626118963	0.428025277161385
TRINITY_DN167968_c2_g1	-0.129670681874533	-1.01797557708302	-1.01797557708302	0.818352556840958	2.36524485628264	-1.01797557708302
TRINITY_DN196102_c4_g1	0.706979397507252	-1.26166435845747	-1.26166435845747	0.182472598130126	2.89554107973502	-1.26166435845747
TRINITY_DN185148_c1_g5	-1.00280756808313	0.492375909825201	1.09581410914582	-1.00280756808313	-1.00280756808313	1.42023268527838
TRINITY_DN176468_c8_g4	-2.72808334440221	2.03904374738344	2.51021240671732	-2.80121804903242	-2.63771931674954	3.61776455608341
TRINITY_DN174140_c4_g1	-0.818117602672205	0.710453716198552	0.743575118726104	-0.818117602672205	-0.818117602672205	1.00032397309196
TRINITY_DN162607_c5_g1	-1.22628142663579	1.07442804501431	0.479917560793989	-1.22628142663579	-1.22628142663579	2.12449867409907
TRINITY_DN187483_c4_g1	2.00092886821018	-1.55537791601479	-1.55537791601479	0.374791692135286	2.29041318769892	-1.55537791601479
TRINITY_DN186626_c1_g2	0.338097164541849	-1.23285144063148	-1.23285144063148	1.4751150141445	1.88534214320809	-1.23285144063148
TRINITY_DN192239_c0_g2	0.739534771130058	-1.74724508316751	-1.59399510366063	1.58810219476249	1.64518656815159	-0.631583347215996
TRINITY_DN158349_c2_g4	1.79088826025779	-2.01109810385683	-2.01109810385683	2.59392204920558	1.64848400210713	-2.01109810385683
TRINITY_DN157730_c3_g1	-0.0853273745016246	-0.946091577130452	-0.946091577130452	1.25051546696437	1.67308663892862	-0.946091577130452
TRINITY_DN172270_c1_g2	-0.146966222055291	-1.01090467247926	-1.01090467247926	1.85144752705276	1.32823271244032	-1.01090467247926
TRINITY_DN197523_c1_g3	1.63203518888701	-1.31188613766648	-1.31188613766648	1.10657369991451	1.19704952419792	-1.31188613766648
TRINITY_DN163475_c4_g4	1.97232830157421	-1.78885057442456	-1.78885057442456	2.31774900542911	1.07647441627037	-1.78885057442456
TRINITY_DN176788_c0_g5	1.04601583825611	-0.897717991378415	-0.897717991378415	1.48273441534975	0.164403720529383	-0.897717991378415
TRINITY_DN198870_c1_g4	2.88564586364926	-1.45456031626245	-1.45456031626245	1.34763290067938	0.130402184458707	-1.45456031626245
TRINITY_DN164673_c2_g2	-4.01967139042988	4.31428896038942	3.87777477396167	-2.77417572760996	-2.101666871832	0.703450255520747
TRINITY_DN160667_c4_g4	-1.06364993925643	1.77409151299291	1.45689802885015	-1.06364993925643	-1.06364993925643	-0.0400397240737818
TRINITY_DN178739_c0_g1	0.159786954797731	-1.44854919554993	-1.44854919554993	-0.513466672231269	4.69932730408333	-1.44854919554993
TRINITY_DN181942_c6_g2	0.921736827346545	-0.910545608354431	-0.910545608354431	0.96641328771514	0.843486710001609	-0.910545608354431
TRINITY_DN189227_c2_g2	2.21036567983683	-1.49815266471325	-1.49815266471325	0.459019042533144	1.82507327176976	-1.49815266471325
TRINITY_DN165019_c0_g2	2.46117577051671	-1.3286577934321	-1.3286577934321	-0.55973245786835	2.08453006764794	-1.3286577934321
TRINITY_DN194570_c4_g3	0.910664890344684	-0.926874744034719	-0.926874744034719	0.502875106765497	1.36708423499398	-0.926874744034719
TRINITY_DN188580_c1_g1	-0.908931743795947	1.36905300350382	0.536794959554037	-0.908931743795947	-0.908931743795947	0.820947268329988
TRINITY_DN146407_c1_g1	0.695017894308175	-0.977181124807592	-0.977181124807592	0.751392477751773	1.48513300236283	-0.977181124807592
TRINITY_DN175161_c5_g3	-1.11086550545944	-0.0397893434484835	1.67321963727531	-1.11086550545944	-1.11086550545944	1.6991662225515
TRINITY_DN165067_c3_g2	-1.76611096585758	1.31611189854036	2.30598756574059	-0.995909042217437	-1.28382350028723	0.423744044081298
TRINITY_DN143224_c0_g1	-0.910747588262848	0.908511841854789	-0.00385699265432915	-0.910747588262848	-0.910747588262848	1.82758791558808
TRINITY_DN171597_c4_g4	0.329810807263909	-1.2333473231389	-1.2333473231389	1.74063123727077	1.62959992488202	-1.2333473231389
TRINITY_DN161293_c5_g2	-1.22701946438825	1.54992672746884	1.16722027052154	-1.22701946438825	-1.22701946438825	0.963911395174366
TRINITY_DN166734_c5_g1	0.443274503847769	-0.809504447680415	-0.809504447680415	0.561775606342239	1.42346323285124	-0.809504447680415
TRINITY_DN197279_c2_g1	0.510564143711752	-1.61786987079234	-1.35311438507547	2.001130069282	1.59154858684235	-1.1322585439683
TRINITY_DN183685_c1_g2	-0.816590894872796	0.667289358941308	1.42402873443896	-0.816590894872796	-0.816590894872796	0.358454591238118
TRINITY_DN175249_c0_g1	0.594026037992989	-0.941031556901853	-0.941031556901853	0.482815497696581	1.74625313501599	-0.941031556901853
TRINITY_DN199965_c7_g3	-1.43770677820769	0.336289546903488	1.92756582155685	-1.43770677820769	-1.43770677820769	2.04926496616272
TRINITY_DN172187_c1_g1	-1.36533820395663	1.23135845673059	1.05096110152325	-1.36533820395663	-1.36533820395663	1.81369505361606
TRINITY_DN184475_c4_g2	2.37739414767512	-1.43351210644917	-2.07967476360706	1.76882299177809	1.44664449421008	-2.07967476360706
TRINITY_DN133294_c0_g1	1.29152305695179	-1.37341482048996	-1.37341482048996	0.928172826113224	1.90054857840487	-1.37341482048996
TRINITY_DN170888_c0_g1	-1.28537538992575	1.40947104338073	0.922612086386251	-1.12304815185332	-0.906863766672024	0.983204178684112
TRINITY_DN193107_c2_g5	-0.965161958072708	0.468331681774172	0.525408172373493	-0.965161958072708	-0.965161958072708	1.90174602007046
TRINITY_DN199321_c6_g2	0.790379486815669	-1.17936964147299	-1.17936964147299	1.58085130499352	1.16687813260979	-1.17936964147299
TRINITY_DN168576_c0_g1	0.854374198397934	-0.922992911052478	-0.922992911052478	1.46464534790015	0.449959186859351	-0.922992911052478
TRINITY_DN166769_c3_g1	0.422749710477027	-0.921510684508391	-0.921510684508391	1.55797858647016	0.783803756577987	-0.921510684508391
TRINITY_DN163648_c10_g1	0.964540122336438	-1.11441121905838	-1.11441121905838	1.24426635225685	1.13442718258187	-1.11441121905838
TRINITY_DN195474_c2_g9	-1.24108718502317	0.710127579397548	1.31913863737648	-1.24108718502317	-1.24108718502317	1.69399533829549
