b_44_01	b_44_02	b_44_03	b_K5_01	b_K5_02	b_K5_03	b_K5_04	b_K5_05	b_K5_06	bleached_44_01	bleached_44_02	bleached_44_03	bleached_K5_01	bleached_K5_02	bleached_K5_03	bleached_K5_04	bleached_K5_05	bleached_K5_06	nb_44_04	nb_44_05	nb_44_06	nb_K5_07	nb_K5_08	nbK5_09	non-bleached_44_01	non-bleached_44_02	non-bleached_44_03	non-bleached_K5_01	non-bleached_K5_02	non-bleached_K5_03
TRINITY_DN178486_c5_g5_i2	-2.19172784120053	-1.50497153842721	-1.0481706833785	-1.25811523853443	0.154180198975651	9.44664890703599	2.02506064204309	0.0528651596584107	-0.928754995608294	-2.19000522005152	-1.50543053255831	-1.0481706833785	-1.25863099331368	0.150785734942463	9.44650422650544	2.02621228305901	0.0518775997410135	-0.929576049932732	-0.240179006647145	-1.82628786820803	0.679076668300405	-1.36692575526973	-0.745270570471213	-1.24553650101944	-0.239988035035126	-1.82647901693847	0.678942010030244	-1.36650877129624	-0.745632012297202	-1.24579211672544
TRINITY_DN170041_c0_g6_i1	-1.41813241442926	8.92749570646604	-0.701799934141277	-0.482295540745239	-1.41813241442926	-1.41813241442926	0.331616364435232	0.375139240068819	-1.41813241442926	-1.41813241442926	8.92715417378147	-0.701799934141277	-0.482295540745239	-1.41813241442926	-1.41813241442926	0.332474090406329	0.374306515635374	-1.41813241442926	-0.5220543590322	0.327320068702433	-0.553401492114513	-1.41813241442926	0.0714105212132095	-0.682610237132727	-0.5220543590322	0.327320068702433	-0.553401492114513	-1.41813241442926	0.0714105212132095	-0.682610237132727
TRINITY_DN197499_c3_g1_i5	5.56959849914422	5.91065868108136	-2.11425933711795	-2.11425933711795	5.87562898658687	5.9017967706185	-2.11425933711795	-2.11425933711795	-2.11425933711795	5.57108517032686	5.91044818268959	-2.11425933711795	-2.11425933711795	5.87243601312583	5.9020531130216	-2.11425933711795	-2.11425933711795	-2.11425933711795	-2.11425933711795	-2.11425933711795	-2.11425933711795	-2.11425933711795	-2.11425933711795	-2.11425933711795	-2.11425933711795	-2.11425933711795	-2.11425933711795	-2.11425933711795	-2.11425933711795	-2.11425933711795
TRINITY_DN188733_c0_g3_i4	0.0246750373664177	-1.8035172658309	0.416357575071708	-1.05704085528361	-1.45294577357572	-1.88932441950117	-0.395169135506218	-3.7333082635495	-3.7333082635495	0.0261671866256497	-1.8035172658309	0.416520132259586	-1.05726657616976	-1.45562100981525	-1.88892261054693	-0.394456024404314	-3.7333082635495	-3.7333082635495	-1.91814274946192	5.02914686321372	1.32453187353095	5.45927059542505	3.9659587884107	-0.237229456450122	-1.91814274946192	5.02894752343868	1.32435861325021	5.45969709094393	3.96574358046735	-0.236845913967233
TRINITY_DN198377_c9_g1_i2	-0.699638715571361	-0.702521224104482	-0.702521224104482	-0.702521224104482	-0.693890918961042	-0.702521224104482	-0.702521224104482	-0.702521224104482	-0.702521224104482	-0.699638715571361	-0.702521224104482	-0.702521224104482	-0.702521224104482	-0.692457540759784	-0.702521224104482	-0.702521224104482	-0.702521224104482	-0.702521224104482	-0.702521224104482	1.97058287348569	2.18051301155067	-0.702521224104482	2.55599770060682	1.01029463033289	-0.702521224104482	1.96786593286935	2.17992619232725	-0.702521224104482	2.55509290594506	1.01073467762649
TRINITY_DN176376_c4_g1_i1	-2.00715753480931	-1.41835296779376	-1.26041481903158	-1.02165710450443	-2.00715753480931	9.43316870367116	-0.0271322345705776	-1.27076913410585	8.27869198888612	-2.00715753480931	-1.41835296779376	-1.26041481903158	-1.02165710450443	-2.00715753480931	9.43335714295402	-0.026401015578295	-1.27163535751277	8.27743872303766	-1.06080096317568	-2.00715753480931	-2.00715753480931	-1.01947285724255	-1.03925116451916	-1.56567405522667	-1.06080096317568	-2.00715753480931	-2.00715753480931	-1.01874550908452	-1.03925116451916	-1.56461207870401
TRINITY_DN193341_c1_g1_i3	-1.20726230349228	-1.20726230349228	-1.20726230349228	-1.20726230349228	-1.20726230349228	-1.20726230349228	-1.20726230349228	-1.20726230349228	-1.20726230349228	-1.20726230349228	-1.20726230349228	-1.20726230349228	-1.20726230349228	-1.20726230349228	-1.20726230349228	-1.20726230349228	-1.20726230349228	-1.20726230349228	3.73736191956276	-1.20726230349228	4.67332527580724	-1.20726230349228	6.07647430613256	-1.20726230349228	3.73759614231526	-1.20726230349228	4.67327630033271	-1.20726230349228	6.0762613396641	-1.20726230349228
TRINITY_DN177632_c1_g1_i4	-1.23174522946746	-1.47995667651706	-1.35992143897757	10.7092621731909	-0.451112497586242	-0.452170579805204	-1.01299138519436	-1.36290324170812	-0.429070165673863	-1.23083701726189	-1.47995667651706	-1.35992143897757	10.709063217791	-0.453229438598343	-0.45164144169515	-1.01221091720622	-1.36389854705348	-0.430112198973689	-0.542248889012945	0.148931187448223	-0.78325698851674	-1.48536205953915	-0.851417753184966	0.584924111865778	-0.541685666268767	0.148582246815034	-0.78325698851674	-1.48536205953915	-0.851417753184966	0.584924111865778
TRINITY_DN169918_c4_g1_i12	-0.78418813413434	-1.03703138072679	7.35796713377489	-1.21560503467288	-0.410251932686975	-1.8754164223946	-1.055110075076	-0.466433777422444	-1.61051438456222	-0.782766409416287	-1.03720088023246	7.3583250754627	-1.21570094897939	-0.413328628406901	-1.87511339886043	-1.0547668622658	-0.46774679755306	-1.61177603312613	-0.104916556456724	-0.976944978407751	5.22972544396193	-1.78255327149835	0.053857061225103	-1.32113388258572	-0.104650097973994	-0.977026268450928	5.22969792859564	-1.78212709010363	0.0536581209414289	-1.32092751796787
TRINITY_DN182612_c4_g2_i5	2.45859089760342	1.9589857445867	4.14326928494397	-1.76051897667242	-1.3369248358231	-0.17578345755036	0.522463176726244	-0.317553306375404	-0.912831026071107	2.46009818538581	1.95882636242259	4.14364642741892	-1.76063246300804	-1.33997394732718	-0.175405174722432	0.523302359517267	-0.318910488602516	-0.914218991233351	0.608378008766437	0.664755770935871	-0.640013682111928	-1.84372897593225	-0.118847831971741	-3.24908130834705	0.608707511563614	0.664702951470144	-0.640065877080943	-1.84324817774713	-0.119066063920861	-3.24892209684317
TRINITY_DN193268_c1_g2_i3	1.79582491011226	2.66785507157	-1.10740622077775	-1.10740622077775	-1.10740622077775	-1.10740622077775	-1.10740622077775	-1.10740622077775	-1.10740622077775	1.79717421414357	2.66753893372697	-1.10740622077775	-1.10740622077775	-1.10740622077775	-1.10740622077775	-1.10740622077775	-1.10740622077775	-1.10740622077775	3.84744148222742	-1.10740622077775	3.86969049171921	-1.10740622077775	-1.10740622077775	-1.10740622077775	3.84776706827817	-1.10740622077775	3.86964468533286	-1.10740622077775	-1.10740622077775	-1.10740622077775
TRINITY_DN198392_c1_g2_i3	-1.24455184265889	-1.24455184265889	-1.22307211524844	-1.24455184265889	-1.24455184265889	-1.24455184265889	-1.24455184265889	-1.24455184265889	-1.24455184265889	-1.24455184265889	-1.24455184265889	-1.22307211524844	-1.24455184265889	-1.24455184265889	-1.24455184265889	-1.24455184265889	-1.24455184265889	-1.24455184265889	6.02432228429825	0.465620905620769	-1.24455184265889	4.8143057785678	2.36496674775241	-1.24455184265889	6.02465901073096	0.466061759723784	-1.24455184265889	4.81192330610776	2.36532129087299	-1.24455184265889
TRINITY_DN176580_c0_g1_i6	-1.43135804932042	-1.43135804932042	-1.43135804932042	-0.930555996263265	-1.43135804932042	-1.43135804932042	-1.43135804932042	-1.43135804932042	-0.758706419992038	-1.43135804932042	-1.43135804932042	-1.43135804932042	-0.930555996263265	-1.43135804932042	-1.43135804932042	-1.43135804932042	-1.43135804932042	-0.7596117824572	2.41814088239976	3.38897411151349	1.99262342829613	2.97511059329823	2.35314593360914	-1.41986241048259	2.41864121014568	3.38907623475562	1.99302662221767	2.97565472419559	2.35377396599556	-1.41986241048259
TRINITY_DN189906_c0_g3_i1	-1.91552555572246	-2.59989548473547	-2.39075408689688	0.234815731069257	3.57784295576884	-0.928602112253892	-1.76801824354379	-0.152316288186585	7.36920894595963	-1.91462807821863	-2.59989548473547	-2.39075408689688	0.234613488825863	3.57469070016607	-0.928602112253892	-1.76720796829594	-0.153374564442283	7.3678653801913	-1.8800549296712	-1.76154874821424	-2.33565933369192	-0.691851194510579	-1.68839563587436	6.93247213013498	-1.8800549296712	-1.76154874821424	-2.33565933369192	-0.691466834566681	-1.68839563587436	6.93270005804691
TRINITY_DN183482_c4_g1_i6	-0.0739588615336109	-1.78584240780556	9.64861197220813	-2.55137715416854	-2.55137715416854	-2.55137715416854	-2.55137715416854	-0.695387456860055	-2.55137715416854	-0.0726641517268138	-1.78584240780556	9.64888699134391	-2.55137715416854	-2.55137715416854	-2.55137715416854	-2.55137715416854	-0.696184746209382	-2.55137715416854	1.40811481965423	-0.867007225155529	6.7000058384377	-1.57538019655209	0.707292514499946	-0.710209110619886	1.40848571625397	-0.867007225155529	6.70005318120355	-1.57538019655209	0.706991010833041	-0.709806516773019
TRINITY_DN182381_c1_g3_i8	-2.53189965392652	-2.53189965392652	-2.53189965392652	3.72693958286868	3.73394976751433	4.82814851555995	5.42249443173974	3.82965818015614	1.244941289341	-2.53189965392652	-2.53189965392652	-2.53189965392652	3.72669464473223	3.73066504816199	4.82847340237992	5.42344802600742	3.82837682204845	1.2504040601675	-2.53189965392652	-2.53189965392652	-2.53189965392652	-2.53189965392652	-2.53189965392652	-2.53189965392652	-2.53189965392652	-2.53189965392652	-2.53189965392652	-2.53189965392652	-2.53189965392652	-2.53189965392652
TRINITY_DN132627_c0_g1_i3	-1.1020031277849	-1.1020031277849	-1.1020031277849	-0.109959851613244	-1.1020031277849	-1.1020031277849	-1.1020031277849	-1.1020031277849	-1.1020031277849	-1.1020031277849	-1.1020031277849	-1.1020031277849	-0.109959851613244	-1.1020031277849	-1.1020031277849	-1.1020031277849	-1.1020031277849	-1.1020031277849	-1.1020031277849	1.17210940999887	-1.1020031277849	6.13897896135749	-1.1020031277849	4.9205866212552	-1.1020031277849	1.17210940999887	-1.1020031277849	6.13948434540767	-1.1020031277849	4.92071976647618
TRINITY_DN174963_c1_g2_i2	-0.843836877100847	-0.843836877100847	-0.509268601434715	-0.843836877100847	-0.843836877100847	-0.843836877100847	-0.843836877100847	-0.843836877100847	-0.843836877100847	-0.843836877100847	-0.843836877100847	-0.509268601434715	-0.843836877100847	-0.843836877100847	-0.843836877100847	-0.843836877100847	-0.843836877100847	-0.843836877100847	-0.843836877100847	0.556154473563334	-0.843836877100847	9.750064934702	-0.515000412871307	-0.843836877100847	-0.843836877100847	0.556154473563334	-0.843836877100847	9.75057544300202	-0.515000412871307	-0.843836877100847
TRINITY_DN166179_c4_g3_i5	1.84062465052114	-0.824313226920617	5.13376382822297	-0.824313226920617	-0.824313226920617	-0.824313226920617	-0.824313226920617	-0.824313226920617	-0.824313226920617	1.84198890125248	-0.824313226920617	5.13663860114659	-0.824313226920617	-0.824313226920617	-0.824313226920617	-0.824313226920617	-0.824313226920617	-0.824313226920617	-0.824313226920617	-0.192976082793136	2.23625301848514	-0.824313226920617	-0.824313226920617	-0.824313226920617	-0.824313226920617	-0.0974820098881238	2.23608008530652	-0.824313226920617	-0.824313226920617	-0.824313226920617
TRINITY_DN157861_c0_g1_i1	-1.75457844770295	-1.75457844770295	-1.75457844770295	-1.75457844770295	-1.75457844770295	-1.75457844770295	-1.75457844770295	-1.75457844770295	-1.75457844770295	-1.75457844770295	-1.75457844770295	-1.75457844770295	-1.75457844770295	-1.75457844770295	-1.75457844770295	-1.75457844770295	-1.75457844770295	-1.75457844770295	-1.75457844770295	-1.75457844770295	8.55637735923814	-1.75457844770295	5.98133630151692	6.51729538631465	-1.75457844770295	-1.75457844770295	8.5563512376652	-1.75457844770295	5.98111972332102	6.51740273681491
TRINITY_DN199099_c3_g1_i1	-1.15567074896264	-1.15567074896264	-1.15567074896264	-1.15567074896264	-1.15567074896264	-1.15567074896264	-1.15567074896264	-1.15567074896264	-1.15567074896264	-1.15567074896264	-1.15567074896264	-1.15567074896264	-1.15567074896264	-1.15567074896264	-1.15567074896264	-1.15567074896264	-1.15567074896264	-1.15567074896264	4.90649414641765	-1.15567074896264	4.5919314813123	-1.15567074896264	4.37524273456706	-1.15567074896264	4.90707699681954	-1.15567074896264	4.58342125254869	-1.15567074896264	4.37193136343823	-1.15567074896264
TRINITY_DN196282_c2_g1_i4	-1.18782440198842	-1.18782440198842	-1.18782440198842	-1.18782440198842	-1.18782440198842	-1.18782440198842	-1.18782440198842	-1.18782440198842	-1.18782440198842	-1.18782440198842	-1.18782440198842	-1.18782440198842	-1.18782440198842	-1.18782440198842	-1.18782440198842	-1.18782440198842	-1.18782440198842	-1.18782440198842	-1.18782440198842	-1.18782440198842	4.84116459116241	4.56272850991116	4.8242972707238	-1.18782440198842	-1.18782440198842	-1.18782440198842	4.84403391398749	4.56591382981669	4.86964753212055	-1.18782440198842
TRINITY_DN172328_c2_g4_i7	-1.06851716535666	-1.06851716535666	-1.06851716535666	-1.06851716535666	-1.06851716535666	-0.499026073397939	-1.06851716535666	0.257444830815196	0.567933451322322	-1.06851716535666	-1.06851716535666	-1.06851716535666	-1.06851716535666	-1.06851716535666	-0.499026073397939	-1.06851716535666	0.256869249303118	0.567005076103098	-0.460654262525421	-1.06851716535666	9.73620920776761	-0.430675105032551	-0.622790462006671	-1.06851716535666	-0.460654262525421	-1.06851716535666	9.73617775222746	-0.429748220939706	-0.622790462006671	-1.06851716535666
TRINITY_DN182397_c0_g1_i1	-1.3671084566674	-1.3671084566674	-1.3671084566674	-0.142450722546665	3.02225184770548	-0.704447201192309	-1.3671084566674	-0.577170587687208	5.48461560280005	-1.3671084566674	-1.3671084566674	-1.3671084566674	-0.143068182449472	3.01921967167652	-0.704447201192309	-1.3671084566674	-0.577170587687208	5.48329094010285	-1.3671084566674	-1.3671084566674	-1.3671084566674	-0.877565521024929	-1.3671084566674	4.73401631154654	-1.3671084566674	-1.3671084566674	-1.3671084566674	-0.877565521024929	-1.3671084566674	4.73422645765203
TRINITY_DN191468_c1_g2_i5	-1.07754914212754	-1.07754914212754	-1.07754914212754	-1.07754914212754	-1.07754914212754	-1.07754914212754	-1.07754914212754	-1.07754914212754	-1.07754914212754	-1.07754914212754	-1.07754914212754	-1.07754914212754	-1.07754914212754	-1.07754914212754	-1.07754914212754	-1.07754914212754	-1.07754914212754	-1.07754914212754	4.22998867400381	3.86322839225483	-1.07754914212754	-1.07754914212754	3.95296350989775	-0.193146589143854	4.23031649715406	3.86313444233028	-1.07754914212754	-1.07754914212754	3.95274278945289	-0.193146589143854
TRINITY_DN167511_c4_g1_i2	3.76392677490988	4.47464603563518	-0.456404594273276	-1.58667654879213	-1.58667654879213	-1.58667654879213	-1.534260654641	-1.58667654879213	-1.58667654879213	3.76562294092598	4.47434354760657	-0.456404594273276	-1.58667654879213	-1.58667654879213	-1.58667654879213	-1.534260654641	-1.58667654879213	-1.58667654879213	-1.58667654879213	3.64767148111054	2.88821371288591	-1.58667654879213	-0.0909813861680655	-1.58667654879213	-1.58667654879213	3.64747984487885	2.88821371288591	-1.58667654879213	-0.0909813861680655	-1.58667654879213
TRINITY_DN194485_c1_g1_i1	0.0657539874657009	-1.07763943122749	4.33497275376912	-1.07763943122749	-1.07763943122749	-1.07763943122749	-1.07763943122749	-1.07763943122749	-1.07763943122749	0.0664069383892201	-1.07763943122749	4.3353114145784	-1.07763943122749	-1.07763943122749	-1.07763943122749	-1.07763943122749	-1.07763943122749	-1.07763943122749	-1.07763943122749	3.45866218809633	3.99429481386408	-1.07763943122749	-1.07763943122749	-1.07763943122749	-1.07763943122749	3.45841346901272	3.99425192182914	-1.07763943122749	-1.07763943122749	-1.07763943122749
TRINITY_DN174713_c1_g2_i6	-1.46838690524115	-0.966565639820238	-1.09098547445535	-0.591035278791886	0.167135336218605	-1.46838690524115	-1.46838690524115	-0.792119496975259	-0.642194369004547	-1.46838690524115	-0.966565639820238	-1.08987528198742	-0.591035278791886	0.164811781132855	-1.46838690524115	-1.46838690524115	-0.792119496975259	-0.643008301348217	-1.46838690524115	-0.742427670731961	-0.317827228665767	5.61027629520592	-1.46838690524115	6.70840458734262	-1.46838690524115	-0.742427670731961	-0.317827228665767	5.61074582871204	-1.46838690524115	6.70850928056521
TRINITY_DN197815_c5_g1_i3	-0.107670948666081	5.54332682873181	1.48257967708601	-1.53633828137894	4.95850449965086	5.07761065284733	-2.41367337737986	-1.36911688074451	-1.73143956322543	-0.106226809365426	5.54301768415829	1.48285956748187	-1.53601418948925	4.95539596301376	5.0780242406155	-2.41248303486936	-1.370271960903	-1.73255318353614	-0.864682154704331	-0.188519165815447	-2.53019295076053	-2.09019802866012	-2.80372255742701	-1.4259313511701	-0.864885652136206	-0.188264497669881	-2.53083859634789	-2.08972228420704	-2.80294251142753	-1.42563113370134
TRINITY_DN182096_c0_g1_i13	-2.28213659057031	-2.28213659057031	-2.28213659057031	1.31920336742775	-2.28213659057031	-2.15252385243984	5.91597444366686	-2.28213659057031	5.78766222789129	-2.28213659057031	-2.28213659057031	-2.28213659057031	1.31932223004705	-2.28213659057031	-2.15252385243984	5.91699586940205	-2.28213659057031	5.78625476759134	-2.28213659057031	-2.28213659057031	-2.28213659057031	4.80296933900719	-2.28213659057031	4.86571956290717	-2.28213659057031	-2.28213659057031	-2.28213659057031	4.80353237512262	-2.28213659057031	4.86587215208183
TRINITY_DN160534_c1_g2_i1	-2.19714616587972	-2.19714616587972	-2.19714616587972	-2.19714616587972	-2.19714616587972	4.06150466065547	-2.19714616587972	2.59091305776983	2.08714586051459	-2.19714616587972	-2.19714616587972	-2.19714616587972	-2.19714616587972	-2.19714616587972	4.06169307091548	-2.19714616587972	2.58965926709918	2.08573838918133	-2.19714616587972	-2.19714616587972	-2.19714616587972	6.26559738776593	2.80784952314565	1.96232156338705	-2.19714616587972	-2.19714616587972	-2.19714616587972	6.26619019522077	2.80753499023819	1.96248301994151
TRINITY_DN173528_c0_g3_i5	0.825366907921911	-0.885687413890156	-0.885687413890156	-0.885687413890156	-0.885687413890156	-0.885687413890156	-0.885687413890156	-0.885687413890156	-0.885687413890156	0.828008400953203	-0.885687413890156	-0.885687413890156	-0.885687413890156	-0.885687413890156	-0.885687413890156	-0.885687413890156	-0.885687413890156	-0.885687413890156	6.66696631528617	3.13000639321499	-0.885687413890156	-0.885687413890156	-0.885687413890156	-0.885687413890156	6.66689715573939	3.13925276024808	-0.885687413890156	-0.885687413890156	-0.885687413890156	-0.885687413890156
TRINITY_DN195501_c0_g1_i4	1.82441706932154	2.64496431237997	-0.700148151755656	-0.700148151755656	-0.700148151755656	-0.700148151755656	-0.700148151755656	-0.682938861723433	-0.644952497513532	1.82567017027837	2.64482233579757	-0.700148151755656	-0.700148151755656	-0.700148151755656	-0.700148151755656	-0.700148151755656	-0.681513977616605	-0.644952497513532	3.79644202266529	-0.700148151755656	-0.638026439847859	-0.700148151755656	-0.700148151755656	-0.700148151755656	3.79676153522189	-0.700148151755656	-0.638026439847859	-0.700148151755656	-0.700148151755656	-0.700148151755656
