bleached_k4_01	bleached_k4_02	bleached_k4_03	non-bleached_k4_01	non-bleached_k4_02	non-bleached_k4_03
TRINITY_GG_21837_c0_g1	-0.953999402609062	-0.953999402609062	-0.953999402609062	0.478425574195702	1.53682741230377	0.846745221327715
TRINITY_GG_99582_c109_g1	-0.978799625799834	-0.978799625799834	-0.978799625799834	1.50714235761259	1.42037146801999	0.008885051766927
TRINITY_GG_43793_c0_g2	2.16381486676748	2.08898071712454	1.6096037595508	-1.77159028475625	-2.04540452934328	-2.04540452934328
TRINITY_GG_84581_c1_g1	-2.08623484303981	-2.08623484303981	-2.08623484303981	1.94171537339003	2.11265214791712	2.20433700781227
TRINITY_GG_78364_c0_g1	-1.08601944059261	-1.08601944059261	-1.08601944059261	2.47628404879285	0.0845466161994619	0.69722765678551
TRINITY_GG_12575_c43_g3	-0.872129272420228	-0.872129272420228	-0.872129272420228	0.924053138299776	1.07235439872852	0.619980280232384
TRINITY_GG_99853_c385_g1	-0.948067689675726	-0.948067689675726	-0.948067689675726	0.782680939740487	0.603325278351729	1.45819685093496
TRINITY_GG_45368_c0_g1	1.85639550250772	2.62598989288857	-0.866243310159384	-1.20538069507897	-1.20538069507897	-1.20538069507897
TRINITY_GG_38341_c1_g1	-1.09872736131577	-1.09872736131577	-1.09872736131577	1.47464716513018	0.990092671982816	0.831442246834313
TRINITY_GG_100724_c0_g2	-0.903911235712089	-0.903911235712089	-0.903911235712089	0.478479347161381	0.849693300567907	1.38356105940698
TRINITY_GG_35285_c0_g1	-2.17969276911314	-2.33370939399583	-2.43670338731916	3.69741485124614	1.56887625238069	1.68381444680131
TRINITY_GG_57798_c0_g1	-1.18297990390449	-1.18297990390449	-1.18297990390449	1.15615748101509	1.03796910056228	1.35481313013611
TRINITY_GG_69608_c0_g1	1.62530980753214	1.46028681625727	0.487088247193367	-1.22968320922486	-1.22968320922486	-1.11331845253307
TRINITY_GG_11081_c119_g1	0.667061092913919	0.885601537421358	1.4272971966502	-0.993319942328492	-0.993319942328492	-0.993319942328492
TRINITY_GG_24169_c25_g1	-0.925044010251625	-0.925044010251625	-0.925044010251625	0.9416661894224	0.205886859574823	1.62757898175765
TRINITY_GG_14467_c0_g1	-2.18809288507905	-2.18809288507905	-2.18809288507905	1.77759906414565	2.01416809848295	2.77251149260855
TRINITY_GG_61230_c0_g1	-0.924705825957368	-0.924705825957368	-0.924705825957368	1.4415464377422	0.198960370496452	1.13361066963346
TRINITY_GG_71933_c81_g5	-1.29208072890952	-1.29208072890952	-1.29208072890952	0.63808887924056	1.78413629270753	1.45401701478048
TRINITY_GG_11545_c1_g1	1.36621208555563	1.26283003775841	0.836227786846641	-1.15508997005356	-1.15508997005356	-1.15508997005356
TRINITY_GG_15745_c0_g3	0.990217395969894	1.97975078634126	0.565305736455683	-1.17842463958895	-1.17842463958895	-1.17842463958895
TRINITY_GG_4302_c1_g1	0.619500337744214	0.543973902069477	2.73776101298559	-1.30041175093309	-1.30041175093309	-1.30041175093309
TRINITY_GG_48014_c0_g2	1.26730755731773	0.645090940766116	1.53214364311205	-1.14818071373197	-1.14818071373197	-1.14818071373197
TRINITY_GG_77808_c10_g1	-2.89184220326911	-2.73738861058923	-2.74128252669372	3.21561551941983	2.76745446355479	2.38744335757744
TRINITY_GG_48518_c1_g1	-1.20114036306888	-1.20114036306888	-1.20114036306888	1.80677271857438	0.614844864132161	1.18180350650011
TRINITY_GG_47002_c0_g1	0.974585451680359	1.07503401257843	0.913715975220984	-0.987778479826591	-0.987778479826591	-0.987778479826591
TRINITY_GG_70395_c1_g1	-1.2117333782582	-1.2117333782582	-1.2117333782582	1.50350107698182	1.82389053147253	0.307808526320241
TRINITY_GG_21688_c1_g2	0.731947653286437	0.470550580629821	1.08567364116708	-0.762723958361113	-0.762723958361113	-0.762723958361113
TRINITY_GG_46795_c1_g1	-1.00349203731246	-1.00349203731246	-1.00349203731246	1.25833962143968	1.40004838043279	0.352088110064901
TRINITY_GG_88681_c118_g1	-0.874687502078133	-0.874687502078133	-0.874687502078133	0.479764658501429	0.881481826061166	1.2628160216718
TRINITY_GG_39320_c1_g1	2.04631986526012	0.842577386984253	-0.172534026479901	-0.905454408588159	-0.905454408588159	-0.905454408588159
TRINITY_GG_89026_c0_g1	-0.93092243309985	-0.93092243309985	-0.93092243309985	-0.173899186592391	1.50417271852025	1.46249376737169
TRINITY_GG_73739_c16_g2	-1.07613090035467	-1.07613090035467	-1.07613090035467	0.763828687134862	0.574633658762232	1.88993035516692
TRINITY_GG_37863_c4_g1	-1.23859397340487	-1.23859397340487	-1.23859397340487	1.10878821791025	0.918449736740714	1.68854396556364
TRINITY_GG_84691_c1_g3	-0.598674866299513	2.41326541923844	1.66064361925857	-1.1584113907325	-1.1584113907325	-1.1584113907325
TRINITY_GG_53451_c0_g1	0.470742409088881	2.11543342828211	0.180197684054768	-0.922124507141919	-0.922124507141919	-0.922124507141919
TRINITY_GG_59312_c0_g1	1.39530270135268	2.56950219655538	-0.484000668277599	-1.16026807654349	-1.16026807654349	-1.16026807654349
TRINITY_GG_46785_c0_g1	0.183558712989911	0.567080665558038	1.67698977478909	-0.809209717779013	-0.809209717779013	-0.809209717779013
TRINITY_GG_67901_c0_g1	2.41982761789704	2.12071702859586	1.8070117234111	-2.11585212330133	-2.11585212330133	-2.11585212330133
TRINITY_GG_100187_c11_g1	-0.950307322784841	-0.950307322784841	-0.950307322784841	-0.364383345826239	1.37421528881097	1.84109002536979
TRINITY_GG_17244_c16_g1	-1.33813276189207	-1.21248166023055	-1.33813276189207	1.35852881102651	1.40839499522612	1.12182337776206
TRINITY_GG_54534_c0_g1	1.10024288042023	0.603862722615334	2.02709453590636	-1.24373337964731	-1.24373337964731	-1.24373337964731
TRINITY_GG_81806_c4_g1	0.90095639391414	2.30721010800604	-0.313279240005963	-0.964962420638072	-0.964962420638072	-0.964962420638072
TRINITY_GG_73603_c70_g1	-1.23485528835726	-1.23485528835726	-1.23485528835726	0.45041211815958	1.81093713015683	1.44321661675538
TRINITY_GG_26957_c0_g1	1.3489744449963	1.14630708897624	0.506740190768447	-1.00067390824699	-1.00067390824699	-1.00067390824699
TRINITY_GG_97668_c38_g1	-1.06542916573781	-1.06542916573781	-1.06542916573781	1.12708065320414	1.01727342359244	1.05193342041685
TRINITY_GG_10371_c0_g1	-1.09620172409342	-1.09620172409342	-1.09620172409342	1.6801128610228	1.54441920394228	0.064073107315175
TRINITY_GG_49537_c1_g1	-1.0346216312075	-1.0346216312075	-1.0346216312075	1.66292980760876	0.925148524003965	0.515786562009778
TRINITY_GG_36893_c0_g1	1.49922843287784	0.524421964384977	0.725940303671162	-0.916530233644659	-0.916530233644659	-0.916530233644659
TRINITY_GG_57579_c1_g3	0.718245100630178	0.69244909975284	0.836408939106396	-0.749034379829805	-0.749034379829805	-0.749034379829805
TRINITY_GG_29710_c0_g1	0.730309258616816	1.43300054965486	0.614565020260746	-0.925958276177473	-0.925958276177473	-0.925958276177473
TRINITY_GG_3559_c0_g1	0.747803235164987	1.17558240333541	0.730009302503175	-0.884464980334525	-0.884464980334525	-0.884464980334525
TRINITY_GG_85747_c2_g1	0.528195027086704	0.839244100917944	1.53812975454077	-0.968522960848473	-0.968522960848473	-0.968522960848473
TRINITY_GG_16437_c0_g1	0.666179313121939	1.03243542298776	0.925904783925158	-0.87483984001162	-0.87483984001162	-0.87483984001162
TRINITY_GG_33392_c2_g2	1.51197420485547	1.61259062504515	1.84206806673862	-1.65554429887974	-1.65554429887974	-1.65554429887974
TRINITY_GG_85322_c0_g1	-1.1407683688658	-1.1407683688658	-1.1407683688658	0.961889762497935	0.817517532057453	1.64289781204202
TRINITY_GG_15065_c132_g2	-1.01607381251468	-1.01607381251468	-1.01607381251468	1.36299258676622	0.933647865055162	0.751580985722664
TRINITY_GG_19640_c105_g1	-0.777202198771573	-0.777202198771573	-0.777202198771573	1.18442112951537	0.884547401039131	0.262638065760218
TRINITY_GG_26318_c30_g1	1.1408945314124	1.62078841942191	1.60357639182534	-1.45508644755322	-1.45508644755322	-1.45508644755322
TRINITY_GG_41953_c0_g1	-0.741910514159588	-0.741910514159588	-0.741910514159588	0.9695843924905	0.350973451518897	0.905173698469366
TRINITY_GG_99295_c2_g1	1.58314200003021	0.407967797391038	0.90551385695966	-0.96554121812697	-0.96554121812697	-0.96554121812697
TRINITY_GG_39736_c0_g1	-1.32274829114151	-1.32274829114151	-1.32274829114151	1.85069899491575	1.22741360330592	0.890132275202871
TRINITY_GG_77554_c74_g1	2.17827334292192	-0.230625930428909	1.51995009525595	-1.15586583591632	-1.15586583591632	-1.15586583591632
TRINITY_GG_58804_c2_g1	0.488843338607832	0.661083903633067	1.21035197994616	-0.786759740729018	-0.786759740729018	-0.786759740729018
TRINITY_GG_12692_c55_g1	-0.883983389526789	-0.883983389526789	-0.883983389526789	1.13108593219086	-0.0011447337595385	1.52200897014905
TRINITY_GG_76820_c1_g1	-1.22858064696351	-1.22858064696351	-1.22858064696351	1.75983137876128	0.376913686888996	1.54899687524026
TRINITY_GG_11578_c30_g2	-1.49144598113011	-1.49144598113011	-1.49144598113011	1.43966971862768	1.07049107849232	1.96417714627033
TRINITY_GG_16764_c2_g2	-1.1083699225934	-1.1083699225934	-1.1083699225934	2.11813860721528	1.0451111759203	0.161859984644602
TRINITY_GG_20916_c1_g1	-0.988055091737404	-0.988055091737404	-0.988055091737404	0.9184507338886	1.08816192987964	0.957552611443968
TRINITY_GG_89019_c1_g1	1.00802605827258	2.09309683604632	1.34896442463272	-1.70510814167721	-1.45337293596482	-1.29160624130959
TRINITY_GG_13393_c0_g1	-1.43187485526582	-1.43187485526582	-1.43187485526582	1.60251695955853	1.84908145856523	0.844026147673712
TRINITY_GG_71942_c68_g1	-1.10848528860033	-1.10848528860033	-1.10848528860033	2.00887729755433	2.02343339026224	-0.706854822015587
TRINITY_GG_31829_c0_g1	-0.956633845582907	-0.956633845582907	-0.956633845582907	2.17248428250642	0.271107230256221	0.426310023986084
TRINITY_GG_97_c0_g1	2.2650646330515	2.78952584711293	1.75912587223817	-2.18229322634191	-2.43204194142548	-2.1993811846352
TRINITY_GG_72964_c11_g1	-1.26824260677778	-1.26824260677778	-1.26824260677778	0.41253181871468	1.70903731672213	1.68315868489653
TRINITY_GG_75902_c19_g1	-1.08414315562763	-1.23600197235464	-1.23600197235464	1.29556663646032	1.45463860626106	0.805941857615529
TRINITY_GG_27581_c2_g1	2.67550946405513	0.211568114845067	1.42499475492397	-1.43735744460805	-1.43735744460805	-1.43735744460805
TRINITY_GG_88200_c2_g2	0.582223090190467	0.97111817466708	0.955368977314027	-0.836236747390524	-0.836236747390524	-0.836236747390524
TRINITY_GG_25742_c0_g1	-1.01841923301108	-1.01841923301108	-1.01841923301108	0.191346032963023	1.93223580490761	0.931675861162606
TRINITY_GG_85621_c13_g1	-0.826962149714137	-0.826962149714137	-0.826962149714137	1.21042007228894	-0.00321278940586434	1.27367916625933
TRINITY_GG_100779_c8_g1	-1.05505641665217	-1.05505641665217	-1.05505641665217	2.12126635598829	1.61147296127187	-0.567570067303637
TRINITY_GG_11197_c71_g1	0.844860118642657	0.73874256474017	0.722411919442985	-0.768671534275271	-0.768671534275271	-0.768671534275271
TRINITY_GG_25137_c0_g2	1.53597633362607	0.87147219347264	0.808211180516804	-1.07188656920517	-1.07188656920517	-1.07188656920517
TRINITY_GG_38102_c0_g3	-1.56171176427797	-1.56171176427797	-1.56171176427797	1.30539396522468	1.81596729472784	1.5637740328814
TRINITY_GG_12030_c37_g1	-0.969308594303978	-0.969308594303978	-0.969308594303978	0.799616741259773	1.83577745239147	0.272531589260693
TRINITY_GG_16437_c1_g1	0.806798239663404	1.44910730324065	1.02354669667475	-1.09315074652627	-1.09315074652627	-1.09315074652627
TRINITY_GG_21915_c0_g1	1.21264951494507	1.60323296930328	3.16844207522808	-1.99477485315881	-1.99477485315881	-1.99477485315881
TRINITY_GG_14433_c10_g1	0.881579843078198	0.266696894998782	1.48572965238909	-0.878002130155357	-0.878002130155357	-0.878002130155357
TRINITY_GG_102384_c3_g1	1.93148677797968	0.809333415460062	0.64434263746545	-1.12838761030173	-1.12838761030173	-1.12838761030173
TRINITY_GG_100994_c1_g1	0.856307344407862	0.890526000273696	1.49966661651015	-1.08216665373057	-1.08216665373057	-1.08216665373057
TRINITY_GG_94722_c26_g1	0.404018043466691	1.0287604461732	1.28618774179649	-0.90632207714546	-0.90632207714546	-0.90632207714546
TRINITY_GG_15369_c4_g4	-0.948664981162194	-0.948664981162194	-0.948664981162194	0.710802955922592	1.27815178388767	0.857040203676317
TRINITY_GG_89835_c0_g1	2.70224499281719	-0.607195337902294	3.45571547700957	-1.85025504397482	-1.85025504397482	-1.85025504397482
TRINITY_GG_75458_c0_g3	-0.819288526714543	-0.819288526714543	-0.819288526714543	0.524971868270876	0.55588995287507	1.37700375899768
TRINITY_GG_11298_c31_g1	-1.17030805706556	-1.16054771512177	-1.44971661489653	1.30203082006972	1.27924071152958	1.19930085548456
TRINITY_GG_11578_c121_g1	-0.952770845014888	-0.952770845014888	-0.952770845014888	0.629303376381442	0.78014953709337	1.44885962156985
TRINITY_GG_10250_c1_g1	-0.979559151840132	-0.979559151840132	-0.979559151840132	1.4258886918674	1.46165871142198	0.0511300522310089
TRINITY_GG_11101_c4_g1	0.578413672454454	0.533266279304993	1.44232858327784	-0.851336178345762	-0.851336178345762	-0.851336178345762
TRINITY_GG_78969_c0_g2	-0.939990711027439	-0.939990711027439	-0.939990711027439	0.42233889914413	0.95026140412963	1.44737182980856
TRINITY_GG_73943_c2_g2	-0.954312345332113	-0.954312345332113	-0.954312345332113	0.618092302058218	1.66908633704515	0.575758396892971
TRINITY_GG_2435_c0_g1	-0.940940851880481	-0.940940851880481	-0.940940851880481	0.0869209234740279	1.23058625415833	1.50531537800908
TRINITY_GG_11605_c70_g1	1.35053848096836	0.916667335722469	0.634827388892327	-0.967344401861052	-0.967344401861052	-0.967344401861052
TRINITY_GG_26299_c1_g1	-0.885786904359675	2.27915988833469	2.67989109208856	-1.35775469202119	-1.35775469202119	-1.35775469202119
TRINITY_GG_15239_c29_g1	0.868632480668432	1.78035375868359	0.782822339151842	-1.14393619283462	-1.14393619283462	-1.14393619283462
TRINITY_GG_40756_c0_g1	0.216080253770809	1.16851457051875	1.04225079787258	-0.808948540720714	-0.808948540720714	-0.808948540720714
TRINITY_GG_62092_c0_g1	-1.58907748372484	-1.58907748372484	-1.58907748372484	2.05015467952443	1.99552429814435	0.721553473505747
TRINITY_GG_36097_c0_g1	-1.0938915318345	-1.0938915318345	-1.0938915318345	1.04721422859563	1.23580615719878	0.99865420970907
TRINITY_GG_78359_c38_g1	-1.4861916600765	-1.4861916600765	-1.4861916600765	1.98278257822818	1.5968514686253	0.878940933376028
TRINITY_GG_7855_c9_g1	0.627461041365771	0.934611803071628	0.642532861979996	-0.734868568805798	-0.734868568805798	-0.734868568805798
TRINITY_GG_67141_c1_g2	0.630145807653878	0.601691440369521	1.27956377039491	-0.837133672806104	-0.837133672806104	-0.837133672806104
TRINITY_GG_44359_c0_g3	-0.909019866131552	-0.909019866131552	-0.909019866131552	1.4493763958251	0.993246702951519	0.284436499618034
TRINITY_GG_72925_c63_g1	-0.765168346266484	-0.765168346266484	-0.765168346266484	1.25595599376912	0.748827633100529	0.290721411929799
TRINITY_GG_62960_c0_g1	-1.04089934243827	-1.04089934243827	-1.04089934243827	1.82995852192549	0.697652344081963	0.595087161307353
TRINITY_GG_22071_c0_g2	-0.744697500391019	-0.744697500391019	-0.744697500391019	0.621554763308546	0.762209054189675	0.850328683674835
TRINITY_GG_14138_c0_g1	-1.1781250127282	-1.1781250127282	-1.1781250127282	1.7884900250435	1.16357615119919	0.58230886194191
TRINITY_GG_101047_c0_g1	1.3519110607796	0.773525494461701	0.419966656371961	-0.848467737204422	-0.848467737204422	-0.848467737204422
TRINITY_GG_32614_c3_g1	-0.74715262711868	-0.74715262711868	-0.74715262711868	1.22333294582144	0.546806351910015	0.471318583624582
TRINITY_GG_32636_c6_g1	-0.78403354602065	-0.78403354602065	-0.78403354602065	1.08662708065863	0.568724979019987	0.696748578383331
TRINITY_GG_21028_c107_g1	1.78762679528961	1.51883822478451	-0.38357492751115	-0.974296697520991	-0.974296697520991	-0.974296697520991
TRINITY_GG_71189_c1_g1	1.02222445216372	1.24145857413572	0.653382789856624	-0.972355272052024	-0.972355272052024	-0.972355272052024
TRINITY_GG_29577_c1_g2	2.4537488992867	1.84630644645587	0.98922648490911	-1.76309394355056	-1.76309394355056	-1.76309394355056
TRINITY_GG_26957_c0_g2	1.20103195590077	1.36270564677532	0.362134847542994	-0.975290816739695	-0.975290816739695	-0.975290816739695
TRINITY_GG_83869_c1_g2	1.36618099698742	2.27207427056516	1.47076148391438	-1.70300558382232	-1.70300558382232	-1.70300558382232
TRINITY_GG_14629_c90_g1	-1.0951328878507	-1.0951328878507	-1.0951328878507	1.32548425112799	1.07575358982906	0.884160822595033
TRINITY_GG_44366_c3_g1	0.00657088886895374	1.29686737470721	1.28290936578338	-0.862115876453181	-0.862115876453181	-0.862115876453181
TRINITY_GG_56161_c1_g2	-1.03784349272449	-1.03784349272449	-1.03784349272449	0.622993874971797	1.99531517405651	0.495221429145151
TRINITY_GG_89398_c0_g2	0.806746916832992	0.283215016609584	1.24468481822192	-0.778215583888164	-0.778215583888164	-0.778215583888164
TRINITY_GG_75510_c71_g1	1.76156977527793	-0.193272759102228	1.37883091363512	-0.982375976603609	-0.982375976603609	-0.982375976603609
TRINITY_GG_80364_c0_g1	1.85283866987188	0.817846216532372	1.12388423198939	-1.26485637279788	-1.26485637279788	-1.26485637279788
TRINITY_GG_71933_c56_g3	-0.929154143681766	-0.929154143681766	-0.929154143681766	1.06831892828919	0.818448086593177	0.900695416162925
TRINITY_GG_13634_c131_g1	-0.958704794587003	-0.958704794587003	-0.958704794587003	1.07762269723076	0.674493891787001	1.12399779474325
TRINITY_GG_60197_c0_g1	-1.05201993094151	-1.05201993094151	-1.05201993094151	0.813898883610706	1.43700913290893	0.905151776304884
TRINITY_GG_48539_c0_g1	1.99440181130894	1.84222367767659	2.54346401334859	-2.12669650077804	-2.12669650077804	-2.12669650077804
TRINITY_GG_12721_c0_g1	2.09125991877379	1.08942810375681	0.616076458857609	-1.26558816046274	-1.26558816046274	-1.26558816046274
TRINITY_GG_62375_c2_g1	-0.830444201735095	-0.830444201735095	-0.830444201735095	0.54862219754581	0.911993243641171	1.0307171640183
TRINITY_GG_18194_c2_g1	1.29176792275645	1.94335628932528	1.29319940464094	-2.02040656969465	-1.40456010726577	-1.10335693976226
TRINITY_GG_37612_c1_g3	-1.60071937103313	-1.60071937103313	-1.60071937103313	1.65659303465248	1.55535358991744	1.59021148852948
TRINITY_GG_81041_c1_g1	2.11757211803741	1.48278951188815	2.00615482171833	-1.86883881721463	-1.86883881721463	-1.86883881721463
TRINITY_GG_74586_c42_g1	-0.774165913501679	-0.774165913501679	-0.774165913501679	0.198894259302405	1.37671865780335	0.746884823399284
TRINITY_GG_26096_c36_g1	1.25618109068141	0.298481970156869	0.888992024590793	-0.814551695143023	-0.814551695143023	-0.814551695143023
TRINITY_GG_25585_c0_g1	-1.26551649732012	-1.26551649732012	-1.26551649732012	1.19993563008885	1.25829634040709	1.33831752146443
TRINITY_GG_7881_c1_g1	-0.98225113943415	-0.98225113943415	-0.98225113943415	0.168308537141231	1.33765576723386	1.44078911392736
TRINITY_GG_77808_c3_g2	-2.03804037857345	-2.29316029333086	-1.92627441623712	2.94460585979375	2.64796473651867	0.664904491829015
TRINITY_GG_87316_c0_g1	1.47170894003214	1.7029444596437	0.530805904615357	-1.2351531014304	-1.2351531014304	-1.2351531014304
TRINITY_GG_33295_c3_g1	-1.08679901026246	-1.08679901026246	-1.08679901026246	1.47611498864964	0.797603542721228	0.986678499416509
TRINITY_GG_78406_c18_g1	1.13969376484084	0.116024858947206	1.3853730387132	-0.880363887500415	-0.880363887500415	-0.880363887500415
TRINITY_GG_71183_c14_g1	-1.91610550719442	-1.87344727426954	-3.78355477641554	0.845867781872947	3.37097469604076	3.35626507996579
TRINITY_GG_25360_c12_g1	-1.28564059313722	-1.28564059313722	-1.28564059313722	1.25140692626744	0.646420578206203	1.95909427493803
TRINITY_GG_11620_c20_g1	-0.779920235720304	-0.779920235720304	-0.779920235720304	0.19093341862018	0.924066368143127	1.2247609203976
TRINITY_GG_21643_c5_g1	0.647070031753422	1.85067981347211	0.289880832378264	-0.929210225867933	-0.929210225867933	-0.929210225867933
TRINITY_GG_95218_c5_g1	-1.4358655943442	-1.4358655943442	-1.4358655943442	1.68631012899674	1.15700998802023	1.46427666601562
TRINITY_GG_17006_c46_g1	1.95020692585512	1.5057406366591	0.169896826811743	-1.20861479644199	-1.20861479644199	-1.20861479644199
TRINITY_GG_73794_c2_g1	1.96571141433658	2.2010050638856	-0.131085515540912	-1.34521032089376	-1.34521032089376	-1.34521032089376
TRINITY_GG_24711_c0_g1	1.12685343002056	0.747953933383421	1.56607508029546	-1.14696081456648	-1.14696081456648	-1.14696081456648
TRINITY_GG_13351_c0_g1	1.07469282464115	1.31683526704775	0.178307965339644	-0.856612019009516	-0.856612019009516	-0.856612019009516
TRINITY_GG_68573_c0_g1	3.04870534319342	2.19478953986903	3.6777610238033	-2.9077414359942	-3.03711086514853	-2.97640360572303
TRINITY_GG_47497_c2_g2	-1.6304004518931	-1.6304004518931	-1.6304004518931	2.50455972073224	1.22877400397333	1.15786763097374
TRINITY_GG_27737_c2_g2	1.38186793433793	0.749753319588196	0.417072168403959	-0.84956447411003	-0.84956447411003	-0.84956447411003
TRINITY_GG_72669_c1_g1	2.64151253326495	1.94060030468276	2.85356281476559	-2.28892574097864	-3.08801304705265	-2.05873686468201
TRINITY_GG_28092_c13_g1	-1.00252452564239	-1.00252452564239	-1.00252452564239	1.33404451612672	0.897424460547279	0.776104600253175
TRINITY_GG_6608_c1_g1	-1.80932090939115	-1.80932090939115	-1.80932090939115	1.74145665315801	2.58375201293833	1.1027540620771
TRINITY_GG_102157_c0_g1	1.56823517240938	1.68766692950636	-0.436082376045863	-0.939939908623292	-0.939939908623292	-0.939939908623292
TRINITY_GG_57032_c0_g1	-0.866387085724233	-0.866387085724233	-0.866387085724233	1.98700980857331	0.188114130458327	0.424037318141066
TRINITY_GG_17539_c46_g1	-1.04114140566917	-1.04114140566917	-1.04114140566917	0.47184392914451	1.45301815804368	1.19856212981931
TRINITY_GG_7016_c10_g2	-0.895083009839118	-0.925690995769515	-0.962721726714482	0.864284282924495	0.888077696411002	1.03113375298762
TRINITY_GG_73593_c31_g2	0.538806889362732	1.15826537224772	2.08998303858244	-1.26235176673097	-1.26235176673097	-1.26235176673097
TRINITY_GG_75610_c5_g2	-0.963234528391745	-0.963234528391745	-0.963234528391745	1.05717877415244	1.92233983597968	-0.0898150249568881
TRINITY_GG_11665_c47_g1	-0.882934285450329	-0.882934285450329	-0.882934285450329	-0.295089276196051	1.31713057606398	1.62676155648306
TRINITY_GG_55795_c1_g1	1.44496794040202	1.6610736806768	1.87608879139875	-1.66071013749252	-1.66071013749252	-1.66071013749252
TRINITY_GG_77532_c0_g2	0.655460677141024	1.07990520905073	3.06656671281272	-1.60064419966816	-1.60064419966816	-1.60064419966816
TRINITY_GG_93170_c34_g1	-0.752532806443072	-0.752532806443072	-0.752532806443072	0.460347759901313	0.91240507099868	0.884845588429223
TRINITY_GG_41249_c0_g1	-0.081755262617676	1.09969527838767	1.73994467522124	-0.919294896997079	-0.919294896997079	-0.919294896997079
TRINITY_GG_27461_c2_g1	1.74040022498906	0.31572464366213	0.762296899621485	-0.93947392275756	-0.93947392275756	-0.93947392275756
TRINITY_GG_103788_c0_g1	0.794928882081461	1.60918868469284	1.35894253268593	-1.25435336648674	-1.25435336648674	-1.25435336648674
TRINITY_GG_82504_c2_g1	0.943705940699331	0.568494421913676	2.36937297024203	-1.29385777761834	-1.29385777761834	-1.29385777761834
TRINITY_GG_69736_c0_g1	-1.15821927059185	-1.15821927059185	-1.15821927059185	1.46330517307961	0.125702501715768	1.88565013698017
TRINITY_GG_98701_c12_g1	-0.830195718869446	-0.830195718869446	-0.830195718869446	1.18843845526961	0.34867823930035	0.953470462038383
TRINITY_GG_52355_c0_g1	0.420071463921549	1.60389124241108	1.54792308830702	-1.19062859821322	-1.19062859821322	-1.19062859821322
TRINITY_GG_82457_c0_g1	-0.793531113596003	-0.793531113596003	-0.793531113596003	0.543894550686685	0.385342844573792	1.45135594552753
TRINITY_GG_17020_c26_g1	-1.00242873147572	-1.00242873147572	-1.00242873147572	0.949904834893965	1.26570619244917	0.791675167084027
TRINITY_GG_86261_c0_g1	0.34608508187885	1.76675854470125	0.743116332585333	-0.951986653055146	-0.951986653055146	-0.951986653055146
TRINITY_GG_67260_c0_g1	-0.955910854392133	-0.955910854392133	-0.955910854392133	0.815974724123233	0.36889974902835	1.68285809002482
TRINITY_GG_79167_c196_g1	-1.10906008777643	-1.10906008777643	-1.10906008777643	1.27968051701083	0.94057067994817	1.10692906637029
TRINITY_GG_95043_c0_g1	-1.38641881097627	-1.38641881097627	-1.38641881097627	1.26296671820525	1.69031129050188	1.20597842422167
TRINITY_GG_84837_c140_g1	1.63108421343526	-0.00380480209959222	2.41350555316867	-1.34692832150144	-1.34692832150144	-1.34692832150144
TRINITY_GG_72434_c0_g1	-0.763692592903519	-0.763692592903519	-0.763692592903519	0.957023649617612	1.07626699458601	0.257787134506933
TRINITY_GG_101546_c2_g1	-2.75672375861939	-2.75672375861939	-2.75672375861939	3.08290836441254	2.79334576294765	2.39391714849799
TRINITY_GG_104629_c0_g1	-1.21818875110508	-1.28031046301288	-1.28031046301288	1.13301281788619	1.54953909683181	1.09625776241283
TRINITY_GG_12659_c0_g1	1.42669317245311	1.72456132366543	0.225059311283464	-1.12543793580067	-1.12543793580067	-1.12543793580067
TRINITY_GG_70154_c0_g1	-1.28371447109734	-2.08055152124095	-1.48304697492539	1.98756013148501	1.95566866667181	0.904084169106873
TRINITY_GG_85496_c0_g1	0.775860388379734	0.367889701289489	1.16509137771212	-0.769613822460446	-0.769613822460446	-0.769613822460446
TRINITY_GG_98150_c0_g1	0.756587810307738	1.26762712946394	0.833893536475187	-0.95270282541562	-0.95270282541562	-0.95270282541562
TRINITY_GG_63281_c0_g1	0.577008728218682	1.11789283999561	0.65937732538712	-0.784759631200471	-0.784759631200471	-0.784759631200471
TRINITY_GG_36890_c0_g1	0.754917028728574	0.464111451336993	1.56394032579144	-0.927656268619004	-0.927656268619004	-0.927656268619004
TRINITY_GG_71193_c15_g2	-1.5091883242518	-1.5091883242518	-1.5091883242518	1.50730799564439	2.18546904129528	0.834787935815733
TRINITY_GG_66897_c2_g1	0.459560417980549	0.862520542618307	1.54813570189913	-0.95673888749933	-0.95673888749933	-0.95673888749933
TRINITY_GG_93077_c0_g1	0.857990051869542	1.75481109488963	0.881929903962436	-1.16491035024054	-1.16491035024054	-1.16491035024054
TRINITY_GG_21230_c53_g1	2.30460111924096	2.50896678456382	1.54114857549191	-1.92622670707892	-2.00044179971793	-2.42804797249983
TRINITY_GG_59175_c0_g1	0.756379716584874	0.425585594908612	1.21339872643447	-0.798454679309319	-0.798454679309319	-0.798454679309319
TRINITY_GG_20392_c38_g1	0.405784747752793	1.02695698665603	0.920800397212577	-0.784514043873801	-0.784514043873801	-0.784514043873801
TRINITY_GG_84075_c55_g1	-0.829321843973239	-0.829321843973239	-0.829321843973239	0.686188775995772	1.1348919339737	0.666884821950245
TRINITY_GG_64890_c4_g2	-0.951600407366399	-0.951600407366399	-0.951600407366399	1.16941499359497	0.315635734446011	1.36975049405822
TRINITY_GG_43788_c8_g1	1.44539177170716	0.175439067275268	0.987083422864962	-0.869304753949129	-0.869304753949129	-0.869304753949129
TRINITY_GG_73754_c6_g1	-0.884445226813311	-0.884445226813311	-0.884445226813311	0.473388251816179	1.40036499571692	0.779582432906836
TRINITY_GG_30252_c0_g1	-0.889113749482689	-0.889113749482689	-0.889113749482689	0.799737994383191	0.733816601437487	1.13378665262739
TRINITY_GG_22424_c1_g1	-2.06894697772253	-2.06894697772253	-2.06894697772253	2.99653916938689	0.476280090497627	2.73402167328306
TRINITY_GG_15082_c109_g1	0.857545074667608	2.3023299173405	0.491006093079954	-1.21696036169602	-1.21696036169602	-1.21696036169602
TRINITY_GG_100724_c0_g1	-1.15481505349397	-1.15481505349397	-1.15481505349397	1.05214067889331	1.24490293003706	1.16740155155152
TRINITY_GG_17175_c40_g1	0.402554374815253	0.289468463577402	1.81850816186125	-0.836843666751302	-0.836843666751302	-0.836843666751302
TRINITY_GG_86539_c0_g1	0.992752107647625	0.865653794192434	1.00510637473907	-0.922260527370616	-0.905462276207483	-1.03578947300103
TRINITY_GG_96218_c1_g1	-1.33339669900155	-1.33339669900155	-1.33339669900155	1.45925045723663	1.48504487676261	1.05589476300542
TRINITY_GG_89254_c57_g1	0.684537490373412	0.436581095013549	1.75268055544027	-0.95793304694241	-0.95793304694241	-0.95793304694241
TRINITY_GG_12534_c65_g1	0.573916753938748	1.30150781058771	0.874535564995907	-0.916653376507454	-0.916653376507454	-0.916653376507454
TRINITY_GG_11675_c34_g2	0.820626649668971	1.02091649730263	0.501666453464356	-0.781069866811986	-0.781069866811986	-0.781069866811986
TRINITY_GG_25858_c0_g2	-1.01685991844523	-1.01685991844523	-1.01685991844523	1.25396799710844	2.03694652525057	-0.240334767023316
TRINITY_GG_30449_c30_g1	-0.860675875739031	-0.860675875739031	-0.860675875739031	0.55345965724542	0.758971891191844	1.26959607877983
TRINITY_GG_34807_c18_g1	-0.815134036212896	-0.815134036212896	-0.815134036212896	1.09521487916803	1.3432029909542	0.00698423851644869
TRINITY_GG_100900_c0_g1	-1.18181860834505	-1.62206774565063	-1.78335599432561	2.01809676167527	1.14543364654981	1.4237119400962
TRINITY_GG_19682_c21_g1	-0.994140824274059	-0.994140824274059	-0.994140824274059	1.57413454751422	1.25772972442788	0.150558200880081
TRINITY_GG_88325_c1_g1	-0.800812468310192	-0.800812468310192	-0.800812468310192	0.559832734150024	0.328140752075814	1.51446391870474
TRINITY_GG_32311_c0_g1	-0.888456185414955	-0.888456185414955	-0.888456185414955	1.13266815462065	0.836194086318012	0.696506315306201
TRINITY_GG_27884_c1_g1	-0.990892869236798	-0.990892869236798	-0.990892869236798	1.39977481632287	0.384285610352814	1.18861818103471
TRINITY_GG_13719_c1_g1	1.17863734873942	1.25472929808877	1.93031736607558	-1.45456133763459	-1.45456133763459	-1.45456133763459
TRINITY_GG_79181_c38_g2	1.23156486299731	0.723993240702998	0.708811830865347	-0.888123311521885	-0.888123311521885	-0.888123311521885
TRINITY_GG_99707_c0_g1	1.57420018678515	0.679933596374408	0.187007429642852	-0.813713737600802	-0.813713737600802	-0.813713737600802
TRINITY_GG_68288_c0_g1	1.08128322771866	1.20536583683242	2.32844455308555	-1.53836453921221	-1.53836453921221	-1.53836453921221
TRINITY_GG_29596_c18_g1	1.215944759198	1.73995698457165	0.252470635223111	-1.06945745966425	-1.06945745966425	-1.06945745966425
TRINITY_GG_63364_c1_g1	-0.360146399293479	1.49570595347346	1.88889518313194	-1.00815157910397	-1.00815157910397	-1.00815157910397
TRINITY_GG_24817_c17_g1	0.749977471073139	1.32412809097513	1.13128675202481	-1.06846410469103	-1.06846410469103	-1.06846410469103
TRINITY_GG_26612_c0_g1	0.954892308228751	1.78937089060901	1.20264670361814	-1.31563663415197	-1.31563663415197	-1.31563663415197
TRINITY_GG_93010_c0_g1	-0.889661350769979	-0.889661350769979	-0.889661350769979	0.473790106301734	0.901527590733382	1.29366635527482
TRINITY_GG_24401_c0_g2	0.0951787725446304	1.34441736351249	1.45293337915826	-0.964176505071791	-0.964176505071791	-0.964176505071791
TRINITY_GG_89896_c44_g1	-1.35740050976117	-1.35740050976117	-1.35740050976117	2.37258723319655	1.02526674298387	0.674347553103105
TRINITY_GG_23942_c0_g1	1.0469860101605	0.601252974557958	1.31873021579544	-0.988989733504632	-0.988989733504632	-0.988989733504632
TRINITY_GG_8108_c0_g1	0.714271216871829	0.328058759269461	1.38403655862897	-0.80878884492342	-0.80878884492342	-0.80878884492342
TRINITY_GG_72593_c5_g2	-1.10360224636178	-1.10360224636178	-1.10360224636178	2.46831721688377	-0.210628431088451	1.05311795329003
TRINITY_GG_73337_c0_g1	-0.911613322555895	-0.911613322555895	-0.911613322555895	0.962986943493684	0.780813875533813	0.991039148640187
TRINITY_GG_37524_c3_g1	-3.22679324489671	-3.25355288865232	-2.03511848088455	3.32460005407158	2.02273301122558	3.16813154913643
TRINITY_GG_72701_c166_g1	-1.08922402109923	-1.08922402109923	-1.08922402109923	1.14190113677982	1.21499494761712	0.910775978900765
TRINITY_GG_15910_c36_g2	-1.25734538549273	-1.31808454335041	-1.31808454335041	1.43915210379954	1.37054344013645	1.08381892825755
TRINITY_GG_72122_c4_g1	-1.15203660212857	-1.15203660212857	-1.15203660212857	0.819552933401488	1.88903111495811	0.747525758026119
TRINITY_GG_12036_c0_g3	2.03773756378148	0.908751123061404	1.2965033124841	-1.41433066644233	-1.41433066644233	-1.41433066644233
TRINITY_GG_90565_c7_g1	1.69085284117235	0.920155550117129	0.184521469696468	-0.931843286995317	-0.931843286995317	-0.931843286995317
TRINITY_GG_65208_c33_g1	1.34773842189804	1.19159505807954	1.72930419429689	-1.42287922475816	-1.42287922475816	-1.42287922475816
TRINITY_GG_53970_c3_g1	1.14447963774656	0.369320890077536	0.715336371160986	-0.743045632995027	-0.743045632995027	-0.743045632995027
TRINITY_GG_105295_c0_g1	1.3458231571352	0.87676379635715	2.25712452089601	-1.5716085982549	-1.33649427787855	-1.5716085982549
TRINITY_GG_15148_c2_g1	-1.00291865692093	-1.07330798481233	-1.07330798481233	1.91018730960218	0.458260624002634	0.781086692940772
TRINITY_GG_6400_c1_g1	-0.913875518867922	-0.913875518867922	-0.913875518867922	1.31109084613235	0.832437247557536	0.598098462913879
TRINITY_GG_48870_c0_g1	-0.735495770280794	-0.735495770280794	-0.735495770280794	0.709171296561113	0.546647458500704	0.950668555780565
TRINITY_GG_30449_c11_g1	-1.09019247448205	-1.09019247448205	-1.09019247448205	0.721689521736617	1.56217928863432	0.986708613075213
TRINITY_GG_40911_c0_g1	-0.745779793345194	-0.745779793345194	-0.745779793345194	0.46398547262891	0.796230562191416	0.977123345215255
TRINITY_GG_98822_c0_g1	-1.18029287449803	-1.18029287449803	-1.18029287449803	1.2683438225863	1.50497453201881	0.767560268888985
TRINITY_GG_77151_c1_g1	-1.67294736276471	-1.67294736276471	-1.67294736276471	1.56874030797769	1.53868789056244	1.911413889754
TRINITY_GG_13474_c25_g1	-1.64969959847981	-1.64969959847981	-1.64969959847981	1.08906823832038	1.37904634374731	2.48098421337174
TRINITY_GG_10958_c0_g2	-1.02952363449408	-1.02952363449408	-1.02952363449408	0.949770075951647	0.639503131015548	1.49929769651505
TRINITY_GG_17108_c18_g1	-1.37553416656414	-1.37553416656414	-1.37553416656414	1.21901438298621	1.48860244264606	1.41898567406015
TRINITY_GG_80153_c24_g3	-0.995766438398005	-0.995766438398005	-0.995766438398005	0.547729445027767	1.16450839301059	1.27506147715566
TRINITY_GG_32781_c0_g1	-0.800075697851271	-0.800075697851271	-0.800075697851271	0.464760950616509	1.36984930359104	0.565616839346262
TRINITY_GG_98242_c6_g1	-1.20695361143659	-1.20695361143659	-1.20695361143659	1.62553137885102	0.638636797411268	1.35669265804748
TRINITY_GG_87966_c94_g1	-1.01482938042448	-1.01482938042448	-1.01482938042448	1.08412909966369	1.37968476153148	0.580674280078264
TRINITY_GG_98761_c3_g1	-1.19053958095097	-1.19053958095097	-1.19053958095097	1.32269848138213	0.76477322249374	1.48414703897703
TRINITY_GG_68962_c1_g1	-0.937617063296034	-0.937617063296034	-0.937617063296034	1.3118282777898	1.77871541699195	-0.277692504893656
TRINITY_GG_48630_c0_g4	-0.927473890350657	-0.927473890350657	-0.927473890350657	1.0925837619906	0.234091366046375	1.455746543015
TRINITY_GG_17998_c0_g1	-1.30189648619803	-1.30189648619803	-1.30189648619803	1.3925380176755	2.749475615523	-0.236324174604408
TRINITY_GG_72755_c0_g3	-0.961588525652895	-0.961588525652895	-0.961588525652895	2.43908601631112	0.802247933238056	-0.356568372590486
TRINITY_GG_18663_c4_g1	1.20922356698806	0.843851457024274	1.53804789685555	-1.19704097362263	-1.19704097362263	-1.19704097362263
TRINITY_GG_22273_c8_g1	0.758180175853707	1.73681348231797	0.120284042585824	-0.871759233585833	-0.871759233585833	-0.871759233585833
TRINITY_GG_98682_c2_g1	-1.2553455615752	-1.2553455615752	-1.2553455615752	1.72577642821911	1.49568961509266	0.544570641413816
TRINITY_GG_106382_c0_g1	-1.58763743511089	-1.73819711168628	-1.73819711168628	2.88502596421023	1.25819163476134	0.920814059511874
TRINITY_GG_71275_c78_g2	-1.077266429664	2.40389532929101	2.79410207148926	-1.37357699037209	-1.37357699037209	-1.37357699037209
TRINITY_GG_73723_c43_g3	-1.23607819927587	-1.23607819927587	-1.23607819927587	0.750514768030025	2.16664397756973	0.791075852227856
TRINITY_GG_17710_c0_g1	-2.41606966693615	-2.64134459680572	-2.02592829954285	1.65224660109042	1.44271966798276	3.98837629421154
TRINITY_GG_50016_c0_g2	0.932973022647904	0.582505731545145	1.24399585631955	-0.919824870170867	-0.919824870170867	-0.919824870170867
TRINITY_GG_63687_c0_g1	-1.07801660012621	-1.07801660012621	-1.07801660012621	1.50212888429717	0.885457523848671	0.846463392232808
TRINITY_GG_60342_c0_g1	-0.996835094962848	-0.996835094962848	-0.996835094962848	1.17405138271691	0.369417168736717	1.44703673343492
TRINITY_GG_29977_c0_g1	1.59019960383448	1.63195863931589	0.26677282731257	-1.16297702348765	-1.16297702348765	-1.16297702348765
TRINITY_GG_70520_c65_g1	-1.08617084594871	-1.08617084594871	-1.08617084594871	1.22620390082644	1.22939538437024	0.802913252649441
TRINITY_GG_81744_c5_g1	-1.49610919166258	-1.49610919166258	-1.49610919166258	3.01124147406242	-0.246360476579012	1.72344657750433
TRINITY_GG_21230_c87_g1	1.27519558498891	0.116532434396946	1.61574698685013	-1.00249166874533	-1.00249166874533	-1.00249166874533
TRINITY_GG_75972_c0_g1	1.80217238661345	0.639464178879391	0.622483000957832	-1.02137318881689	-1.02137318881689	-1.02137318881689
TRINITY_GG_105580_c0_g1	-1.06974709751629	-1.06974709751629	-1.06974709751629	2.14173241607509	0.217725197602777	0.849783678870999
TRINITY_GG_28762_c4_g1	1.46111457172974	0.588193556578224	0.767322208495341	-0.938876778934436	-0.938876778934436	-0.938876778934436
TRINITY_GG_15254_c13_g1	-1.03540876355759	-1.03540876355759	-1.03540876355759	1.41454872007042	1.29199118253983	0.39968638806251
TRINITY_GG_68938_c0_g2	-1.17672505550684	-1.17672505550684	-1.17672505550684	0.752308423139017	2.192881014525	0.584985728856504
TRINITY_GG_12716_c0_g1	0.475439598419421	1.63743480679222	1.52601936472247	-1.21296458997804	-1.21296458997804	-1.21296458997804
TRINITY_GG_87206_c7_g1	1.22994956325324	1.46862476345863	0.00436959300775086	-0.900981306573208	-0.900981306573208	-0.900981306573208
TRINITY_GG_53632_c0_g1	0.681321120611757	1.1358144259485	0.41689005565771	-0.744675200739322	-0.744675200739322	-0.744675200739322
TRINITY_GG_70583_c75_g1	-1.20894983117215	-1.20894983117215	-1.20894983117215	0.573039284692554	1.71210559005018	1.34170461877371
TRINITY_GG_50560_c1_g1	0.611005165543522	1.46600767774458	0.26692392841761	-0.781312257235238	-0.781312257235238	-0.781312257235238
TRINITY_GG_17064_c31_g1	-0.836704405675489	-0.836704405675489	-0.836704405675489	0.849011530315163	0.597857106197119	1.06324458051418
TRINITY_GG_18574_c18_g1	-1.44954040565855	-1.44954040565855	-1.44954040565855	1.16564044565669	1.93630474292112	1.24667602839784
TRINITY_GG_11497_c1_g1	-1.17246856103192	-1.17246856103192	-1.17246856103192	1.12648295543613	2.05141730690975	0.339505420749881
TRINITY_GG_49007_c0_g3	1.56573328763995	1.00910505538115	0.831943566297869	-1.13559396977299	-1.13559396977299	-1.13559396977299
TRINITY_GG_77600_c0_g1	-2.47059286984606	-2.47059286984606	-2.47059286984606	2.37253675842073	2.33438996132146	2.704851889796
TRINITY_GG_65029_c4_g1	-0.943988004283656	-0.943988004283656	-0.943988004283656	0.65913386555634	1.99580275061692	0.177027396677709
TRINITY_GG_77379_c11_g1	-1.08166453207546	-1.08166453207546	-1.08166453207546	1.30817757690037	-0.359198507604365	2.29601452693036
TRINITY_GG_72982_c20_g1	-0.776369974107526	-0.776369974107526	-0.776369974107526	1.20072673838943	0.18710414986736	0.941279034065789
TRINITY_GG_18574_c9_g1	-1.32210251217791	-1.32210251217791	-1.32210251217791	0.804209618150793	1.82861962090807	1.33347829747487
TRINITY_GG_71865_c0_g1	-0.825392433010546	-0.825392433010546	-0.825392433010546	1.52028779777581	0.306197051317589	0.649692449938237
TRINITY_GG_95434_c0_g1	0.397281112931774	1.13069957913488	0.690718781716673	-0.739566491261107	-0.739566491261107	-0.739566491261107
TRINITY_GG_13422_c39_g1	-0.949836685673546	-0.949836685673546	-0.949836685673546	0.844267212886202	1.05088448157011	0.954358362564329
TRINITY_GG_48843_c0_g1	-1.51467728165987	-1.20734563411745	-1.56486303882809	1.48034760713881	1.71810007303651	1.08843827443009
TRINITY_GG_41376_c0_g1	2.19355391569244	0.546342397620012	1.85895479564608	-1.53295036965284	-1.53295036965284	-1.53295036965284
TRINITY_GG_79181_c34_g1	-1.13332657335035	-1.13332657335035	-1.13332657335035	1.07581482448825	0.810407256284182	1.51375763927861
TRINITY_GG_17375_c33_g1	-0.965301382001798	-0.965301382001798	-0.965301382001798	0.0696186023473612	1.58338183615538	1.24290370750265
TRINITY_GG_24949_c0_g2	1.21184277754797	1.54029759961488	0.0786075854348377	-0.943582654199228	-0.943582654199228	-0.943582654199228
TRINITY_GG_32300_c16_g1	0.24354828853001	1.02921381198675	1.41303644060006	-0.895266180372272	-0.895266180372272	-0.895266180372272
TRINITY_GG_71256_c0_g3	1.6708108277073	1.31369724136594	1.53585623578806	-1.50678810162043	-1.50678810162043	-1.50678810162043
TRINITY_GG_58362_c0_g2	-1.52885823703279	-1.52885823703279	-1.52885823703279	1.85740090410056	1.24492715233111	1.4842466546667
TRINITY_GG_33032_c2_g1	-0.762138235571374	-0.762138235571374	-0.762138235571374	0.471749824602903	1.28225588378708	0.532408998324141
TRINITY_GG_57655_c1_g1	-0.942317118312453	-0.942317118312453	-0.942317118312453	1.41579777942276	1.01262361677664	0.398529958737961
TRINITY_GG_83384_c6_g1	0.891068425241484	0.809474182080283	0.561973654889575	-0.754172087403781	-0.754172087403781	-0.754172087403781
TRINITY_GG_11070_c2_g1	-1.49147991616159	-1.24536011986259	-1.08924091794531	1.88855113328934	1.51306360011732	0.424466220562838
TRINITY_GG_50401_c0_g1	-1.0689638928679	-1.0689638928679	-1.0689638928679	1.98744622423065	-0.1025334255616	1.32197887993464
TRINITY_GG_71136_c0_g1	1.17796470607323	1.4209762294397	1.62464139135449	-1.73942532556872	-0.97324577527342	-1.51091122602528
TRINITY_GG_66600_c1_g1	-0.794567537031083	-0.794567537031083	-0.794567537031083	0.79183693786398	1.30236894547187	0.289496727757392
TRINITY_GG_72701_c71_g1	-0.773919389213472	-0.773919389213472	-0.773919389213472	0.265920875318319	1.36980054188145	0.686036750440651
TRINITY_GG_76438_c66_g2	1.52406491225764	1.56840466845366	1.18167591829015	-1.30716665124017	-1.48348942388063	-1.48348942388063
TRINITY_GG_11080_c16_g2	-1.74698241826963	-1.74698241826963	-1.74698241826963	2.47497197558259	2.10261659288183	0.663358686344462
TRINITY_GG_32319_c3_g1	-1.89153725345458	-1.80386993413134	-1.53231868299879	1.96784160534194	1.03033952207779	2.22954474316498
TRINITY_GG_81730_c9_g1	-0.618902212309777	2.3389450705398	1.3513731451347	-1.02380533445491	-1.02380533445491	-1.02380533445491
TRINITY_GG_40670_c0_g1	-1.72341818973035	-1.72341818973035	-1.72341818973035	0.519336732345926	2.83778573103957	1.81313210580556
TRINITY_GG_24239_c11_g3	2.10682648462277	-0.635746482114007	2.00835047116489	-1.15981015789122	-1.15981015789122	-1.15981015789122
TRINITY_GG_2310_c0_g1	1.30840823532212	1.30808745821332	-0.033869416154629	-0.860875425793606	-0.860875425793606	-0.860875425793606
TRINITY_GG_71465_c0_g1	-1.28757841122196	-1.28757841122196	-1.28757841122196	1.92187495440699	1.28845992554013	0.65240035371875
TRINITY_GG_61045_c5_g1	0.384436009501435	1.50367641187872	1.31952734824541	-1.06921325654186	-1.06921325654186	-1.06921325654186
TRINITY_GG_16945_c36_g1	1.27397921124679	1.16608893273206	1.59834571736685	-1.3461379537819	-1.3461379537819	-1.3461379537819
TRINITY_GG_47251_c0_g1	-0.801320208772261	-0.801320208772261	-0.801320208772261	0.705586345808432	0.749087984445019	0.949286296063332
TRINITY_GG_75031_c3_g1	-0.868589570203969	-0.868589570203969	-0.868589570203969	1.32234128935865	0.269569575025501	1.01385784622776
TRINITY_GG_71942_c36_g1	0.790608199741432	0.758490093846995	1.02309264661876	-0.857396980069062	-0.857396980069062	-0.857396980069062
TRINITY_GG_15251_c7_g1	0.260126492804799	0.947702079983409	1.37483815168149	-0.860888908156567	-0.860888908156567	-0.860888908156567
TRINITY_GG_30959_c1_g2	1.5768569724299	2.064233622404	0.469092391833891	-1.37006099555593	-1.37006099555593	-1.37006099555593
TRINITY_GG_24716_c3_g2	0.209784942316728	1.19872975380773	1.16504662755144	-0.857853774558635	-0.857853774558635	-0.857853774558635
TRINITY_GG_85746_c23_g1	0.583920794322576	0.993595875552999	0.852616774137427	-0.810044481337667	-0.810044481337667	-0.810044481337667
TRINITY_GG_40194_c0_g1	0.414365288403705	1.38534811543817	1.65836660984459	-1.15269333789549	-1.15269333789549	-1.15269333789549
TRINITY_GG_2976_c0_g1	-1.74605035571499	-1.74605035571499	-1.74605035571499	2.01544768883511	1.97761741396585	1.24508596434401
TRINITY_GG_11309_c5_g2	-1.62271716539134	-1.62271716539134	-1.62271716539134	3.53489251361773	1.75120939729302	-0.417950414736729
TRINITY_GG_92444_c2_g2	-1.22214866560491	-1.07549344348545	-1.22214866560491	1.01908136991053	1.36137041824658	1.13933898653816
TRINITY_GG_71984_c111_g1	-1.03719844619285	-1.03719844619285	-1.03719844619285	1.96027462577811	0.443066675861609	0.708254036938844
TRINITY_GG_22284_c37_g1	-0.752752838404765	-0.752752838404765	-0.752752838404765	0.822075285182678	0.585814198596386	0.850369031435231
TRINITY_GG_46694_c0_g2	0.922193847001086	0.538425130326814	1.6062504951151	-1.02228982414767	-1.02228982414767	-1.02228982414767
TRINITY_GG_76110_c0_g2	0.513401230994047	1.80039349109128	0.550969516776137	-0.95492141295382	-0.95492141295382	-0.95492141295382
TRINITY_GG_71770_c0_g1	0.357956583227695	2.26859177817539	2.16367457978499	-1.26621620617979	-1.59423702128212	-1.92976971372616
TRINITY_GG_71933_c81_g1	-0.734314743352525	-0.734314743352525	-0.734314743352525	0.869756580316336	0.508744962720003	0.824442687021237
TRINITY_GG_38323_c1_g1	-1.08799082087344	-1.08799082087344	-1.08799082087344	0.869552379883662	0.744291614827533	1.65012846790913
TRINITY_GG_105180_c19_g1	-0.779792107636997	-0.779792107636997	-0.779792107636997	1.11938352284352	0.440537847242559	0.779454952824916
TRINITY_GG_98649_c39_g1	-1.09398152949414	-1.09398152949414	-1.09398152949414	0.395561406148337	1.78533214681675	1.10105103551732
TRINITY_GG_36873_c1_g1	-0.933228575635626	-0.933228575635626	-0.933228575635626	-0.0472638188816552	2.19473480248796	0.652214743300576
TRINITY_GG_72751_c1_g1	0.524878693184393	0.535615077922154	2.41663309176825	-1.15904228762493	-1.15904228762493	-1.15904228762493
TRINITY_GG_37842_c0_g1	-1.00594175583597	-1.00594175583597	-1.00594175583597	1.05721600282435	1.12860777862849	0.83200148605506
TRINITY_GG_91140_c5_g1	-0.885598791365306	-0.885598791365306	-0.885598791365306	0.734518373663378	1.20998811663242	0.712289883800121
TRINITY_GG_19852_c15_g2	1.13925123429761	0.700575384663906	0.395627337096718	-0.745151318686078	-0.745151318686078	-0.745151318686078
TRINITY_GG_53783_c0_g1	1.3696984497806	1.0550804431255	0.853853421878707	-1.0928774382616	-1.0928774382616	-1.0928774382616
TRINITY_GG_89342_c4_g1	-0.929681091090444	-0.929681091090444	-0.929681091090444	1.27946030674815	0.59688856940734	0.912694397115844
TRINITY_GG_102953_c14_g1	-1.11505181270054	-1.11505181270054	-1.11505181270054	1.34569075108911	1.33252738384834	0.666937303164165
TRINITY_GG_27074_c16_g1	2.00673257412361	-0.979964283090397	2.94451110600134	-1.30435175074268	-1.38159474967514	-1.28533289661673
TRINITY_GG_26085_c12_g1	0.754419864265056	0.902845286835388	1.15407775086199	-0.937114300654144	-0.937114300654144	-0.937114300654144
TRINITY_GG_96023_c0_g1	1.10452725466821	1.74815166758632	1.38707812412984	-1.41325234879479	-1.41325234879479	-1.41325234879479
TRINITY_GG_11649_c61_g1	1.71892898319359	2.36260686802143	2.35497858830108	-2.14550481317203	-2.14550481317203	-2.14550481317203
TRINITY_GG_11071_c26_g1	-1.1077550311327	-1.1077550311327	-1.1077550311327	0.661593568345154	1.03563838756048	1.62603313749248
TRINITY_GG_101233_c0_g2	-0.746519331174293	-0.746519331174293	-0.746519331174293	0.835072947661721	1.08819188463043	0.316293161230728
TRINITY_GG_78484_c22_g1	-0.896082809470791	-0.896082809470791	-0.896082809470791	0.313682456503313	0.697031887013825	1.67753408489523
TRINITY_GG_4828_c0_g1	0.880341537559503	1.63871870094957	1.43351132287363	-1.31752385379424	-1.31752385379424	-1.31752385379424
TRINITY_GG_80363_c0_g1	1.69877802032266	1.29059285429963	1.97511183842408	-1.65482757101546	-1.65482757101546	-1.65482757101546
TRINITY_GG_73612_c11_g1	0.583162380438402	0.735066282089891	1.55385408547116	-0.957360915999817	-0.957360915999817	-0.957360915999817
TRINITY_GG_101679_c23_g2	0.571210148276951	0.926841546832521	0.98993164881086	-0.829327781306777	-0.829327781306777	-0.829327781306777
TRINITY_GG_50083_c0_g1	1.37471751132418	1.48337139103168	1.57044440569249	-1.57878887357604	-1.34690441412956	-1.50284002034274
TRINITY_GG_20841_c0_g1	1.17936453336496	0.566946896963153	0.485613084473461	-0.743974838267191	-0.743974838267191	-0.743974838267191
TRINITY_GG_42203_c1_g3	-0.870202967964765	-0.870202967964765	-0.870202967964765	1.16963729656703	0.785606786390687	0.655364820936582
TRINITY_GG_70429_c0_g1	1.3138587024635	0.284357419795056	0.869766368002643	-0.822660830087065	-0.822660830087065	-0.822660830087065
TRINITY_GG_105297_c0_g1	-1.9887022804635	-2.52822181042349	-1.91145928153104	4.17676753932931	4.28203221262897	-2.03041637954025
TRINITY_GG_54916_c0_g1	-1.07718968269366	-1.07718968269366	-1.07718968269366	0.388001205232319	1.31787311682391	1.52569472602476
TRINITY_GG_19271_c22_g3	-0.821686356194191	-0.821686356194191	-0.821686356194191	1.31876512075947	-0.0102153256643555	1.15650927348746
TRINITY_GG_30805_c0_g1	-0.883414172675827	-0.883414172675827	-0.883414172675827	0.296733688482601	0.776966862566584	1.5765419669783
TRINITY_GG_55341_c0_g4	-0.786626402613757	-0.786626402613757	-0.786626402613757	1.09111784733525	1.14619070012809	0.122570660377931
TRINITY_GG_44072_c1_g1	0.86765288483198	1.18065797136232	1.95927372270204	-1.33586152629878	-1.33586152629878	-1.33586152629878
TRINITY_GG_91818_c8_g1	-1.84398677105874	-1.84398677105874	-1.84398677105874	2.30095692382224	2.44761678697182	0.783386602382171
TRINITY_GG_81779_c0_g1	1.6638428756265	0.883943834508765	0.609023489357663	-1.05227006649764	-1.05227006649764	-1.05227006649764
TRINITY_GG_82228_c0_g1	-0.075417123861567	1.27585156086272	1.38058503927213	-0.860339825424428	-0.860339825424428	-0.860339825424428
TRINITY_GG_26360_c11_g1	-0.990467279286784	-0.990467279286784	-0.990467279286784	1.13220543953736	0.995761600940616	0.84343479738238
TRINITY_GG_14375_c0_g1	-1.44290130777525	-1.44290130777525	-1.44290130777525	1.62559753852456	1.40529595917734	1.29781042562385
TRINITY_GG_94121_c20_g1	1.06212134260677	1.18661514488232	0.102874796684308	-0.783870428057801	-0.783870428057801	-0.783870428057801
TRINITY_GG_22966_c3_g1	1.63726958464815	0.371507321625589	1.36071596379214	-1.12316429002196	-1.12316429002196	-1.12316429002196
TRINITY_GG_97711_c0_g2	-0.892775728184843	-0.892775728184843	-0.892775728184843	1.17245189459078	0.684955203305237	0.820920086658516
TRINITY_GG_71987_c77_g1	-1.08841018176334	-1.08841018176334	-1.08841018176334	1.89763662046282	0.112596284292748	1.25499764053447
TRINITY_GG_31742_c3_g1	-0.880782745517197	-0.880782745517197	-0.880782745517197	1.44891494351608	-0.256915883664499	1.45034917670001
TRINITY_GG_38874_c5_g1	1.60120492626382	1.36278581968428	1.14771481684056	-1.37056852092955	-1.37056852092955	-1.37056852092955
TRINITY_GG_11594_c9_g1	-1.26269474185224	-1.26269474185224	-1.26269474185224	-0.612849389546231	2.34386592928595	2.05706768581701
TRINITY_GG_92446_c37_g1	-1.23337840709173	-1.23337840709173	-1.23337840709173	1.25127534064184	0.718209387723024	1.73065049291033
TRINITY_GG_24817_c14_g1	0.49264724156476	0.966694537501829	1.7915572691032	-1.0836330160566	-1.0836330160566	-1.0836330160566
TRINITY_GG_86380_c13_g1	1.51840069419858	0.481763503406165	0.397414233669927	-0.799192810424891	-0.799192810424891	-0.799192810424891
TRINITY_GG_79856_c0_g1	0.661629378622286	0.352587805020512	1.84855590223852	-0.954257695293771	-0.954257695293771	-0.954257695293771
TRINITY_GG_73733_c104_g1	-0.898855174938141	-0.898855174938141	-0.898855174938141	1.32487627019996	0.309662084867403	1.06202716974706
TRINITY_GG_106765_c1_g1	-1.2105075533625	-1.2105075533625	-1.2105075533625	0.620558957242576	1.06717970037175	1.94378400247317
TRINITY_GG_69341_c0_g1	0.606533463466282	1.9239564791857	1.55473499766529	-1.36174164677242	-1.36174164677242	-1.36174164677242
TRINITY_GG_25860_c0_g2	-0.921770470018929	-0.921770470018929	-0.921770470018929	1.45507554399739	1.00118849421724	0.309047371842154
TRINITY_GG_51993_c0_g1	-1.10324412971632	-1.10324412971632	-1.10324412971632	0.50651083245612	1.56192121245446	1.24130034423839
TRINITY_GG_90919_c2_g1	0.807642793473526	0.594637902342814	0.836346828306461	-0.7462091747076	-0.7462091747076	-0.7462091747076
TRINITY_GG_30449_c7_g2	-1.392184296956	-1.392184296956	-1.392184296956	1.50486246527991	1.27706928956517	1.39462113602291
TRINITY_GG_58220_c1_g1	-1.38215487540074	-1.2790158679626	-1.51044827641056	1.5650843547568	1.284903088756	1.3216315762611
TRINITY_GG_89737_c1_g1	-1.18107068898546	-1.18107068898546	-1.18107068898546	1.1350750533079	0.655257444938519	1.75287956870996
TRINITY_GG_19144_c7_g2	0.277832023270452	2.28216748192997	0.558416630073963	-1.03947204509146	-1.03947204509146	-1.03947204509146
TRINITY_GG_71933_c81_g2	-1.26366542647058	-1.26366542647058	-1.26366542647058	1.07061679882466	1.46098484526239	1.25939463532467
TRINITY_GG_55917_c0_g1	0.852295319983811	1.28210690663253	2.25627985964412	-1.46356069542015	-1.46356069542015	-1.46356069542015
TRINITY_GG_56674_c0_g1	0.833446328796396	1.20667334892186	0.603267052447437	-0.88112891005523	-0.88112891005523	-0.88112891005523
TRINITY_GG_70574_c163_g1	0.529321296018092	0.263843338064254	1.75440634762457	-0.849190327235638	-0.849190327235638	-0.849190327235638
TRINITY_GG_31007_c0_g1	0.553143853911054	0.561033612079354	1.28297158551152	-0.799049683833978	-0.799049683833978	-0.799049683833978
TRINITY_GG_14562_c0_g1	-1.49643510726749	-1.49643510726749	-1.49643510726749	1.8218817340675	1.1314051577765	1.53601842995847
TRINITY_GG_25860_c0_g1	-1.0657878184185	-1.0657878184185	-1.0657878184185	-0.0210439971941017	1.32405429055733	1.89435316189227
TRINITY_GG_49047_c0_g1	1.82221970635489	0.241391940461323	0.650222885216591	-0.904611510677602	-0.904611510677602	-0.904611510677602
TRINITY_GG_7582_c0_g1	0.886552691606668	0.293847215489427	1.16157475552651	-0.780658220874203	-0.780658220874203	-0.780658220874203
TRINITY_GG_3182_c0_g2	-0.816060740471461	-0.816060740471461	-0.816060740471461	0.53217167876781	1.54430353607201	0.371707006574564
TRINITY_GG_72669_c38_g1	1.68229620420181	0.477726863897537	0.723271679734919	-0.961098249278087	-0.961098249278087	-0.961098249278087
TRINITY_GG_11071_c23_g4	-0.815529308058796	-0.815529308058796	-0.815529308058796	0.57072983307455	0.917391074049461	0.958467017052377
TRINITY_GG_80312_c0_g2	-0.803199899155109	-0.803199899155109	-0.803199899155109	-0.0590388035846986	1.19391182152006	1.27472667952996
TRINITY_GG_86487_c1_g2	-0.103801273066463	1.38506040291532	1.42242893580747	-0.901229355218776	-0.901229355218776	-0.901229355218776
TRINITY_GG_71933_c148_g1	-0.919002164690198	-0.919002164690198	-0.919002164690198	0.71000466873698	1.57643717826109	0.470564647072528
TRINITY_GG_78025_c0_g1	-0.820875321315998	-0.820875321315998	-0.820875321315998	1.51940208345026	0.471317452585893	0.471906427911847
TRINITY_GG_8635_c0_g1	1.156772888252	1.93172415962338	0.622256579930981	-1.23691787593545	-1.23691787593545	-1.23691787593545
TRINITY_GG_7750_c3_g2	0.181803027298917	1.47693253138319	1.68478704154542	-1.11450753340918	-1.11450753340918	-1.11450753340918
TRINITY_GG_62923_c0_g1	1.78498150111846	0.376002682264627	0.838211385572498	-0.999731856318529	-0.999731856318529	-0.999731856318529
TRINITY_GG_23836_c1_g4	1.34032155330161	1.60976173453826	1.31216946462123	-1.42075091748703	-1.42075091748703	-1.42075091748703
TRINITY_GG_15239_c14_g1	-1.09785324205549	-1.09785324205549	-1.09785324205549	1.31763502899421	0.624612782415596	1.35131191475668
TRINITY_GG_59688_c0_g2	0.817324466302279	1.50935373443749	0.796485175599611	-1.04105445877979	-1.04105445877979	-1.04105445877979
TRINITY_GG_81772_c0_g1	2.05743012456256	0.385857086651352	0.626906968886543	-1.02339806003349	-1.02339806003349	-1.02339806003349
TRINITY_GG_17118_c113_g1	-1.41488053346409	-1.41488053346409	-1.41488053346409	1.69514855933528	1.25618633850036	1.29330670255662
TRINITY_GG_99113_c0_g1	-1.32649656420463	-1.32649656420463	-1.32649656420463	0.799485089650085	1.29362060082405	1.88638400213975
TRINITY_GG_29610_c17_g1	1.42189798269616	0.99760499030398	0.284048447422586	-0.901183806807575	-0.901183806807575	-0.901183806807575
TRINITY_GG_1560_c1_g1	-0.801201774309143	-0.801201774309143	-0.801201774309143	0.338267720729653	0.95197485301298	1.1133627491848
TRINITY_GG_81706_c4_g3	-0.995816128675759	-0.995816128675759	-0.995816128675759	0.87523894641087	1.67774029531439	0.434469144302022
TRINITY_GG_36343_c12_g1	-1.00208923977742	-1.00208923977742	-1.00208923977742	0.208299624667979	0.888941028063499	1.9090270666008
TRINITY_GG_23800_c15_g1	-0.869580817666717	-0.869580817666717	-0.869580817666717	0.945994611195856	0.639354844197679	1.02339299760662
TRINITY_GG_31706_c0_g1	-0.903719124089436	-0.903719124089436	-0.903719124089436	1.09916338444369	1.61808543763451	-0.00609144980988519
TRINITY_GG_81041_c0_g3	1.34906495227256	0.871231400099991	1.50611080960688	-1.24213572065981	-1.24213572065981	-1.24213572065981
TRINITY_GG_97376_c0_g1	-1.48711908012194	-2.33522607825166	-2.6408968946199	4.56057388604172	1.74709845565681	0.155569711294968
TRINITY_GG_76231_c1_g1	1.01033405488914	0.557419331228534	0.692753825887754	-0.75350240400181	-0.75350240400181	-0.75350240400181
TRINITY_GG_75095_c0_g1	1.28731018560161	1.08515731452223	1.97056194633204	-1.33296062970901	-1.13588179196209	-1.87418702478478
TRINITY_GG_89389_c2_g1	-0.926362246024822	-0.926362246024822	-0.926362246024822	0.711479814299283	0.383977874587328	1.68362904918786
TRINITY_GG_81797_c41_g1	-1.13244132240422	-1.13244132240422	-1.13244132240422	1.08943575867281	1.33431629332195	0.973571915217899
TRINITY_GG_40138_c0_g1	0.15080033586807	1.04608332883095	2.08720231615654	-1.09469532695185	-1.09469532695185	-1.09469532695185
TRINITY_GG_84829_c2_g3	0.580303882983964	2.30831456896126	0.938438991028331	-1.27568581432452	-1.27568581432452	-1.27568581432452
TRINITY_GG_8806_c0_g1	-0.837321745568608	-0.837321745568608	-0.837321745568608	0.96549185196368	0.840299246884979	0.706174137857164
TRINITY_GG_91917_c0_g2	-0.956142204848998	-0.956142204848998	-0.956142204848998	1.02717066621812	0.867607155459274	0.973648792869599
TRINITY_GG_26799_c2_g1	1.15081365455132	2.46983032683439	1.18901201002846	-1.60321866380472	-1.60321866380472	-1.60321866380472
TRINITY_GG_103924_c7_g1	-0.740524552117116	-0.740524552117116	-0.740524552117116	0.772966193471002	0.549899851748184	0.898707611132161
TRINITY_GG_10863_c107_g1	1.38228620070183	0.770691227751652	1.96610868157632	-1.37302870334327	-1.37302870334327	-1.37302870334327
TRINITY_GG_38163_c0_g1	-1.09380422070783	-1.09380422070783	-1.09380422070783	1.90149938462741	-0.0104206329977499	1.39033391049384
TRINITY_GG_56182_c0_g2	1.311953493497	0.371599889173593	1.52609738855657	-1.06988359040905	-1.06988359040905	-1.06988359040905
TRINITY_GG_26997_c12_g1	1.08834442378162	0.466018596247988	0.699273339888439	-0.751212119972681	-0.751212119972681	-0.751212119972681
TRINITY_GG_40488_c0_g5	1.67188735916253	1.07942524025565	1.68080341959311	-1.47737200633709	-1.47737200633709	-1.47737200633709
TRINITY_GG_35678_c1_g1	0.610406907586755	1.48571651200548	1.66206902740925	-1.16984539233236	-1.29417352733456	-1.29417352733456
TRINITY_GG_50755_c0_g1	-0.960210621102353	-0.960210621102353	-0.960210621102353	1.07259552398089	-0.0915238557802183	1.89956019510639
TRINITY_GG_8158_c0_g1	-1.2694156192793	-1.2694156192793	-1.2694156192793	1.96493241062337	0.914864675140084	0.928449772074439
TRINITY_GG_11924_c5_g1	-0.926224374283641	-0.926224374283641	-0.926224374283641	1.49142564287705	1.07269319847472	0.214554281499155
TRINITY_GG_96608_c0_g3	-0.939354786427246	-0.939354786427246	-0.939354786427246	1.29238480716845	0.75530257911984	0.770376972993445
TRINITY_GG_44898_c8_g1	0.577785711937869	0.662160874972212	1.6184068889839	-0.952784491964659	-0.952784491964659	-0.952784491964659
TRINITY_GG_26184_c0_g1	-0.977427525135832	-0.977427525135832	-0.977427525135832	0.945911846496319	0.926767523102043	1.05960320580913
TRINITY_GG_29765_c4_g1	-1.07647431644286	-1.07647431644286	-1.07647431644286	0.884778567615353	1.0534680675341	1.29117631417911
TRINITY_GG_43404_c0_g2	-1.00450359298265	-1.00450359298265	-1.00450359298265	2.03164803547891	-0.227136483532234	1.20899922700127
TRINITY_GG_8398_c0_g1	0.34481183748339	1.9872339914684	0.79726043175588	-1.04310208690256	-1.04310208690256	-1.04310208690256
TRINITY_GG_19256_c5_g3	0.383711528632121	1.8919451301205	0.708743625112207	-0.994800094621609	-0.994800094621609	-0.994800094621609
TRINITY_GG_6157_c0_g1	-0.839863582442505	-0.839863582442505	-0.839863582442505	0.0631746876704071	1.12988554584615	1.32653051381095
TRINITY_GG_6145_c0_g1	-1.20759298354658	-1.20759298354658	-1.20759298354658	1.04820985305614	0.859012900657859	1.71555619692573
TRINITY_GG_72565_c79_g1	0.928552940402772	0.760347992864225	0.761797694919778	-0.816899542728925	-0.816899542728925	-0.816899542728925
TRINITY_GG_71469_c0_g1	-1.1437321901299	-1.1437321901299	-1.1437321901299	-0.0141194519994339	1.37228295687376	2.07303306551538
TRINITY_GG_95383_c0_g1	1.24688613431834	1.44274623826126	1.11396971978463	-1.26786736412141	-1.26786736412141	-1.26786736412141
TRINITY_GG_75003_c0_g1	0.900350238784676	0.899943788566214	0.98211233014704	-0.927468785832644	-0.927468785832644	-0.927468785832644
TRINITY_GG_42671_c2_g1	-0.959097094647382	-0.959097094647382	-0.959097094647382	-0.0684558506839382	1.31053455629306	1.63521257833303
TRINITY_GG_20448_c18_g4	-0.835769307885244	-0.835769307885244	-0.835769307885244	1.59183686489666	0.114325786288442	0.801145272470634
TRINITY_GG_31661_c0_g1	-1.00890441983138	-1.00890441983138	-1.00890441983138	0.157168256115326	1.8452907564292	1.02425424694962
TRINITY_GG_16295_c10_g1	1.15801331070203	0.527466970779505	0.629852779568172	-0.771777687016568	-0.771777687016568	-0.771777687016568
TRINITY_GG_54152_c11_g1	0.0895976624377104	1.10883863229817	1.55650996288078	-0.918315419205554	-0.918315419205554	-0.918315419205554
TRINITY_GG_72620_c9_g1	0.917619917181861	0.733175217896867	0.70830492496598	-0.78636668668157	-0.78636668668157	-0.78636668668157
TRINITY_GG_12916_c4_g3	-2.813743758867	-2.64422670173417	-2.50040681253715	2.27508605447299	2.91963818283429	2.76365303583103
TRINITY_GG_26171_c20_g1	0.84734929026591	0.957602948064042	0.819086224580849	-0.874679487636934	-0.874679487636934	-0.874679487636934
TRINITY_GG_19422_c1_g2	-0.763706915521418	-0.763706915521418	-0.763706915521418	0.794560718534318	0.598061443897736	0.898498584132199
TRINITY_GG_80153_c51_g1	-1.10913710763943	-1.10913710763943	-1.10913710763943	2.01981611274658	0.759549657682708	0.548045552488996
TRINITY_GG_19256_c6_g1	1.86054106737564	2.2322925866442	-0.284629704215891	-1.26940131660132	-1.26940131660132	-1.26940131660132
TRINITY_GG_86341_c7_g3	-0.801328054940966	-0.801328054940966	-0.801328054940966	0.984013243764217	0.358946776467627	1.06102414459105
TRINITY_GG_21693_c0_g2	-1.07542797135618	-1.07542797135618	-1.07542797135618	1.17977059506351	0.863422365649888	1.18309095335513
TRINITY_GG_77858_c33_g1	1.1392094873015	1.09898453743772	0.897970565823552	-1.04538819685426	-1.04538819685426	-1.04538819685426
TRINITY_GG_7655_c0_g1	-0.858227151706083	-0.858227151706083	-0.858227151706083	0.965929692022746	0.907731854339672	0.70101990875583
TRINITY_GG_18358_c2_g1	0.37346727607286	0.821210780220013	1.41227033652165	-0.868982797604842	-0.868982797604842	-0.868982797604842
TRINITY_GG_94584_c3_g1	-1.3272824748568	-1.3272824748568	-1.3272824748568	1.39014719541554	-0.0356789168262357	2.6273791459811
TRINITY_GG_88782_c10_g2	0.516622397992679	1.36681759805834	2.36607278903772	-1.58737871232854	-1.41617188491039	-1.24596218784981
TRINITY_GG_91868_c31_g1	-1.37315930422482	-1.37315930422482	-1.37315930422482	0.865627555362297	1.73987436107507	1.51397599623709
TRINITY_GG_103334_c37_g2	-0.866527733193217	-0.866527733193217	-0.866527733193217	0.942886711042682	-0.124090287816951	1.78078677635392
TRINITY_GG_97731_c7_g1	-0.887919972972244	-0.887919972972244	-0.887919972972244	1.32153339265671	0.505496227499301	0.836730298760723
TRINITY_GG_33677_c0_g1	-0.611875930119158	1.68724657445195	2.02372502801136	-1.03303189078138	-1.03303189078138	-1.03303189078138
TRINITY_GG_46401_c7_g1	-1.12869477627041	-1.12869477627041	-1.12869477627041	1.33126136338372	1.04667013750502	1.00815282792248
TRINITY_GG_66535_c1_g2	0.381836757220299	1.44180650832627	2.69225236417826	-1.50529854324161	-1.50529854324161	-1.50529854324161
TRINITY_GG_67923_c2_g1	3.23012370933182	-1.70852633049733	3.97283678333225	-1.72373120210866	-1.87351506553686	-1.89718789452123
TRINITY_GG_27249_c7_g1	-1.08319860749674	-1.08319860749674	-1.08319860749674	1.7268331205142	1.43155489094301	0.0912078110330088
TRINITY_GG_22771_c3_g1	-0.923794998225288	-0.923794998225288	-0.923794998225288	0.588178983556513	1.36456356396837	0.818642447150978
TRINITY_GG_78697_c2_g1	-0.737990261182337	-0.737990261182337	-0.737990261182337	0.42099298997805	0.830528336610207	0.962449456958755
TRINITY_GG_54099_c1_g1	-0.801258869957266	-0.801258869957266	-0.801258869957266	1.04272497409106	0.458766786004189	0.90228484977655
TRINITY_GG_28224_c15_g1	0.372036929099661	1.0956013727326	0.883498608902587	-0.783712303578284	-0.783712303578284	-0.783712303578284
TRINITY_GG_105387_c0_g1	0.720254195241947	0.467986978323469	1.15340239988021	-0.78054785781521	-0.78054785781521	-0.78054785781521
TRINITY_GG_86955_c20_g2	-0.772958924031393	-0.772958924031393	-0.772958924031393	0.21618008333684	1.01489141015991	1.08780527859743
TRINITY_GG_77467_c0_g1	-0.963790551474539	-0.963790551474539	-0.963790551474539	0.502445010675865	1.25746787820327	1.13145876554448
TRINITY_GG_86066_c0_g1	-1.21892938211742	-1.21892938211742	-1.21892938211742	1.95419805136324	0.910023838268591	0.792566256720414
TRINITY_GG_13786_c69_g1	-1.20796137180061	-1.28963330936858	-1.44797033653568	1.00646879815087	1.23796981191029	1.70112640764371
TRINITY_GG_94129_c5_g1	1.86217356529101	1.32624023988904	1.05358714931237	-1.27699096316792	-1.46892796991039	-1.49608202141412
TRINITY_GG_70584_c35_g4	-0.81745338490785	-0.81745338490785	-0.81745338490785	1.42986655007197	0.915466997200407	0.107026607451172
TRINITY_GG_94585_c1_g2	0.853498716734749	0.951704340157308	1.36880033948702	-1.05800113212636	-1.05800113212636	-1.05800113212636
TRINITY_GG_75311_c0_g1	-1.55167053722424	-1.55167053722424	-1.55167053722424	1.61536618489324	1.81500137888752	1.22464404789198
TRINITY_GG_25004_c1_g1	2.20045603728448	1.31311734204149	0.492470923631496	-1.33534810098582	-1.33534810098582	-1.33534810098582
TRINITY_GG_32944_c0_g1	-0.8908209551035	-0.8908209551035	-0.8908209551035	0.791302834516221	0.807397523120914	1.07376250767336
TRINITY_GG_36705_c0_g3	-0.852476308015269	-0.852476308015269	-0.852476308015269	0.510414334650591	1.36692457414297	0.680090015252243
TRINITY_GG_21734_c22_g2	-0.949127122320903	-0.949127122320903	-0.949127122320903	1.39513327266452	0.599802647155497	0.852445447142695
TRINITY_GG_13555_c284_g1	-0.778749456106092	-0.778749456106092	-0.778749456106092	1.44559958109662	0.662202741923545	0.228446045298112
TRINITY_GG_47924_c0_g1	4.92878033283645	0.164682512588681	-0.855767776411726	-1.41256502300447	-1.41256502300447	-1.41256502300447
TRINITY_GG_29652_c0_g1	0.767329149574196	1.83876724415028	0.558270981740967	-1.05478912515515	-1.05478912515515	-1.05478912515515
TRINITY_GG_97879_c0_g1	1.05599861038665	2.62183016049216	2.65576739956303	-2.11119872348061	-2.11119872348061	-2.11119872348061
TRINITY_GG_82959_c0_g1	0.831712465832725	1.51628854781844	0.313754596129279	-0.887251869926814	-0.887251869926814	-0.887251869926814
TRINITY_GG_1807_c0_g1	0.586213751571326	1.5789721688748	0.678357632103246	-0.947847850849792	-0.947847850849792	-0.947847850849792
TRINITY_GG_3948_c0_g2	1.08776645064541	0.86214724415504	0.484313844704864	-0.811409179835104	-0.811409179835104	-0.811409179835104
TRINITY_GG_75554_c161_g1	-0.975551257308633	-0.975551257308633	-0.975551257308633	1.14347284583364	1.36586526717009	0.417315658922167
TRINITY_GG_25381_c13_g1	-0.974389122350539	-0.974389122350539	-0.974389122350539	0.297036553742395	1.61465523441723	1.01147557889199
TRINITY_GG_7526_c0_g1	-1.37977473859567	-1.37977473859567	-1.37977473859567	0.828430350908777	2.11028188586864	1.20061197900959
TRINITY_GG_49168_c0_g2	-0.757193224964728	-0.757193224964728	-0.757193224964728	0.964835552938116	0.471779344795433	0.834964777160633
TRINITY_GG_66287_c1_g2	-1.40946817057625	-1.40946817057625	-1.40946817057625	2.55159945569154	-0.831254005103796	2.50805906114101
TRINITY_GG_106560_c0_g1	-0.769202669051999	-0.769202669051999	-0.769202669051999	0.73006921411709	0.672280810530646	0.90525798250826
TRINITY_GG_60111_c0_g1	-0.991864274988973	-0.991864274988973	-0.991864274988973	1.27026816455043	0.092880345879495	1.612444314537
TRINITY_GG_100439_c13_g3	-0.906476906099525	-0.906476906099525	-0.906476906099525	1.38689357810523	0.349929947694721	0.982607192498625
TRINITY_GG_12622_c0_g1	-1.67579133869803	-1.67579133869803	-1.67579133869803	2.16849387255696	1.32023578472705	1.53864435881008
TRINITY_GG_14242_c0_g1	-0.833315107677285	-0.833315107677285	-0.833315107677285	1.36455028367645	1.0510874453064	0.084307594048998
TRINITY_GG_41976_c0_g1	1.82305261522498	1.08667051754434	0.749052033781207	-1.21959172218351	-1.21959172218351	-1.21959172218351
TRINITY_GG_71953_c0_g2	-1.26591279553813	-1.26591279553813	-1.26591279553813	1.70494085880235	1.1433423511467	0.949455176665346
TRINITY_GG_83998_c0_g1	1.27854981777077	1.50408058065562	1.33250880116476	-1.43514599707258	-1.24484720544599	-1.43514599707258
TRINITY_GG_23033_c39_g1	-0.875883420852504	-0.875883420852504	-0.875883420852504	0.607996832961601	1.49008900674088	0.529564422855031
TRINITY_GG_34199_c23_g1	0.882376479717543	1.9024341320588	0.288731735896586	-1.02451411589098	-1.02451411589098	-1.02451411589098
TRINITY_GG_42966_c0_g1	0.733286717626159	0.115246819655571	2.2162688163302	-1.02160078453731	-1.02160078453731	-1.02160078453731
TRINITY_GG_20495_c0_g1	-0.956059879586468	-0.956059879586468	-0.956059879586468	1.71568638727675	0.85335456464943	0.299138686833221
TRINITY_GG_104629_c1_g1	-1.22346760034035	-1.22346760034035	-1.22346760034035	1.26992355054959	1.57955273145336	0.820926519018102
TRINITY_GG_18278_c0_g2	0.380260196632456	0.157070706192369	2.13616553555661	-0.891165479460479	-0.891165479460479	-0.891165479460479
TRINITY_GG_788_c0_g2	-1.12727464352616	-1.12727464352616	-1.12727464352616	1.19955029457605	0.757909222794193	1.42436441320823
TRINITY_GG_59828_c0_g2	-0.949812010141608	-0.949812010141608	-0.949812010141608	1.17352310311147	1.05235041100901	0.623562516304337
TRINITY_GG_73780_c16_g1	0.382575618311159	0.948069409750982	1.0563378708188	-0.795660966293647	-0.795660966293647	-0.795660966293647
TRINITY_GG_70552_c151_g1	1.01239239582917	1.5673962180963	0.0432698728133446	-0.874352828912938	-0.874352828912938	-0.874352828912938
TRINITY_GG_85564_c0_g2	-0.894800718254483	-0.894800718254483	-0.894800718254483	2.10970067398046	0.632770118578337	-0.0580686377953469
TRINITY_GG_35732_c0_g1	-0.780728683952465	-0.780728683952465	-0.780728683952465	0.247133091402044	1.4659834165794	0.629069543875955
TRINITY_GG_86392_c80_g1	1.25592901566512	0.965452239897025	0.641998290778703	-0.954459848780283	-0.954459848780283	-0.954459848780283
TRINITY_GG_59222_c0_g1	1.90512018218935	0.920333276135856	1.25819639336715	-1.36121661723079	-1.36121661723079	-1.36121661723079
TRINITY_GG_28202_c18_g1	-1.01758581063101	-1.01758581063101	-1.01758581063101	1.17555510851387	0.549959637012736	1.32724268636643
TRINITY_GG_30559_c0_g3	-2.16789693633522	-1.86559524248416	-2.21248314975999	-0.252426661699082	2.91509106484783	3.58331092543063
TRINITY_GG_22473_c8_g1	-2.18266858332041	-1.82915486750824	-2.79336864545518	1.85498174553325	2.91205639358755	2.03815395716304
TRINITY_GG_101546_c0_g1	-1.51579312356421	-1.68956019130091	-1.68956019130091	2.17922533125444	1.61990706750733	1.09578110740427
TRINITY_GG_61977_c0_g1	0.315859045306565	1.21659741393349	1.04126760805037	-0.857908022430142	-0.857908022430142	-0.857908022430142
TRINITY_GG_12575_c22_g1	1.42118302596975	1.13677586635464	-0.0315031622441128	-0.842151910026759	-0.842151910026759	-0.842151910026759
TRINITY_GG_33496_c0_g1	0.320306615316332	0.955934354144145	1.00890299262703	-0.76171465402917	-0.76171465402917	-0.76171465402917
TRINITY_GG_93552_c0_g1	1.65198395745875	1.48720138105983	2.54721227653707	-1.89546587168522	-1.89546587168522	-1.89546587168522
TRINITY_GG_73655_c14_g1	-1.59659539971039	-1.59659539971039	-1.59659539971039	1.15443977695748	2.10794461819216	1.52740180398152
TRINITY_GG_26439_c1_g2	-0.965352442290615	-0.965352442290615	-0.965352442290615	0.443902704394223	0.943460465448932	1.50869415702869
TRINITY_GG_22473_c2_g1	-1.82831026577894	-1.99180899806182	-1.53028043858895	1.93930670169596	2.37080115562855	1.0402918451052
TRINITY_GG_100724_c0_g4	-0.932230090809482	-0.932230090809482	-0.932230090809482	1.23769491063283	0.688825412490258	0.870169949305357
TRINITY_GG_96619_c0_g1	-1.16326691578965	-1.16326691578965	-1.16326691578965	1.12390983594194	1.95675317982634	0.409137731600677
TRINITY_GG_14970_c0_g1	-0.816538674543783	-0.816538674543783	-0.816538674543783	0.15872464713471	0.555298942786637	1.73559243371
TRINITY_GG_19646_c38_g1	-0.850894787373784	-0.850894787373784	-0.850894787373784	0.632469573339565	0.611157531422649	1.30905725735914
TRINITY_GG_17197_c189_g1	-1.18473247278732	-1.18473247278732	-1.18473247278732	0.689080725571766	1.64876486407251	1.21635182871768
TRINITY_GG_43072_c1_g1	-0.850485420345717	-0.850485420345717	-0.850485420345717	1.10705778041139	0.442885063859035	1.00151341676673
TRINITY_GG_89027_c0_g1	-1.05556449733038	-1.05556449733038	-1.05556449733038	0.36505264164831	1.5257867498384	1.27585410050443
TRINITY_GG_70176_c1_g2	0.655411166212273	1.3062798478084	0.565295753169788	-0.84232892239682	-0.84232892239682	-0.84232892239682
TRINITY_GG_21230_c3_g1	1.96065757968799	1.8302825392247	1.06790977426092	-1.80995458752285	-1.45374586267448	-1.59514944297628
TRINITY_GG_22307_c10_g2	0.747661899224723	0.333465768746124	1.21938974317784	-0.766839137049562	-0.766839137049562	-0.766839137049562
TRINITY_GG_105171_c60_g1	-0.992953505093652	-0.992953505093652	-0.992953505093652	1.06813141550766	0.809446535021187	1.10128256475211
TRINITY_GG_44880_c0_g1	0.628619953755261	1.22133668057955	0.882776718821857	-0.910911117718889	-0.910911117718889	-0.910911117718889
TRINITY_GG_73603_c85_g1	1.43868628017199	1.28350035468713	1.86049214429971	-1.52755959305295	-1.52755959305295	-1.52755959305295
TRINITY_GG_77863_c2_g1	1.92496184398946	1.24537819409811	1.3875829371845	-1.51930765842402	-1.51930765842402	-1.51930765842402
TRINITY_GG_15537_c1_g1	-0.764563594971953	-0.764563594971953	-0.764563594971953	0.82184087992311	0.722922754376584	0.748927150616165
TRINITY_GG_27690_c0_g2	-0.943386083125758	-0.943386083125758	-0.943386083125758	0.125628594789423	1.26138066752885	1.443148987059
TRINITY_GG_26840_c0_g1	-0.85541344095932	-0.85541344095932	-0.85541344095932	0.4745712087991	1.41302095261706	0.678648161461798
TRINITY_GG_59394_c0_g1	-0.839713368173535	-0.839713368173535	-0.839713368173535	0.230675959717863	0.774289676691369	1.51417446811137
TRINITY_GG_83380_c51_g1	-0.857538821617896	-0.857538821617896	-0.857538821617896	0.664516927543069	1.293670571267	0.61442896604362
TRINITY_GG_72982_c14_g2	-1.2029527632277	-1.2029527632277	-1.2029527632277	1.2003149591116	0.548510957937861	1.86003237263363
TRINITY_GG_50907_c1_g2	-1.24838405383272	-1.24838405383272	-1.24838405383272	2.55028862512508	0.791105318069131	0.403758218303944
TRINITY_GG_22246_c7_g2	-0.792134139002075	-0.792134139002075	-0.792134139002075	0.674623476724097	0.870982728364028	0.830796211918101
TRINITY_GG_69496_c16_g1	0.460208279238808	1.89271203351019	0.167704733045199	-0.840208348598066	-0.840208348598066	-0.840208348598066
TRINITY_GG_65035_c3_g1	-1.19598476557621	-1.36851553855451	-1.37757203433953	2.89467873154238	0.693552557030528	0.353841049897344
TRINITY_GG_99124_c1_g1	-1.07885560661363	-1.07885560661363	-1.07885560661363	1.60439168983095	1.07365234175127	0.558522788258665
TRINITY_GG_71245_c0_g2	1.43516532491738	0.202587606510955	1.20226234553767	-0.946671758988668	-0.946671758988668	-0.946671758988668
