bleached_k4_01	bleached_44_01	bleached_k4_02	bleached_44_02	bleached_44_03	bleached_k4_03	non-bleached_k4_01	non-bleached_k4_02	non-bleached_44_01	non-bleached_k4_03	non-bleached_44_02	non-bleached_44_03
TRINITY_DN196260_c7_g1_i3	-1.16025076830606	-3.16277327807477	-2.12926217571345	-3.16277327807477	-3.16277327807477	-1.17836621276416	3.19270115799711	1.85923936630568	2.36457861079535	-2.08211561472955	7.51913185266508	1.10266361797433
TRINITY_DN187932_c0_g1_i2	-1.71571264852527	-2.10967792418552	-2.10967792418552	-1.05935037062709	-2.10967792418552	-2.10967792418552	-1.42620603133029	3.38879635226654	4.03105983830114	3.40014457549264	-2.10967792418552	3.92965790534991
TRINITY_DN158890_c0_g1_i2	-1.18315398078	-1.18315398078	-0.792486295220331	-1.18315398078	-1.18315398078	-0.632253316132475	8.49012152279797	-1.18315398078	-1.18315398078	-1.18315398078	-0.752333484260227	1.96902943827505
TRINITY_DN180766_c0_g2_i3	-2.56273988748632	-2.56273988748632	-2.56273988748632	-1.20321871705873	-1.95677152864486	-2.56273988748632	-2.19648762378676	9.26580641307662	9.65304547081609	-1.04874390811931	-0.0938959445116847	-2.16877461182608
TRINITY_DN187624_c5_g1_i3	-1.21464949437183	-1.36438396936033	-1.48975163218382	-4.04875389837334	-1.17081337673627	1.83352231748035	7.17216548965392	-1.16317953400191	-4.04875389837334	-1.8759463883979	-1.76809446591814	9.13863885058262
TRINITY_DN190266_c1_g2_i1	-1.62284773036831	-1.62284773036831	-1.62284773036831	-1.62284773036831	-0.808092247558438	-1.62284773036831	-1.11695680063835	7.67076185881135	7.23706903233193	-1.62284773036831	-1.62284773036831	-1.62284773036831
TRINITY_DN191796_c1_g1_i5	-1.79043118485503	-1.79043118485503	-1.79043118485503	-1.79043118485503	-1.79043118485503	-1.79043118485503	-1.79043118485503	6.061617606207	-1.79043118485503	4.93852328419167	5.11373977329659	-1.79043118485503
TRINITY_DN192949_c2_g1_i10	-1.16468936049127	-1.19042692190488	-1.17893128306705	-1.19042692190488	-1.13107164428846	-1.10364315576281	-1.08609026209014	5.35767056794577	-1.17464392466395	-1.14079615418028	5.72671836658667	-0.723669306178708
TRINITY_DN170833_c1_g1_i5	2.31676944122801	-1.20176569775417	0.305648401261275	2.85403731570825	2.37681078701387	0.559093939067742	-1.20176569775417	-1.20176569775417	-1.20176569775417	-1.20176569775417	-1.20176569775417	-1.20176569775417
TRINITY_DN142648_c0_g1_i1	-1.61258694387731	-2.51292065649797	-0.734322974296463	-0.181152238983052	-0.869820449233084	-1.50987635268658	-3.15096020950809	5.94492572845789	4.88949074146675	0.193181008807742	-0.851592608122371	0.395634954472527
TRINITY_DN187932_c0_g1_i3	-1.66116102226309	-1.85524807437939	-1.85524807437939	-0.899191421966991	-1.85524807437939	-1.85524807437939	-1.38640413140476	3.55909045019241	3.61811674499229	2.69084380784963	-1.85524807437939	3.35494594449748
TRINITY_DN171371_c8_g3_i1	-1.47299403638564	-1.47299403638564	-1.47299403638564	-1.47299403638564	-1.47299403638564	-1.47299403638564	-1.47299403638564	7.5210283912878	7.2089119725686	-1.47299403638564	-1.47299403638564	-1.47299403638564
TRINITY_DN191243_c0_g1_i1	-0.911101252665406	-0.497507170256231	-0.911101252665406	-0.761841887165783	-0.911101252665406	-0.911101252665406	6.28458099319094	-0.482422842717176	-0.821603101826303	0.0845641570707028	-0.911101252665406	0.749736115030878
TRINITY_DN168339_c7_g1_i4	-2.03395404129232	-2.03395404129232	-1.84365524966573	-1.71318056434645	-2.03395404129232	-1.53621395268323	5.5231649806376	5.66474368108085	5.55796468808336	-2.03395404129232	-2.03395404129232	-1.4830533766448
TRINITY_DN60488_c0_g1_i1	-1.49510586893768	-1.11881355428067	-1.14955707771178	-1.49385298562759	-0.0713209498018252	-1.40933983880265	9.21805442902142	-0.624858997777603	-1.21669476086025	-1.54418836632878	-1.4677906890414	2.37346866014881
TRINITY_DN166776_c0_g1_i1	-0.814928583922129	-1.94717638222057	-0.999323238833553	-1.94717638222057	-1.94717638222057	-1.19957415194563	-1.41012886281591	7.24657565209284	6.84858407300401	0.0646770235232199	-1.94717638222057	-1.94717638222057
TRINITY_DN140501_c0_g1_i1	-0.256498938639765	0.174703380070086	-1.20722814518181	-1.95558464913488	-1.40324356998292	-0.857295744626567	7.93510133643026	-1.61877876653151	0.711483611006868	-1.61877876653151	-0.899508724728793	0.995628977850559
TRINITY_DN172187_c2_g2_i2	-2.73566521779651	-1.40494910563916	-2.35331633722384	-3.70946014744911	-1.7732462464427	2.12805425771136	8.56432292426998	-1.13221261185596	-1.0895776623788	-2.69367715020818	-0.795661182498416	6.99538847951134
TRINITY_DN179184_c0_g1_i4	-0.864107732587339	-0.864107732587339	0.987891104525107	2.54256498316849	1.73378094257809	1.64862483042702	-0.864107732587339	-0.864107732587339	-0.864107732587339	-0.864107732587339	-0.864107732587339	-0.864107732587339
TRINITY_DN177016_c8_g4_i1	-1.59426558386896	-1.59426558386896	-1.59426558386896	-1.59426558386896	-1.59426558386896	-1.59426558386896	-1.59426558386896	7.91075792827379	8.03189791041585	-1.59426558386896	-1.59426558386896	-1.59426558386896
TRINITY_DN170746_c2_g1_i1	-1.9855244406795	-1.9855244406795	-1.9855244406795	-1.9855244406795	-1.9855244406795	-1.9855244406795	4.62971527572504	-1.9855244406795	4.14832674055743	-1.9855244406795	3.01136138946632	4.09479211968721
TRINITY_DN157932_c0_g1_i2	-1.98627749343491	-1.98627749343491	-1.98627749343491	-1.98627749343491	-1.98627749343491	-1.26031825892572	-1.98627749343491	3.16399784022045	3.55157764943929	4.18422847651724	4.26445674679308	-1.98627749343491
TRINITY_DN188124_c1_g3_i3	-1.95923355791591	-0.838327980350542	-0.839499950391343	-2.61067344360868	-0.804462382892179	-1.05808694484219	-0.857491474060921	6.03818148857287	5.42805152282042	-0.952561021881313	-0.264734602646946	-1.28116165280327
TRINITY_DN183191_c1_g2_i1	-1.02375344561495	-1.02375344561495	5.3743232464525	-1.02375344561495	4.86321120969699	-1.02375344561495	-1.02375344561495	-1.02375344561495	-1.02375344561495	-1.02375344561495	-1.02375344561495	-1.02375344561495
TRINITY_DN196658_c3_g2_i1	-1.81929978336811	-1.81929978336811	-1.81929978336811	-1.81929978336811	-1.81929978336811	-1.81929978336811	2.44132812475859	-1.81929978336811	3.10684199938482	2.79275777619495	3.42980418569873	0.964366397539715
TRINITY_DN196834_c1_g1_i4	-0.809819186865129	-0.919514051691058	-0.919514051691058	-0.919514051691058	-0.900879877552007	-0.919514051691058	-0.869883283966458	-0.876869714282565	8.22220227599482	-0.919514051691058	-0.82055557160289	0.653375616729523
TRINITY_DN188220_c1_g2_i2	-1.21793852369707	-1.21793852369707	-1.21793852369707	-1.21793852369707	-1.21793852369707	-1.21793852369707	2.03620196050366	-0.623389974146713	-1.21793852369707	3.61869258073117	-0.32963362848858	3.82369872727994
TRINITY_DN188993_c3_g1_i3	4.52956929766014	-1.55649260077705	-1.55649260077705	4.34495358342013	-1.55649260077705	5.13391052591319	-1.55649260077705	-1.55649260077705	-1.55649260077705	-1.55649260077705	-1.55649260077705	-1.55649260077705
TRINITY_DN168520_c5_g1_i9	-1.65863011180101	-1.69566084274598	-1.69566084274598	-1.69566084274598	-1.69566084274598	-1.69566084274598	3.48742861789478	4.23644758591572	-1.69421886857207	3.52857241608116	-1.58062759979974	2.15933217401102
TRINITY_DN167302_c9_g7_i1	-1.32132645987481	-0.812659139546326	-0.892263533783944	-2.0774957880141	-1.14090495819017	-0.976518140289284	9.34255600332533	-2.0774957880141	-0.542936103405788	-1.09710483195263	-1.18607660116803	2.78222534091386
TRINITY_DN152012_c0_g2_i1	-0.785587202712168	-0.775239076761554	-1.5228413070365	-0.603691943748823	-0.609042342085801	-1.5228413070365	8.62515853502369	-1.5228413070365	-1.18712939671604	-1.5228413070365	-0.449706602406282	1.87660325755296
TRINITY_DN190664_c1_g1_i2	-1.19484163382595	-1.19484163382595	-1.19484163382595	-1.19484163382595	-1.19484163382595	-1.19484163382595	2.30914307007166	-1.19484163382595	1.36807236508615	2.52795223862766	2.05490708125762	0.103816681738564
TRINITY_DN163350_c5_g4_i1	-0.0734316544535627	-1.33776619646433	-1.22634019153673	-2.158880507764	-3.183319040168	-1.02463601159725	3.87046673415078	4.76981047296591	2.20847251056817	1.46663203238739	1.12427333244544	-4.43528148053383
TRINITY_DN152012_c0_g1_i1	-1.51573910109014	-2.00309080518487	-1.28820337647773	-1.5151381033556	-0.692329398238618	-1.04541916631011	9.33119390314044	-0.337555643661819	-0.420658609188724	-1.37496044530734	-1.87650693784086	2.73840768351538
TRINITY_DN156060_c0_g1_i3	-1.38885070391775	-1.38885070391775	-0.603928002354892	-0.953755552297656	-1.38885070391775	-0.271820650907566	8.69967520276081	-0.932570222407028	-0.916882916256237	-1.06923276971759	-1.38885070391775	1.60391772685117
TRINITY_DN187932_c0_g1_i4	-1.93794412229765	-2.40783009857211	-2.40783009857211	-2.40783009857211	-2.40783009857211	-2.40783009857211	-2.40783009857211	3.71691159384754	2.791528156013	3.0171591526488	3.49889217279587	3.3604336384251
TRINITY_DN178203_c6_g1_i1	-0.797007733772884	-1.6593599333049	-1.6593599333049	-1.6593599333049	-1.6593599333049	-1.6593599333049	-1.6593599333049	7.65741033467394	7.30406505959364	-1.6593599333049	-0.889588194055457	-1.6593599333049
TRINITY_DN185191_c0_g3_i2	-1.32879426073852	-1.32879426073852	-1.32879426073852	-1.32879426073852	-1.32879426073852	-1.32879426073852	-1.32879426073852	0.991112645929486	2.73875841498334	3.02889848774982	3.87158453724551	-1.32879426073852
TRINITY_DN187932_c0_g1_i10	-1.88251530801863	-2.76378836944788	-2.76378836944788	-2.76378836944788	-2.76378836944788	-2.76378836944788	-2.76378836944788	3.45493468646332	3.09456568822736	3.65894921708964	4.38374220650732	3.87305372641827
TRINITY_DN197973_c4_g1_i5	-0.787739513116531	-0.787739513116531	-0.787739513116531	-0.787739513116531	-0.787739513116531	-0.787739513116531	-0.787739513116531	-0.787739513116531	-0.787739513116531	-0.787739513116531	7.29218254637001	0.585212584795298
TRINITY_DN169109_c0_g1_i2	-4.08172382544045	-1.58910149686601	-2.28970143790531	-1.16085889673056	-1.75317455043071	0.921068691822897	9.09755705799748	-1.6855643363673	-1.62991926971996	-1.49796407180095	-1.09841095437333	6.76779308981421
TRINITY_DN185648_c1_g1_i9	-1.55056528939326	-1.55056528939326	-1.55056528939326	-1.55056528939326	-1.55056528939326	-1.55056528939326	5.26808079342928	-1.55056528939326	4.52006017461029	-1.55056528939326	-1.55056528939326	4.16694663649981
TRINITY_DN165924_c0_g1_i1	0.891868997584313	-1.3870078625178	-1.3870078625178	1.0284804085319	5.19751875823707	3.9781947357891	-1.3870078625178	-1.3870078625178	-1.3870078625178	-1.3870078625178	-1.3870078625178	-1.3870078625178
TRINITY_DN186782_c0_g1_i1	-1.1886427375047	-1.1886427375047	-1.1886427375047	-1.1886427375047	-1.1886427375047	-1.1886427375047	1.17872832814383	2.72611311216695	0.102371363912602	1.83585425319353	2.47743210511599	-1.1886427375047
TRINITY_DN141400_c0_g2_i2	-1.54961679133638	-0.83317289660307	-0.83317289660307	-1.5501617186482	-1.28232089436575	-0.162497525946371	6.04914977930746	0.404017010010951	-0.666456713156196	-0.0300399211224902	0.13497823735759	0.319294331105524
TRINITY_DN192949_c2_g1_i15	-2.06462012063541	-2.24662859839275	-2.21817215234353	-2.25238786768144	-1.84966569083583	-1.83987729643163	-2.1148843439315	4.4499787804487	-2.24089222884361	-2.04824715090121	6.96241449930254	7.46298217024568
TRINITY_DN192376_c7_g1_i2	-0.983266497357209	8.4833667399332	-0.983266497357209	-0.983266497357209	-0.983266497357209	1.34929823363889	-0.983266497357209	-0.983266497357209	-0.983266497357209	-0.983266497357209	-0.983266497357209	-0.983266497357209
TRINITY_DN167302_c9_g6_i1	-1.21813013614728	-1.00871024022662	-1.45150312850244	-0.113937479431024	-1.22557952468245	-1.36258522405171	8.2169212567135	0.131274022079742	-1.00389857915423	-0.914898134969826	-1.80898689423989	1.76003406261224
TRINITY_DN117366_c0_g1_i2	1.03777359000622	-1.35014033437973	2.31877300724991	2.59171718462371	1.10719129110529	2.39552726767295	-1.35014033437973	-1.35014033437973	-1.35014033437973	-1.35014033437973	-1.35014033437973	-1.35014033437973
TRINITY_DN195676_c3_g2_i6	-2.20375710114107	-2.20375710114107	-2.20375710114107	-2.20375710114107	-2.20375710114107	-2.20375710114107	4.20429235376192	4.90719071953545	4.09233316154289	-2.20375710114107	-2.20375710114107	4.4262405742883
TRINITY_DN172587_c7_g1_i3	2.7499099540372	-1.17921823624768	1.57716461887208	0.669980415517023	2.3492280603048	0.908244605002659	-1.17921823624768	-1.17921823624768	-1.17921823624768	-1.17921823624768	-1.17921823624768	-1.17921823624768
