bleached_k4_01	bleached_k4_02	bleached_k4_03	non-bleached_k4_01	non-bleached_k4_02	non-bleached_k4_03
TRINITY_GG_9228_c0_g1	1.35229683073291	1.14766835994763	0.504807825975457	-1.001591005552	-1.001591005552	-1.001591005552
TRINITY_GG_41834_c10_g2	-0.894437947369341	-0.925045933299737	-0.962076664244704	0.863708963220088	0.887522346906748	1.03032923478695
TRINITY_GG_2192_c0_g1	-0.783909735397651	-0.783909735397651	-0.783909735397651	0.388577780112483	1.27717518520366	0.685976240876813
TRINITY_GG_105605_c0_g2	-0.733837749555844	-0.733837749555844	-0.733837749555844	0.855925737429133	1.01247501686961	0.333112494368783
TRINITY_GG_97479_c0_g1	1.75107981421586	1.9594661967337	0.344692762754424	-1.35174625790133	-1.35174625790133	-1.35174625790133
TRINITY_GG_2367_c19_g3	-0.902984996764607	-0.902984996764607	-0.902984996764607	0.638529842696071	0.276526053506903	1.79389909409085
TRINITY_GG_6657_c22_g2	-0.951673676550045	-0.951673676550045	-0.951673676550045	1.40306056342056	0.609530244219875	0.842430222009703
TRINITY_GG_59438_c5_g1	-0.913347448935554	-0.913347448935554	-0.913347448935554	0.93745197418993	0.298287804391596	1.50430256822513
TRINITY_GG_40963_c0_g1	-1.21959774982094	-1.21959774982094	-1.21959774982094	1.0368091039733	0.920526474088129	1.70145767140139
TRINITY_GG_5455_c6_g1	1.86391960927163	2.23390051341609	-0.286423211099162	-1.27046563719619	-1.27046563719619	-1.27046563719619
TRINITY_GG_49784_c0_g1	-0.741119736130122	-0.741119736130122	-0.741119736130122	0.968612023290569	0.351087701966966	0.903659483132831
TRINITY_GG_71700_c0_g1	0.759170750516972	0.426794978151576	1.21132492194775	-0.799096883538765	-0.799096883538765	-0.799096883538765
TRINITY_GG_47602_c0_g3	-0.824560506942534	-0.824560506942534	-0.824560506942534	0.537769103229035	1.39422066084154	0.541691756757031
TRINITY_GG_54765_c6_g1	-0.889332702781949	-0.889332702781949	-0.889332702781949	0.46793777289761	1.3898414057071	0.81021892974114
TRINITY_GG_70323_c0_g1	-1.1762694288795	-1.1762694288795	-1.1762694288795	1.15084304186759	1.03318393674945	1.34478130802146
TRINITY_GG_16745_c0_g1	1.52634329061008	0.526078697296017	0.709698606635218	-0.920706864847105	-0.920706864847105	-0.920706864847105
TRINITY_GG_11269_c0_g3	-2.14581849042591	-1.89931945231842	-2.22871591839638	-0.191542629155892	2.88870224970883	3.57669424058778
TRINITY_GG_63599_c97_g1	-0.855871671498988	-0.855871671498988	-0.855871671498988	0.694043882122968	-0.00867648490959272	1.88224761728359
TRINITY_GG_79666_c1_g2	0.632563700439238	0.603109187649545	1.27785614305149	-0.837843010380092	-0.837843010380092	-0.837843010380092
TRINITY_GG_100509_c0_g1	-1.51516691832316	-1.68893398605987	-1.68893398605987	2.17836946770005	1.61951426606797	1.09515115667489
TRINITY_GG_1062_c0_g1	1.85818352399237	2.18080813913306	2.17095232025291	-2.11799678433168	-2.11799678433168	-1.97395041471497
TRINITY_GG_59518_c1_g1	0.527026500306444	0.536852944146606	2.41487878507439	-1.15958607650915	-1.15958607650915	-1.15958607650915
TRINITY_GG_61377_c1_g1	-1.15321019063177	-1.15321019063177	-1.15321019063177	1.65187585606367	1.37985473123787	0.427899984593777
TRINITY_GG_59205_c37_g1	-1.22615125620322	-1.22615125620322	-1.22615125620322	1.25695508876395	0.689178419809785	1.73232026003594
TRINITY_GG_87636_c0_g1	0.94127009013469	0.406470057435997	1.79695666461239	-1.04823227072769	-1.04823227072769	-1.04823227072769
TRINITY_GG_5516_c82_g1	0.979071207504478	2.48426896159943	-0.478067288227541	-0.995090960292122	-0.995090960292122	-0.995090960292122
TRINITY_GG_29463_c0_g3	1.54340881365355	0.920501508795958	0.844351208063529	-1.10275384350435	-1.10275384350435	-1.10275384350435
TRINITY_GG_61610_c0_g1	1.72367280944728	2.79846764997855	0.803125509247884	-1.77508865622457	-1.77508865622457	-1.77508865622457
TRINITY_GG_79200_c0_g2	1.51375156300504	0.59247592710169	0.448755598350973	-0.851661029485901	-0.851661029485901	-0.851661029485901
TRINITY_GG_60866_c3_g1	-0.887007247733238	-0.887007247733238	-0.887007247733238	1.31148690590584	0.356052458339289	0.993482378954581
TRINITY_GG_8201_c17_g1	0.751491371618546	1.32592869247699	1.12833628434136	-1.06858544947897	-1.06858544947897	-1.06858544947897
TRINITY_GG_681_c61_g1	1.72294516875368	2.3638329589609	2.35252013811835	-2.14643275527764	-2.14643275527764	-2.14643275527764
TRINITY_GG_72867_c0_g1	-0.995978443161912	-0.995978443161912	-0.995978443161912	1.17330521795382	0.368593989133944	1.44603612239798
TRINITY_GG_81932_c0_g1	0.44072807084434	1.31119758033452	1.4191104021154	-1.05701201776475	-1.05701201776475	-1.05701201776475
TRINITY_GG_6549_c87_g1	1.28078784977582	0.117289117492942	1.61310188313651	-1.00372628346842	-1.00372628346842	-1.00372628346842
TRINITY_GG_38377_c0_g1	0.751193398556969	1.1767459617018	0.729224185137962	-0.885721181798909	-0.885721181798909	-0.885721181798909
TRINITY_GG_64771_c16_g1	0.466636414584152	1.89399790001214	0.16523804740408	-0.841957454000124	-0.841957454000124	-0.841957454000124
TRINITY_GG_74617_c0_g1	-1.59712402564608	-1.59712402564608	-1.59712402564608	2.04025436922622	1.98843947280961	0.762678234902404
TRINITY_GG_68707_c0_g2	1.30740531484707	0.37376642041295	1.55373369417256	-1.07830180981086	-1.07830180981086	-1.07830180981086
TRINITY_GG_14748_c0_g1	1.0672851786473	1.31885439798764	0.178598432612257	-0.854912669749066	-0.854912669749066	-0.854912669749066
TRINITY_GG_45618_c0_g1	-1.40694477819562	-1.40694477819562	-1.40694477819562	0.880822999779753	1.30587107624175	2.03414025856537
TRINITY_GG_71747_c0_g1	1.9085777902352	0.921821125831005	1.25590302336364	-1.36210064647661	-1.36210064647661	-1.36210064647661
TRINITY_GG_59764_c40_g2	0.594454254631526	0.672061395227891	0.910709050044379	-0.725741566634599	-0.725741566634599	-0.725741566634599
TRINITY_GG_65330_c0_g1	0.722261883555437	0.46926842015098	1.15173025112978	-0.781086851612067	-0.781086851612067	-0.781086851612067
TRINITY_GG_72722_c0_g1	-1.07767419423945	-1.07767419423945	-1.07767419423945	0.780306800888121	1.43176829884073	1.0209474829895
TRINITY_GG_1997_c131_g1	-0.949628400674373	-0.949628400674373	-0.949628400674373	1.08458731466354	0.632927602339688	1.13137028501989
TRINITY_GG_1303_c0_g1	-1.69064991335788	-1.69064991335788	-1.69064991335788	2.15232891843045	1.40628656914508	1.51333425249811
TRINITY_GG_5562_c38_g1	-0.849943865294894	-0.849943865294894	-0.849943865294894	0.631871708322969	0.610536604745117	1.30742328281659
TRINITY_GG_5343_c7_g2	0.281375252836291	2.26213514696812	0.562538906422968	-1.03534976874246	-1.03534976874246	-1.03534976874246
TRINITY_GG_31414_c1_g2	-1.27726727675807	-1.27726727675807	-1.27726727675807	2.5441368177448	0.906378028636585	0.381286983892827
TRINITY_GG_57531_c140_g1	1.80589835471577	-0.0345609265700293	2.38044118434698	-1.38392620416424	-1.38392620416424	-1.38392620416424
TRINITY_GG_88731_c0_g1	-1.16262549091536	-1.16262549091536	-1.16262549091536	-0.890005036252371	2.15149094022531	2.22639056877315
TRINITY_GG_6549_c53_g1	2.30771073254592	2.51074848434563	1.53895811394402	-1.92712699092522	-2.00134208356423	-2.42894825634613
TRINITY_GG_9228_c0_g2	1.20393454365007	1.3640640872579	0.360641321617107	-0.976213317508358	-0.976213317508358	-0.976213317508358
TRINITY_GG_54548_c0_g1	-0.826426436459808	-0.826426436459808	-0.826426436459808	1.26341065365981	1.22180974919304	-0.00594109347342886
TRINITY_GG_4879_c2_g1	1.33261700908337	1.98561573230715	1.33369084243469	-1.9806240683428	-1.47617093523349	-1.19512858024893
TRINITY_GG_10210_c0_g1	0.793443176476953	0.579070203476625	2.44387402539643	-1.27212913511667	-1.27212913511667	-1.27212913511667
TRINITY_GG_90507_c0_g1	0.771119432258886	0.370561658040175	1.1650424206968	-0.768907836998621	-0.768907836998621	-0.768907836998621
TRINITY_GG_98664_c0_g1	-1.18267615076227	-1.18267615076227	-1.18267615076227	1.27018281395154	1.50707028773128	0.770775350603989
TRINITY_GG_96484_c0_g1	0.399950822659111	1.1320643723925	0.68850500869827	-0.74017340124996	-0.74017340124996	-0.74017340124996
TRINITY_GG_55738_c18_g1	1.14266343201463	0.116887549613873	1.38328936787553	-0.880946783168013	-0.880946783168013	-0.880946783168013
TRINITY_GG_8732_c12_g1	0.757237008107044	0.903216313924324	1.1558170929772	-0.938756805002856	-0.938756805002856	-0.938756805002856
TRINITY_GG_23675_c5_g1	0.633846239359776	2.10092241834342	0.232483676978009	-0.989084111560401	-0.989084111560401	-0.989084111560401
TRINITY_GG_15863_c1_g1	1.11521033325847	1.40340668564899	1.48451053019801	-1.25857551692534	-1.37227601609007	-1.37227601609007
TRINITY_GG_5370_c21_g1	0.613145878268149	0.71668348237656	1.11033241890086	-0.813387259848524	-0.813387259848524	-0.813387259848524
TRINITY_GG_697_c47_g1	-0.884585612448986	-0.884585612448986	-0.884585612448986	-0.297700799596801	1.3273610699222	1.62409656702156
TRINITY_GG_105269_c0_g1	1.57208064729544	0.678326286622334	0.19709289735376	-0.81583327709051	-0.81583327709051	-0.81583327709051
TRINITY_GG_54137_c78_g2	-1.1333064997267	2.46271268908591	2.94532398391257	-1.42491005775726	-1.42491005775726	-1.42491005775726
TRINITY_GG_96992_c0_g1	1.11164726565061	1.75057842994027	1.38329256663108	-1.41517275407399	-1.41517275407399	-1.41517275407399
TRINITY_GG_9088_c32_g1	-0.968900396136539	-0.968900396136539	-0.968900396136539	1.72865104267973	0.44739890934334	0.73065123638655
TRINITY_GG_1225_c47_g7	0.30197176461121	0.982569544382876	1.10237578705155	-0.795639032015212	-0.795639032015212	-0.795639032015212
TRINITY_GG_91905_c2_g2	0.907931974185263	0.909983296926552	0.897631380371262	-0.905182217161026	-0.905182217161026	-0.905182217161026
TRINITY_GG_54614_c85_g1	1.43722634052317	1.28370477177863	1.86668126804756	-1.52920412678312	-1.52920412678312	-1.52920412678312
TRINITY_GG_3354_c36_g2	-1.25785637996466	-1.31859553782234	-1.31859553782234	1.4424769329663	1.36980865057512	1.08276187206794
TRINITY_GG_90142_c0_g2	0.988327052193872	0.0509846994753914	1.46328574886562	-0.83419916684496	-0.83419916684496	-0.83419916684496
TRINITY_GG_1837_c25_g1	-1.65951950385393	-1.65951950385393	-1.65951950385393	1.19267913867964	1.29858075786932	2.48729861501283
TRINITY_GG_99089_c3_g1	0.400846222026056	1.01334314783728	0.789876573342066	-0.734688647735133	-0.734688647735133	-0.734688647735133
TRINITY_GG_58886_c49_g1	1.69026288214563	0.582918926774304	1.59413163897408	-1.3600646714128	-1.14718410506841	-1.3600646714128
TRINITY_GG_75889_c1_g1	-0.358745781888452	1.49780769733299	1.88671148713884	-1.00859113419446	-1.00859113419446	-1.00859113419446
TRINITY_GG_54330_c148_g1	-0.94645798363532	-0.94645798363532	-0.94645798363532	0.839720145163446	1.55434406942184	0.445309736320677
TRINITY_GG_6900_c37_g1	-0.792320931541036	-0.792320931541036	-0.792320931541036	0.76300442744821	0.814121296590572	0.799837070584325
TRINITY_GG_16394_c1_g1	-0.743864570395756	-0.743864570395756	-0.743864570395756	0.869195536500359	0.724979372578881	0.637418802108028
TRINITY_GG_104305_c0_g3	-0.938191811975007	-0.938191811975007	-0.938191811975007	1.28924122606197	0.7542353861147	0.77109882374835
TRINITY_GG_18797_c16_g1	-1.34130055265744	-1.21300715164762	-1.34130055265744	1.36534050465197	1.40350638118723	1.1267613711233
TRINITY_GG_50156_c1_g1	-0.780599923652274	-0.780599923652274	-0.780599923652274	1.32842625284609	0.587330217779609	0.426043300331121
TRINITY_GG_11885_c3_g1	-0.854947520710577	-0.854947520710577	-0.854947520710577	1.28386694819171	-0.229209458801929	1.51018507274195
TRINITY_GG_88549_c0_g1	-0.970201340073075	-0.970201340073075	-0.970201340073075	1.44176717028706	0.459012889766509	1.00982396016566
TRINITY_GG_28190_c0_g1	-1.02968997986637	-1.02968997986637	-1.02968997986637	0.183812840117551	1.92059178637084	0.984665313110705
TRINITY_GG_56833_c2_g1	1.07233457468433	0.22311230067281	2.40721109907947	-1.2342193248122	-1.2342193248122	-1.2342193248122
TRINITY_GG_11159_c30_g1	-0.859985738760517	-0.859985738760517	-0.859985738760517	0.55306668978801	0.758252916834938	1.2686376096586
TRINITY_GG_98571_c0_g1	-0.743534890948962	-0.743534890948962	-0.743534890948962	0.538015002417679	1.20469215293021	0.487897517499003
TRINITY_GG_54584_c71_g1	-0.779885223385515	-0.779885223385515	-0.779885223385515	0.258550958270594	1.39579904734548	0.685305664540468
TRINITY_GG_8201_c14_g1	0.495289604918564	0.96839036511212	1.78943990626164	-1.08437329209744	-1.08437329209744	-1.08437329209744
TRINITY_GG_289_c119_g1	0.669618512694316	0.886927574514444	1.42531538096086	-0.993953822723206	-0.993953822723206	-0.993953822723206
TRINITY_GG_18983_c1_g1	2.03141089547942	0.847449570718504	-0.170676061574264	-0.902728134874553	-0.902728134874553	-0.902728134874553
TRINITY_GG_85800_c1_g1	1.02475323995547	0.555106503713526	0.68933009159524	-0.756396611754744	-0.756396611754744	-0.756396611754744
TRINITY_GG_48039_c1_g3	-1.43880456668432	-1.43880456668432	-1.43880456668432	1.80547363189382	1.13868468710339	1.37225538105576
TRINITY_GG_29114_c0_g1	0.954150963557518	1.78919567494813	1.21564320458291	-1.31966328102952	-1.31966328102952	-1.31966328102952
TRINITY_GG_17755_c4_g1	-1.25810766006723	-1.25810766006723	-1.25810766006723	1.23656395158032	0.877098839363446	1.66066018925792
TRINITY_GG_54330_c81_g5	-1.29155629078993	-1.29155629078993	-1.29155629078993	0.636719270822	1.78534479676733	1.45260480478048
TRINITY_GG_30382_c1_g1	-1.03465536372409	-1.03465536372409	-1.03465536372409	1.6216121710702	0.339410354498444	1.14294356560364
TRINITY_GG_11242_c0_g1	-0.916382713638589	-0.916382713638589	-0.916382713638589	0.857191709132718	1.23157516774851	0.660381264034536
TRINITY_GG_48550_c0_g1	0.716245864710761	1.08298147492431	1.019464329299	-0.939563889644691	-0.939563889644691	-0.939563889644691
TRINITY_GG_2957_c29_g1	0.877601172461727	1.77977564140517	0.779585725648835	-1.14565417983858	-1.14565417983858	-1.14565417983858
TRINITY_GG_56721_c5_g1	-1.49063257943714	-1.49063257943714	-1.49063257943714	3.01475026962516	-0.239671005903923	1.69681847459018
TRINITY_GG_39646_c0_g1	0.912626727759621	1.66623458567439	1.32283368342445	-1.30056499895282	-1.30056499895282	-1.30056499895282
TRINITY_GG_72636_c0_g1	-0.991133407907794	-0.991133407907794	-0.991133407907794	1.26919340556251	0.0929308568806808	1.61127596128019
TRINITY_GG_48793_c0_g1	-1.26981672329781	-1.26981672329781	-1.26981672329781	1.93463704437676	1.22357442759214	0.651238697924526
TRINITY_GG_11159_c7_g2	-1.3557048227822	-1.3557048227822	-1.3557048227822	1.5347418698977	1.14866132783007	1.38371127061883
TRINITY_GG_50082_c2_g1	-0.97407380254522	-0.97407380254522	-0.97407380254522	0.00923906852190037	1.2970530242373	1.61592931487647
TRINITY_GG_64694_c0_g1	3.10098917119113	2.24399798979163	3.72714230186314	-2.86109441606472	-2.99052873027173	-3.22050631650945
TRINITY_GG_82824_c1_g1	-1.21039827728155	-1.21039827728155	-1.21039827728155	1.50241757715582	1.82416961553666	0.304607639152177
TRINITY_GG_59841_c63_g1	-0.762665658098202	-0.762665658098202	-0.762665658098202	1.25489998491617	0.750319676715474	0.282777312662965
TRINITY_GG_5876_c16_g1	-0.915425872713296	-0.915425872713296	-0.915425872713296	0.441281380222085	1.0298072504216	1.2751889874962
TRINITY_GG_12788_c3_g1	-0.784917822587633	-0.784917822587633	-0.784917822587633	1.26331836306521	0.583571178057471	0.507863926640213
TRINITY_GG_4122_c31_g1	-0.826973428139899	-0.826973428139899	-0.826973428139899	0.857396500873108	0.608121723480199	1.01540206006639
TRINITY_GG_9614_c2_g1	1.74369242794992	0.316782065346617	0.760211165281685	-0.940228552859407	-0.940228552859407	-0.940228552859407
TRINITY_GG_46027_c0_g1	-1.01847989810034	-1.01847989810034	-1.01847989810034	0.969204779466426	1.09321917409709	0.993015740737494
TRINITY_GG_2492_c0_g1	-2.18702062960258	-2.18702062960258	-2.18702062960258	1.77663844341953	2.013436641826	2.77098680356221
TRINITY_GG_51720_c1_g1	-1.00979394109944	-1.00979394109944	-1.00979394109944	1.25023171486201	1.37480851655131	0.404341591885008
TRINITY_GG_54051_c1_g1	0.845748224247617	1.25121016241024	0.711764288193406	-0.936240891617087	-0.936240891617087	-0.936240891617087
TRINITY_GG_32647_c0_g1	1.60935107289436	1.62216018076209	0.262424502993976	-1.16464525221681	-1.16464525221681	-1.16464525221681
TRINITY_GG_163_c0_g2	-1.02728720124424	-1.02728720124424	-1.02728720124424	0.95639049345383	0.639014926928858	1.48645618335002
TRINITY_GG_42568_c3_g2	0.193953709211231	1.43478799003519	1.8476727482418	-1.15880481582941	-1.15880481582941	-1.15880481582941
TRINITY_GG_87733_c0_g1	0.938314486479318	1.41438355759528	2.57858116067644	-1.64375973491701	-1.64375973491701	-1.64375973491701
TRINITY_GG_42344_c0_g1	-1.37842469109036	-1.37842469109036	-1.37842469109036	0.820069462548721	2.10674448896054	1.20846012176182
TRINITY_GG_26520_c0_g1	1.28245416522745	1.1736291156696	0.811230811256474	-1.08910469738451	-1.08910469738451	-1.08910469738451
TRINITY_GG_105127_c2_g1	0.512537950932769	0.774894057040448	1.10946348563329	-0.798965164535501	-0.798965164535501	-0.798965164535501
TRINITY_GG_90067_c1_g3	-0.428252470431571	2.388330291798	1.60086829530187	-1.18698203888943	-1.18698203888943	-1.18698203888943
TRINITY_GG_8449_c13_g1	-0.946876313412226	-0.946876313412226	-0.946876313412226	0.322755337528213	1.68864592804753	0.829227674660938
TRINITY_GG_87787_c0_g1	1.85630288068246	0.819386129409019	1.1224265704395	-1.26603852684366	-1.26603852684366	-1.26603852684366
TRINITY_GG_12564_c0_g1	1.36500740558092	1.03354604886207	0.857880708397609	-1.0854780542802	-1.0854780542802	-1.0854780542802
TRINITY_GG_1918_c284_g1	-0.774114153276437	-0.774114153276437	-0.774114153276437	1.44869040776882	0.642725588636393	0.230926463424093
TRINITY_GG_88295_c0_g1	0.517404302859709	1.21667537367818	1.52592138588957	-1.08666702080915	-1.08666702080915	-1.08666702080915
TRINITY_GG_56683_c4_g3	-1.00044611590958	-1.00044611590958	-1.00044611590958	0.864284806405175	1.62552567545133	0.511527865872225
TRINITY_GG_54604_c31_g2	0.541048716376383	1.1597663767295	2.08819943466702	-1.26300484259097	-1.26300484259097	-1.26300484259097
TRINITY_GG_65948_c0_g1	-1.58671526425846	-1.73727494083384	-1.73727494083384	2.88401505170508	1.2580286645014	0.919221429719655
TRINITY_GG_8946_c1_g1	-0.884792661791475	2.27957816516465	2.67861518574977	-1.35780022970765	-1.35780022970765	-1.35780022970765
TRINITY_GG_84403_c0_g1	-0.919586695775475	-0.919586695775475	-0.919586695775475	0.960902930912344	0.75396972821467	1.04388742819941
TRINITY_GG_99277_c385_g1	-0.947159580216733	-0.947159580216733	-0.947159580216733	0.78184929012113	0.603248613000547	1.45638083752852
TRINITY_GG_46126_c0_g1	0.319660343708451	0.957285052016051	1.00809245550596	-0.761679283743487	-0.761679283743487	-0.761679283743487
TRINITY_GG_61517_c1_g1	-1.19289237283137	-1.19289237283137	-1.19289237283137	1.8266316397624	0.047116591903704	1.704928886828
TRINITY_GG_54614_c70_g1	-1.31107743099112	-1.31107743099112	-1.31107743099112	0.381349767098588	1.82839206404768	1.72349046182709
TRINITY_GG_104639_c7_g1	-0.846607310853007	-0.846607310853007	-0.846607310853007	1.36066086225902	0.303302356681917	0.875858713618084
TRINITY_GG_1397_c0_g1	0.457412025275617	0.632824973505672	1.76040095209169	-0.950212650290992	-0.950212650290992	-0.950212650290992
TRINITY_GG_53656_c0_g1	-1.10229310469052	-1.10229310469052	-1.10229310469052	0.506989075226051	1.56105151467557	1.23883872416994
TRINITY_GG_8333_c0_g2	1.13054151834716	1.49025091262156	0.319674963624598	-0.980155798197772	-0.980155798197772	-0.980155798197772
TRINITY_GG_6616_c0_g2	-1.0809140007503	-1.0809140007503	-1.0809140007503	1.14405236424998	0.869554413399826	1.22913522460109
TRINITY_GG_1215_c65_g1	0.553374024960258	1.31023060259259	0.879676767031599	-0.914427131528149	-0.914427131528149	-0.914427131528149
TRINITY_GG_106559_c0_g1	-1.22596385697257	-1.29772652627266	-1.29772652627266	1.12342943438956	1.52765207762027	1.17033539750807
TRINITY_GG_58595_c57_g1	0.671387672798087	0.439696331801008	1.75336942586576	-0.954817810154951	-0.954817810154951	-0.954817810154951
TRINITY_GG_73812_c0_g1	-0.729805660903971	-0.729805660903971	-0.729805660903971	0.936950930980832	0.449705389367539	0.802760662363541
TRINITY_GG_54988_c21_g1	-0.070540036285082	0.766806148024791	1.82974317221249	-0.842003094650733	-0.842003094650733	-0.842003094650733
TRINITY_GG_11842_c0_g1	0.37509016477471	2.09740787318506	0.625105494415925	-1.0325345107919	-1.0325345107919	-1.0325345107919
TRINITY_GG_102057_c0_g1	0.806766671834221	1.60560775778454	1.35369069060197	-1.25535504007358	-1.25535504007358	-1.25535504007358
TRINITY_GG_54045_c14_g1	-1.91841627561432	-1.85302668242564	-3.7862233117414	0.840876405669154	3.36627949758792	3.35051036652428
TRINITY_GG_77059_c16_g1	0.195236024606779	0.797089523025821	1.31904222622118	-0.770455924617926	-0.770455924617926	-0.770455924617926
TRINITY_GG_637_c70_g1	1.34108180118332	0.87129515367318	0.863134432692241	-1.02517046251625	-1.02517046251625	-1.02517046251625
TRINITY_GG_96293_c0_g1	-1.46886763198137	-1.46886763198137	-1.46886763198137	1.29793951932155	1.44627079394308	1.66239258267949
TRINITY_GG_8747_c5_g1	-0.904217544717016	-0.904217544717016	-0.904217544717016	0.820432727015951	-0.290685891799088	2.18290579893418
TRINITY_GG_26658_c0_g2	0.0979004155780477	1.34571888040362	1.45111693449926	-0.964912076826974	-0.964912076826974	-0.964912076826974
TRINITY_GG_67059_c0_g1	0.57090424897659	0.191874136933492	1.95443159316871	-0.90573665969293	-0.90573665969293	-0.90573665969293
TRINITY_GG_8428_c12_g1	-1.28433793916678	-1.28433793916678	-1.28433793916678	1.25096854644564	0.644695539479076	1.95734973157562
TRINITY_GG_82052_c0_g1	1.62869683747765	1.46175076552836	0.485216937986256	-1.23067643256135	-1.23067643256135	-1.11431167586956
TRINITY_GG_7318_c3_g1	1.6676919437282	0.359815018854022	1.39086363036297	-1.13945686431507	-1.13945686431507	-1.13945686431507
TRINITY_GG_22853_c0_g1	-0.992535705546212	-0.992535705546212	-0.992535705546212	0.88520854440279	1.22655535269999	0.865843219535859
TRINITY_GG_106554_c1_g1	-1.00545461866456	-1.00545461866456	-1.00545461866456	0.81870222506427	1.72855041505549	0.469111215873916
TRINITY_GG_82180_c0_g1	-1.16979443480894	-1.16979443480894	-1.16979443480894	1.45313591611123	0.163056687263211	1.89319070105238
TRINITY_GG_63456_c60_g1	-0.99327324885649	-0.99327324885649	-0.99327324885649	1.07367699506814	0.807885407237208	1.09825734426413
TRINITY_GG_86825_c0_g1	-0.804160366138931	-0.804160366138931	-0.804160366138931	0.524676098090609	1.25207631884534	0.635728681480848
TRINITY_GG_90205_c2_g3	0.659144852067363	2.28689308694733	0.619315811571139	-1.18845125019528	-1.18845125019528	-1.18845125019528
TRINITY_GG_43216_c0_g1	0.44920046882029	1.95666675515579	0.777898234548347	-1.06125515284147	-1.06125515284147	-1.06125515284147
TRINITY_GG_7652_c0_g1	-0.137168292561112	1.065212111984	1.72884475727255	-0.885629525565148	-0.885629525565148	-0.885629525565148
TRINITY_GG_60288_c2_g2	-0.95325970192172	-0.95325970192172	-0.95325970192172	0.617203229104321	1.66826474174974	0.5743111349111
TRINITY_GG_61368_c39_g1	-1.08108649891791	-1.08108649891791	-1.08108649891791	0.406914271916161	1.72523755847212	1.11110766636544
TRINITY_GG_28669_c0_g1	2.07442134058478	1.82459194341283	2.52871670836178	-2.1425766641198	-2.1425766641198	-2.1425766641198
TRINITY_GG_61872_c22_g1	-0.857065200697833	-0.857065200697833	-0.857065200697833	0.366975073520098	0.503018095215498	1.7012024333579
TRINITY_GG_5556_c105_g1	-0.776431228684998	-0.776431228684998	-0.776431228684998	1.18333892652647	0.883949806557414	0.26200495297111
TRINITY_GG_49119_c0_g5	1.71063849566634	1.02817946666787	1.68210743392491	-1.47364179875304	-1.47364179875304	-1.47364179875304
TRINITY_GG_45907_c2_g1	2.37572110576792	1.50169583624262	0.443068106271914	-1.44016168276082	-1.44016168276082	-1.44016168276082
TRINITY_GG_4078_c26_g1	-0.889610089140266	-0.889610089140266	-0.889610089140266	1.06085832500986	0.984596696737532	0.62337524567341
TRINITY_GG_22868_c1_g1	-1.06128130377643	-1.06128130377643	-1.06128130377643	0.923490308608994	1.21729824668199	1.0430553560383
TRINITY_GG_90575_c0_g2	-0.890401795998073	-0.890401795998073	-0.890401795998073	2.09163346535987	0.635667015669515	-0.0560950930351649
TRINITY_GG_55970_c93_g1	-1.85785047915515	-1.85785047915515	-1.85785047915515	1.26333073929285	1.85243249528042	2.45778820289217
TRINITY_GG_57141_c51_g1	-0.856614216391375	-0.856614216391375	-0.856614216391375	0.665943776479062	1.2916691461118	0.612229726583262
TRINITY_GG_46340_c0_g1	-1.64170868568949	-1.64170868568949	-1.64170868568949	1.66484521380705	1.90759083178113	1.3526900114803
TRINITY_GG_70887_c0_g2	-1.52727631822098	-1.52727631822098	-1.52727631822098	1.85663529277534	1.2454539295462	1.47973973234141
TRINITY_GG_60571_c38_g1	-1.08933536255378	-1.08933536255378	-1.08933536255378	1.17580144092203	1.02935659023803	1.06284805650127
TRINITY_GG_62245_c13_g3	-0.905756949182532	-0.905756949182532	-0.905756949182532	1.38584660884803	0.350045887420186	0.981378351279376
TRINITY_GG_59056_c8_g1	-1.77958357987123	-1.77958357987123	-1.77958357987123	2.21255036056068	2.37446488656945	0.751735492483558
TRINITY_GG_48277_c1_g1	-1.09051412060788	-1.09051412060788	-1.09051412060788	0.882178533396385	0.745005780779056	1.6443580476482
TRINITY_GG_63015_c32_g1	0.699869830129591	0.817948619321328	0.657338324792372	-0.725052258081097	-0.725052258081097	-0.725052258081097
TRINITY_GG_53927_c163_g1	0.532569016443661	0.264545458522192	1.75235022432357	-0.849821566429808	-0.849821566429808	-0.849821566429808
TRINITY_GG_20946_c1_g2	-0.778931123163262	-0.778931123163262	-0.778931123163262	0.787153367352205	0.654562516683618	0.895077485453963
TRINITY_GG_36625_c0_g1	0.628278023303877	1.61153282574448	0.48798879693373	-0.909266548660697	-0.909266548660697	-0.909266548660697
TRINITY_GG_63113_c37_g2	-0.869071201788478	-0.869071201788478	-0.869071201788478	0.955085641940351	-0.127496354369682	1.77962431779476
TRINITY_GG_55838_c38_g2	1.23468805003747	0.728737571931739	0.706487199176937	-0.889970940382049	-0.889970940382049	-0.889970940382049
TRINITY_GG_59155_c0_g2	-0.955376885258815	-0.955376885258815	-0.955376885258815	1.02684096105677	0.867149333780017	0.972140360939661
TRINITY_GG_24204_c0_g2	-1.00319032329577	-1.00319032329577	-1.00319032329577	1.27122044602206	1.39898610168371	0.339364422181547
TRINITY_GG_8100_c3_g2	0.196060553773106	1.20231351582189	1.16651627815909	-0.854963449251361	-0.854963449251361	-0.854963449251361
TRINITY_GG_103920_c26_g1	0.405084352754772	1.03072111700181	1.28519425652336	-0.906999908759982	-0.906999908759982	-0.906999908759982
TRINITY_GG_6098_c18_g4	-0.834491092277271	-0.834491092277271	-0.834491092277271	1.58720348890302	0.107366426726169	0.808903361202622
TRINITY_GG_76853_c80_g1	-1.03738594738919	-1.03738594738919	-1.03738594738919	1.52942920662171	0.969809554015016	0.61291908153084
TRINITY_GG_6889_c8_g1	0.764482525416746	1.74207127799649	0.116305453587379	-0.874286419000204	-0.874286419000204	-0.874286419000204
TRINITY_GG_66677_c11_g1	0.112413121839936	1.11598680471975	1.46884762443399	-0.899082516997893	-0.899082516997893	-0.899082516997893
TRINITY_GG_92925_c1_g1	-1.31559081647159	-1.31559081647159	-1.31559081647159	1.03942544774796	1.2986478666202	1.60869913504662
TRINITY_GG_60103_c2_g1	1.94589304427514	2.30072590934807	-0.158079675414842	-1.36284642606946	-1.36284642606946	-1.36284642606946
TRINITY_GG_80813_c0_g1	1.08586065553829	1.20670669817211	2.32496061848005	-1.53917599073015	-1.53917599073015	-1.53917599073015
TRINITY_GG_276_c26_g1	-1.10211042803118	-1.10211042803118	-1.10211042803118	0.545894751779315	1.14885114550204	1.61158538681218
TRINITY_GG_61822_c32_g1	-0.983099743614159	-0.983099743614159	-0.983099743614159	0.533923928450421	2.16827203263979	0.247103269752262
TRINITY_GG_59534_c3_g1	-1.26946345837014	-1.26946345837014	-1.26946345837014	1.05477110390039	0.0866803518551305	2.66693891935492
TRINITY_GG_26171_c7_g1	-1.20294189825837	-1.20294189825837	-1.20294189825837	1.25517758291614	0.970185535222285	1.38346257663669
TRINITY_GG_81171_c0_g1	-0.743782091453893	-0.743782091453893	-0.743782091453893	0.395687403584903	0.630840114737314	1.20481875603946
TRINITY_GG_30188_c0_g2	-0.887612273065546	-0.887612273065546	-0.887612273065546	0.205271692612938	1.09058335661611	1.3669817699676
TRINITY_GG_79500_c1_g1	-0.731099718166772	-0.731099718166772	-0.731099718166772	0.559914383250531	1.02079242023754	0.612592351012247
TRINITY_GG_55696_c0_g1	-1.121848848787	-1.121848848787	-1.121848848787	2.45406851233115	0.112652471775214	0.798825562254622
TRINITY_GG_51619_c0_g2	0.947074903350065	0.595577457981155	1.58135900579295	-1.04133712237472	-1.04133712237472	-1.04133712237472
TRINITY_GG_3822_c2_g2	-1.0231477262847	-1.0231477262847	-1.0231477262847	1.90190223844266	1.04207989649092	0.12546104392052
TRINITY_GG_70180_c1_g1	-0.902033208608292	-0.902033208608292	-0.902033208608292	1.45439235047852	1.05141829275797	0.200288982588394
TRINITY_GG_91577_c0_g1	-1.22532595770994	-1.22532595770994	-1.22532595770994	0.0844323137146965	2.14218489719706	1.44936066221806
TRINITY_GG_54330_c81_g1	-0.733708265947162	-0.733708265947162	-0.733708265947162	0.869413603892834	0.508131917617508	0.823579276331145
TRINITY_GG_8652_c65_g2	-1.16062386270245	-1.16062386270245	-1.16062386270245	1.70944488907996	0.790963932112306	0.981462766915078
TRINITY_GG_27840_c0_g1	4.94442767056354	0.200188968830205	-0.915918659367029	-1.40956599334224	-1.40956599334224	-1.40956599334224
TRINITY_GG_33444_c0_g1	-0.880527806077257	-0.880527806077257	-0.880527806077257	0.279747025331337	0.801146335715577	1.56069005718486
TRINITY_GG_41880_c2_g1	1.26321778791738	1.50357798188656	1.07032501574468	-1.27904026184954	-1.27904026184954	-1.27904026184954
TRINITY_GG_61831_c33_g1	1.10649021216909	1.20587948610133	0.972120258375865	-1.09482998554876	-1.09482998554876	-1.09482998554876
TRINITY_GG_610_c121_g1	-0.951830374308215	-0.951830374308215	-0.951830374308215	0.62879753614905	0.779352867263985	1.44734071951161
TRINITY_GG_54744_c104_g1	-0.854106422776106	-0.854106422776106	-0.854106422776106	1.21146588881752	0.228596166554144	1.12225721295666
TRINITY_GG_61781_c15_g1	-2.8152354806367	-2.29117180485948	-2.31545336048938	3.66443162640259	4.02793184428704	-0.270502824704072
TRINITY_GG_84132_c0_g1	-0.750507268978065	-0.750507268978065	-0.750507268978065	0.968457066781474	1.07974805518962	0.203316684963102
TRINITY_GG_57874_c2_g1	0.521150541361207	0.831194417311346	1.58354977768576	-0.978631578786105	-0.978631578786105	-0.978631578786105
TRINITY_GG_30791_c0_g1	-1.11209686309414	-1.11209686309414	-1.11209686309414	1.96856080025109	-0.106337593805452	1.47406738283677
TRINITY_GG_29326_c0_g1	-0.771154872609676	-0.771154872609676	-0.771154872609676	0.924838940500224	0.510395020756966	0.87823065657184
TRINITY_GG_9268_c12_g1	0.953445725924346	0.503336796172534	0.744062365149761	-0.733614962415547	-0.733614962415547	-0.733614962415547
TRINITY_GG_24234_c8_g1	0.570625908779491	0.667944996176123	1.60666719750609	-0.948412700820568	-0.948412700820568	-0.948412700820568
TRINITY_GG_27930_c0_g2	1.24083769082469	0.581845726165265	1.63834593640387	-1.15367645113127	-1.15367645113127	-1.15367645113127
TRINITY_GG_6870_c22_g1	1.51549459478739	2.21396413021516	2.64071177984287	-2.12339016828181	-2.12339016828181	-2.12339016828181
TRINITY_GG_27412_c1_g1	2.19388613889968	1.30425139238596	0.54140196890719	-1.34651316673094	-1.34651316673094	-1.34651316673094
TRINITY_GG_91024_c0_g1	0.995759054257297	0.867131151218337	1.00295968616508	-0.923039732391144	-0.906241481228011	-1.03656867802156
TRINITY_GG_82605_c1_g2	0.657710700365954	1.30811804019369	0.563445317513968	-0.843091352691204	-0.843091352691204	-0.843091352691204
TRINITY_GG_76212_c0_g1	-1.07723127679529	-1.07723127679529	-1.07723127679529	1.50122444498428	0.885502813800513	0.844966571601077
TRINITY_GG_79125_c1_g1	-0.826048442178539	-0.826048442178539	-0.826048442178539	0.758914058542617	1.45104364032577	0.268187627667226
TRINITY_GG_835_c52_g1	0.479731417797475	2.21000654969323	1.3214812036155	-1.3370730570354	-1.3370730570354	-1.3370730570354
TRINITY_GG_65839_c9_g1	0.574994547286682	1.1201993387701	0.653322907971641	-0.782838931342809	-0.782838931342809	-0.782838931342809
TRINITY_GG_64163_c0_g1	1.47490511449931	1.70458135287211	0.528961154566832	-1.23614920731275	-1.23614920731275	-1.23614920731275
TRINITY_GG_2400_c0_g1	-1.44733116254557	-1.44733116254557	-1.44733116254557	1.61858575553265	1.40626534365695	1.3171423884471
TRINITY_GG_54448_c79_g1	0.874624407352502	0.648463926307237	0.703522944097553	-0.742203759252431	-0.742203759252431	-0.742203759252431
TRINITY_GG_57889_c5_g1	-0.773749264490382	-0.773749264490382	-0.773749264490382	1.53455335648195	0.326555641305304	0.460138795683896
TRINITY_GG_54623_c11_g1	0.518975749757639	0.74002048763234	1.56866219175574	-0.942552809715238	-0.942552809715238	-0.942552809715238
TRINITY_GG_55681_c1_g1	-0.783458599182708	-0.783458599182708	-0.783458599182708	1.33921411964143	0.64146348902798	0.369698188878713
TRINITY_GG_19407_c13_g1	-1.19353347244166	-1.19353347244166	-1.19353347244166	1.17997554307635	1.92831082543472	0.472314048813895
TRINITY_GG_96433_c0_g1	1.2619353671328	1.44110237821465	1.07430836395703	-1.25911536976816	-1.25911536976816	-1.25911536976816
TRINITY_GG_28941_c1_g2	-0.98324111120136	-0.98324111120136	-0.98324111120136	0.368952426543672	1.09126432516227	1.48950658189814
TRINITY_GG_79206_c7_g1	-0.228760364314977	2.68942740467164	1.54666880223463	-1.3357786141971	-1.3357786141971	-1.3357786141971
TRINITY_GG_4683_c0_g1	-1.30089777651108	-1.30089777651108	-1.30089777651108	1.39152942157863	2.74855874215952	-0.237394834204919
TRINITY_GG_1328_c2_g1	2.77787534899874	1.27980859412808	2.21045208558507	-2.0893786762373	-2.0893786762373	-2.0893786762373
TRINITY_GG_54552_c38_g1	1.68540142145271	0.480171884431836	0.721547409135857	-0.962373571673468	-0.962373571673468	-0.962373571673468
TRINITY_GG_53873_c65_g1	-0.990663014691895	-0.990663014691895	-0.990663014691895	0.73921599743404	1.34647716526397	0.886295881377675
TRINITY_GG_1068_c0_g3	2.02597171738741	0.913619304383728	1.29657376743845	-1.41205492973653	-1.41205492973653	-1.41205492973653
TRINITY_GG_59579_c4_g1	-2.11607290103155	-1.21358940694581	-1.28070360280435	1.73293861658094	2.17992856099742	0.697498733203362
TRINITY_GG_55842_c5_g1	-0.762077519087038	-0.762077519087038	-0.762077519087038	1.30899864292392	0.711449658069721	0.265784256267471
TRINITY_GG_275_c2_g1	-1.48327521304307	-1.235730413587	-1.08232817342941	1.88595859662265	1.53555683584335	0.379818367593487
TRINITY_GG_59467_c20_g1	1.04912451824662	1.19111818044563	0.10558327838313	-0.781941992358457	-0.781941992358457	-0.781941992358457
TRINITY_GG_60089_c16_g1	0.68162797021315	0.979250158584379	0.951369173847626	-0.870749100881719	-0.870749100881719	-0.870749100881719
TRINITY_GG_29299_c0_g1	-1.51400718279649	-1.20556874959112	-1.5641929399647	1.47878190230842	1.71745790182427	1.08752906821962
TRINITY_GG_49807_c0_g1	1.82680743549379	1.08792069275366	0.74641765640854	-1.22038192821866	-1.22038192821866	-1.22038192821866
TRINITY_GG_3484_c10_g1	1.16055044194899	0.52894316859175	0.628439823493569	-0.772644478011437	-0.772644478011437	-0.772644478011437
TRINITY_GG_83820_c4_g1	-1.15182996546884	-1.15182996546884	-1.15182996546884	0.827463744976885	1.88765940643301	0.740366744996641
TRINITY_GG_10029_c15_g1	0.374018324372193	1.09695435863434	0.881983425378187	-0.784318702794907	-0.784318702794907	-0.784318702794907
TRINITY_GG_88766_c0_g1	0.600181137406667	1.70019843174019	2.10302550918605	-1.46780169277764	-1.46780169277764	-1.46780169277764
TRINITY_GG_1340_c0_g1	1.44880515299824	1.64003970197791	0.235131425807351	-1.1079920935945	-1.1079920935945	-1.1079920935945
TRINITY_GG_58977_c4_g1	-1.59734668346768	-1.59734668346768	-1.59734668346768	1.95613670177572	0.747197790487028	2.0887055581403
TRINITY_GG_54305_c74_g1	-1.17784711998322	-1.17784711998322	-1.17784711998322	2.02832721443181	0.865847341242755	0.639366804275104
TRINITY_GG_68320_c1_g1	1.26013729675621	1.64266431758477	1.95421629300235	-1.40592734631434	-1.7255452805145	-1.7255452805145
TRINITY_GG_21388_c1_g3	-0.877628959936134	-0.877628959936134	-0.877628959936134	1.16221130459566	0.795927464054011	0.674748111158735
TRINITY_GG_34915_c0_g1	2.26232530114487	2.79336740094288	1.75588457298452	-2.18158020056513	-2.4313289156487	-2.19866815885843
TRINITY_GG_64832_c0_g2	0.806694163989753	0.284544155673619	1.24356669053084	-0.778268336731403	-0.778268336731403	-0.778268336731403
TRINITY_GG_38000_c0_g2	-0.909899696828736	-0.909899696828736	-0.909899696828736	0.635574514011444	1.81562334870029	0.278501227774474
TRINITY_GG_79422_c2_g1	0.452970921338597	0.856671681724151	1.55105464353698	-0.953565748866575	-0.953565748866575	-0.953565748866575
TRINITY_GG_57931_c0_g1	0.350367294459324	1.76810694930363	0.738697019773181	-0.952390421178713	-0.952390421178713	-0.952390421178713
TRINITY_GG_56646_c13_g1	-0.836113581192749	-0.836113581192749	-0.836113581192749	1.73191852357853	0.15520417570745	0.621218044292265
TRINITY_GG_72353_c0_g2	-0.96638080479127	-0.96638080479127	-0.96638080479127	1.13762030552994	1.15695430846181	0.604567800382057
TRINITY_GG_5455_c5_g3	0.386775760793126	1.89346927651781	0.706599428930097	-0.995614822080343	-0.995614822080343	-0.995614822080343
TRINITY_GG_1402_c0_g1	2.09476408619776	1.09068728385656	0.614298205414656	-1.266583191823	-1.266583191823	-1.266583191823
TRINITY_GG_49647_c0_g1	2.23223262974761	0.550891338662718	1.84691022513882	-1.54334473118305	-1.54334473118305	-1.54334473118305
TRINITY_GG_1373_c55_g1	-0.883146679255384	-0.883146679255384	-0.883146679255384	1.13013690756304	-0.00109060828675744	1.52039373848987
TRINITY_GG_25127_c3_g1	-0.89359905998414	-0.89359905998414	-0.89359905998414	0.616350086320171	1.21776617094351	0.846680922688743
TRINITY_GG_70104_c1_g3	0.63673401008417	0.721081904979931	0.852509101237412	-0.736775005433838	-0.736775005433838	-0.736775005433838
TRINITY_GG_56253_c51_g1	-1.10821709879302	-1.10821709879302	-1.10821709879302	2.01908600698911	0.758888630709637	0.546676658680305
TRINITY_GG_11082_c19_g1	1.08840796904197	0.757780782160011	0.45416456554959	-0.766784438917189	-0.766784438917189	-0.766784438917189
TRINITY_GG_61836_c2_g1	1.93705361591725	1.24702131236146	1.38227208376642	-1.52211567068171	-1.52211567068171	-1.52211567068171
TRINITY_GG_6042_c38_g1	0.664067502658424	1.05795848862633	0.662492221292572	-0.794839404192442	-0.794839404192442	-0.794839404192442
TRINITY_GG_54262_c0_g1	-0.876780918083855	-0.876780918083855	-0.876780918083855	1.40150126144888	0.657778766524461	0.57106272627823
TRINITY_GG_58409_c1_g1	1.49882033564464	1.99123267885269	0.137385342896682	-1.20914611913134	-1.20914611913134	-1.20914611913134
TRINITY_GG_100509_c2_g1	-2.80704566162631	-2.80704566162631	-2.80704566162631	3.19516177551698	2.8148596838931	2.41111552546885
TRINITY_GG_52910_c0_g2	0.840933276376898	0.694915676831595	1.12707202533891	-0.887640326182466	-0.887640326182466	-0.887640326182466
TRINITY_GG_28308_c0_g2	-0.849957988409629	-0.849957988409629	-0.849957988409629	1.34286741514276	0.928671137485938	0.278335412600188
TRINITY_GG_37334_c0_g1	1.52166793720428	0.689830329947331	0.849528987845382	-1.02034241833233	-1.02034241833233	-1.02034241833233
TRINITY_GG_78866_c1_g1	-0.831836030299864	-0.831836030299864	-0.831836030299864	0.970564009814975	1.02335637765929	0.501587703425328
TRINITY_GG_54137_c245_g1	0.813424745781493	0.795384888633129	0.788681348337053	-0.799163660917225	-0.799163660917225	-0.799163660917225
TRINITY_GG_83500_c0_g1	-1.1468019152806	-1.1468019152806	-1.1468019152806	-0.0178486948945902	1.36795158315916	2.09030285757722
TRINITY_GG_20420_c1_g1	-0.931428081040824	-0.931428081040824	-0.931428081040824	0.998741527109258	1.37308296076913	0.422459755244084
TRINITY_GG_46307_c0_g1	-0.606484827869479	1.66303964648876	2.0295986670383	-1.02871782855253	-1.02871782855253	-1.02871782855253
TRINITY_GG_74502_c0_g1	0.356002604997756	1.21071738523291	1.03183111674241	-0.866183702324356	-0.866183702324356	-0.866183702324356
TRINITY_GG_97826_c0_g1	-1.48399846894358	-2.33287466550953	-2.64052584600601	4.55733747659849	1.74676740593214	0.153294097928486
TRINITY_GG_3189_c0_g3	1.04911725295948	1.81374127425011	0.383570357894576	-1.08214296170139	-1.08214296170139	-1.08214296170139
TRINITY_GG_87399_c0_g1	-0.13028272324623	2.05485150170091	2.10305352389222	-1.34254076744897	-1.34254076744897	-1.34254076744897
TRINITY_GG_19358_c51_g1	-0.778670653936362	-0.778670653936362	-0.778670653936362	0.191446743669138	1.53863341442555	0.605931803714393
TRINITY_GG_92459_c0_g1	-1.05448919321385	-1.05448919321385	-1.05448919321385	0.365049698299938	1.52493234954967	1.27348553179193
TRINITY_GG_54330_c81_g2	-1.26288964157036	-1.26288964157036	-1.26288964157036	1.06852895626445	1.46197887311603	1.2581610953306
TRINITY_GG_56402_c0_g3	1.06306930991278	0.289840171759806	0.852656386522561	-0.735188622731717	-0.735188622731717	-0.735188622731717
TRINITY_GG_75158_c0_g1	0.568433294663848	0.673412173248294	1.37730508684425	-0.873050184918797	-0.873050184918797	-0.873050184918797
TRINITY_GG_18869_c0_g1	-2.54127806443144	-2.54127806443144	-2.22166013023128	1.70048586473743	1.51842330771486	4.08530708664188
TRINITY_GG_57429_c30_g1	1.84135472382258	0.457498879792014	0.684854447680799	-0.994569350431797	-0.994569350431797	-0.994569350431797
TRINITY_GG_81837_c0_g1	0.481592583184662	1.85880805540126	1.65170014647991	-1.33070026168861	-1.33070026168861	-1.33070026168861
TRINITY_GG_22619_c1_g1	-0.849872966401751	-0.849872966401751	-0.849872966401751	1.10618368601065	0.442908782826095	1.0005264303685
TRINITY_GG_57259_c55_g1	-0.828564556834124	-0.828564556834124	-0.828564556834124	0.686441359599606	1.13416953376168	0.665082777141086
TRINITY_GG_17976_c7_g1	-0.807632732400879	-0.807632732400879	-0.807632732400879	0.86094028407501	0.666933102137596	0.895024810990032
TRINITY_GG_12141_c3_g1	-1.43340674811038	-1.80867067286106	-1.5110732417007	1.80749956114229	0.870565412552035	2.07508568897781
TRINITY_GG_42400_c0_g1	0.933402891693144	0.372343577498475	1.12911130284074	-0.81161925734412	-0.81161925734412	-0.81161925734412
TRINITY_GG_80426_c0_g1	2.43024427041055	2.1295008728347	1.77109193483777	-2.11027902602767	-2.11027902602767	-2.11027902602767
TRINITY_GG_6923_c10_g2	0.753199423849961	0.333798763043433	1.21655575225961	-0.767851313051002	-0.767851313051002	-0.767851313051002
TRINITY_GG_58754_c44_g1	-1.3568224921698	-1.3568224921698	-1.3568224921698	2.37088018066743	1.02501459173624	0.674572704105731
TRINITY_GG_16200_c1_g1	-0.788960195813406	-0.788960195813406	-0.788960195813406	0.904359482998168	0.46321321738862	0.999307887053431
TRINITY_GG_10626_c1_g2	2.45700030050428	1.84785450061559	0.987223398341636	-1.76402606648717	-1.76402606648717	-1.76402606648717
TRINITY_GG_75806_c0_g1	0.651570686450607	1.12682570856356	0.637309993325437	-0.805235462779867	-0.805235462779867	-0.805235462779867
TRINITY_GG_106822_c0_g1	1.3481021778757	0.87684404673369	2.25310068083517	-1.57390532880381	-1.33023624783694	-1.57390532880381
TRINITY_GG_37794_c0_g1	-1.75106520651552	-1.75106520651552	-1.75106520651552	2.00851676671803	2.00787751035684	1.2368013424717
TRINITY_GG_26042_c0_g1	0.822278613476883	0.782288179195371	0.735112739157234	-0.779893177276496	-0.779893177276496	-0.779893177276496
TRINITY_GG_66062_c0_g1	-0.76983666786813	-0.76983666786813	-0.76983666786813	0.733003090387802	0.673239483494543	0.903267429722044
TRINITY_GG_99788_c0_g2	-0.90798441277442	-0.90798441277442	-0.90798441277442	0.473298959729363	0.891102893299583	1.35955138529431
TRINITY_GG_104844_c2_g1	-1.25437601004455	-1.25437601004455	-1.25437601004455	1.72491770040118	1.49515825762471	0.543052072107763
TRINITY_GG_66495_c3_g1	1.14959829976813	0.357241851528109	0.7162886812897	-0.741042944195313	-0.741042944195313	-0.741042944195313
TRINITY_GG_62529_c0_g3	1.35251273888406	0.872708231812909	1.50375179415906	-1.24299092161868	-1.24299092161868	-1.24299092161868
TRINITY_GG_10659_c17_g1	1.3581943336677	1.04666298394235	0.219462722981813	-0.874773346863952	-0.874773346863952	-0.874773346863952
TRINITY_GG_27103_c0_g1	-0.812011568720341	-0.812011568720341	-0.812011568720341	0.764752408952784	0.737411177026322	0.933871120181918
TRINITY_GG_24335_c0_g2	-0.731088170489574	-0.731088170489574	-0.731088170489574	0.559336233375725	0.77429467857273	0.859633599520267
TRINITY_GG_24428_c6_g1	-0.839565314026928	-0.839565314026928	-0.839565314026928	1.79874026278016	0.0259576451130358	0.693998034187584
TRINITY_GG_5048_c9_g1	-1.3182122021358	-1.3182122021358	-1.3182122021358	0.806446788283717	1.81288334950589	1.3353064686178
TRINITY_GG_77936_c2_g3	-0.79343636566895	-0.79343636566895	-0.79343636566895	0.182560591947494	1.49344478211921	0.704303722940144
TRINITY_GG_2149_c69_g1	-1.20677453303647	-1.28966754138481	-1.44800456855191	1.00432728799349	1.2365897821837	1.703529572796
TRINITY_GG_100058_c1_g1	0.870659242448436	0.892381997470625	1.50317873705199	-1.08873999232369	-1.08873999232369	-1.08873999232369
TRINITY_GG_2783_c132_g2	-1.01551007415259	-1.01551007415259	-1.01551007415259	1.36715717859245	0.929348371654946	0.750024672210384
TRINITY_GG_66235_c1_g1	-1.21131660245048	-1.21131660245048	-1.21131660245048	0.394177731402024	1.29939219022902	1.94037988572041
TRINITY_GG_610_c30_g2	-1.49089376481185	-1.49089376481185	-1.49089376481185	1.43946511130057	1.07006569352575	1.96315048960924
TRINITY_GG_6655_c7_g1	0.716172616187832	0.771717655760721	0.703948565917317	-0.73061294595529	-0.73061294595529	-0.73061294595529
TRINITY_GG_59880_c11_g1	-1.29274526971904	-1.29274526971904	-1.29274526971904	0.386678528393557	1.74621760316563	1.74533967759793
TRINITY_GG_36378_c1_g1	-0.802777394074265	-0.802777394074265	-0.802777394074265	0.369069919499076	0.933611006629196	1.10565125609452
TRINITY_GG_79785_c0_g1	-0.954973258287197	-0.954973258287197	-0.954973258287197	0.81522149666412	0.368685032739047	1.68101324545843
TRINITY_GG_54350_c0_g2	-1.27725222204551	-1.27725222204551	-1.27725222204551	1.67991948520088	1.00874175032827	1.14309543060739
TRINITY_GG_42926_c0_g1	0.693011932630369	0.315799449528262	1.4993667194376	-0.836059367198743	-0.836059367198743	-0.836059367198743
TRINITY_GG_15245_c0_g1	-1.25561185295225	-1.25561185295225	-1.25561185295225	1.43122479702382	1.59158333363714	0.74402742819579
TRINITY_GG_69557_c0_g1	-0.865573343010373	-0.865573343010373	-0.865573343010373	1.98422580617856	0.188233100685421	0.424261122167136
TRINITY_GG_42699_c1_g1	-0.964941487592428	-0.964941487592428	-0.964941487592428	0.184317877907195	1.35351997757515	1.35698660729493
TRINITY_GG_1062_c37_g1	-0.947325504478777	-0.947325504478777	-0.947325504478777	0.763288097903899	1.8350830604486	0.243605355083837
TRINITY_GG_59231_c20_g1	-0.755256031580213	-0.755256031580213	-0.755256031580213	1.33491991820999	0.493278804558466	0.437569371972178
TRINITY_GG_10814_c4_g1	-1.07580572605306	-1.07580572605306	-1.07580572605306	0.88359350871906	1.05281762236606	1.29100604707407
TRINITY_GG_86526_c0_g1	-0.820149906318844	-0.820149906318844	-0.820149906318844	1.51813187214635	0.471453651711721	0.470864195098459
TRINITY_GG_54330_c56_g3	-0.97606507264652	-0.97606507264652	-0.97606507264652	1.12356677736794	0.881517882737628	0.923110557833993
TRINITY_GG_506_c31_g1	-1.13113894989914	-1.21781890301164	-1.44740999372907	1.30764258596085	1.28936986563921	1.19935539503979
TRINITY_GG_95746_c0_g1	0.905896039640637	0.559656161196506	4.14633513450668	-1.87062911178128	-1.87062911178128	-1.87062911178128
TRINITY_GG_59898_c7_g1	-0.891079184109326	-0.855216848982049	-0.937919438312298	0.69899514204358	1.03990997863966	0.945310350720434
TRINITY_GG_6549_c3_g1	1.95969883975284	1.83348199440657	1.06580827559079	-1.81012471644298	-1.45368860299256	-1.59517579031467
TRINITY_GG_59522_c0_g3	-1.04969390088502	-1.04969390088502	-1.04969390088502	2.40171505270122	1.19488876008549	-0.447522110131643
TRINITY_GG_64053_c7_g1	1.23721535458096	1.43470734693696	0.0121872713269093	-0.894703324281609	-0.894703324281609	-0.894703324281609
TRINITY_GG_14977_c0_g1	-1.17693974730118	-1.17693974730118	-1.17693974730118	1.78782852237286	1.16162728969997	0.581363429830718
TRINITY_GG_48295_c1_g1	-1.097529863137	-1.097529863137	-1.097529863137	1.47414694683393	0.989593480514197	0.828849162062877
TRINITY_GG_29503_c0_g1	1.8256843930488	0.242459032863697	0.648353119657721	-0.905498848523405	-0.905498848523405	-0.905498848523405
TRINITY_GG_11849_c0_g1	-0.90220321134992	-0.90220321134992	-0.90220321134992	1.09959903128407	1.60926482792595	-0.00225422516024865
TRINITY_GG_25936_c1_g4	1.33070638063271	1.61341113899417	1.3130096750685	-1.41904239823179	-1.41904239823179	-1.41904239823179
TRINITY_GG_92998_c1_g1	0.687243417500962	1.03812193208795	2.21939166136006	-1.31491900364966	-1.31491900364966	-1.31491900364966
TRINITY_GG_12947_c0_g1	0.587147255176308	1.49952159238763	0.972637212382754	-1.0197686866489	-1.0197686866489	-1.0197686866489
TRINITY_GG_54503_c9_g1	0.920941102445569	0.734025384570556	0.706109569975098	-0.787025352330407	-0.787025352330407	-0.787025352330407
TRINITY_GG_11365_c1_g2	1.57957228171218	2.06566551151836	0.467450604083288	-1.37089613243794	-1.37089613243794	-1.37089613243794
TRINITY_GG_63860_c22_g1	-0.756214180778806	-0.756214180778806	-0.756214180778806	1.0428731252952	0.184140530754487	1.04162888628673
TRINITY_GG_66624_c1_g1	-0.80946745321195	-0.80946745321195	-0.80946745321195	1.04851354191562	0.486255571328018	0.89363324639221
TRINITY_GG_7089_c7_g1	-2.31891646763865	-2.01017605099827	-1.69301433541251	1.94038749672505	2.51352696084202	1.56819239648236
TRINITY_GG_54339_c36_g1	0.793159929934014	0.760174642539591	1.02085746669399	-0.858064013055864	-0.858064013055864	-0.858064013055864
TRINITY_GG_23364_c8_g1	1.44016728329609	0.184644485923501	0.936563317978234	-0.853791695732607	-0.853791695732607	-0.853791695732607
TRINITY_GG_104619_c0_g2	-0.897634941767657	-0.897634941767657	-0.897634941767657	1.15651892999505	0.705011966737715	0.831373928570206
TRINITY_GG_104748_c6_g1	-1.08788755108553	-1.08788755108553	-1.08788755108553	1.75589534651204	0.755292339171644	0.752474967572907
TRINITY_GG_65499_c0_g1	-0.764059082929165	-0.764059082929165	-0.764059082929165	1.26274097641455	0.621648041728769	0.407788230644176
TRINITY_GG_55838_c34_g1	-1.30077790655355	-1.30077790655355	-1.30077790655355	0.750942209893777	1.3961061843019	1.75528532546497
TRINITY_GG_16742_c0_g1	0.723388760878186	0.460982062129922	1.70261070232929	-0.962327175112465	-0.962327175112465	-0.962327175112465
TRINITY_GG_47694_c1_g1	2.63679514248464	2.61148483851941	-1.08544039544545	-1.3876131951862	-1.3876131951862	-1.3876131951862
TRINITY_GG_104260_c1_g1	-1.33244736409799	-1.33244736409799	-1.33244736409799	1.45832467376401	1.48189797086523	1.05711944766473
TRINITY_GG_44634_c0_g1	-0.95722603224874	-0.95722603224874	-0.95722603224874	0.230541714797285	1.20659469424168	1.43454168770726
TRINITY_GG_61538_c8_g1	-1.45711289959284	-1.45711289959284	-1.45711289959284	0.865103705452644	1.27819264056223	2.22804235276365
TRINITY_GG_95257_c0_g1	1.66111831689607	1.4646929349828	2.54980918183184	-1.89187347790357	-1.89187347790357	-1.89187347790357
TRINITY_GG_9345_c16_g1	1.99737366229328	-0.992908417759432	2.95090086742298	-1.31975572762991	-1.33489143674736	-1.30071894757957
TRINITY_GG_56253_c24_g3	-0.992853824377528	-0.992853824377528	-0.992853824377528	0.555582800318514	1.15249756119509	1.27048111161898
TRINITY_GG_61781_c10_g1	-2.89329058683522	-2.59815533783441	-2.89329058683522	3.21485746561654	2.76088714318681	2.40899190270151
TRINITY_GG_55002_c71_g1	1.76625969240349	-0.372218954763692	1.41648228396222	-0.936841007200673	-0.936841007200673	-0.936841007200673
TRINITY_GG_89631_c1_g2	1.36767934512201	2.28753595008241	1.4585786758441	-1.70459799034951	-1.70459799034951	-1.70459799034951
TRINITY_GG_57748_c13_g1	-0.818062780981055	-0.818062780981055	-0.818062780981055	1.17289207941594	0.00242256200532409	1.2788737015219
TRINITY_GG_9504_c0_g1	-0.781120288996277	-0.781120288996277	-0.781120288996277	0.708936335468035	0.431137755206458	1.20328677631434
TRINITY_GG_1597_c4_g3	-2.81037450735302	-2.64208059148964	-2.49727626346841	2.26459238664492	2.92118615126	2.76395282440615
TRINITY_GG_78812_c1_g2	-1.40273507557993	-1.40273507557993	-1.40273507557993	2.52705592213867	-0.842020121105448	2.52316942570656
TRINITY_GG_104923_c3_g1	-1.23052467835699	-1.23052467835699	-1.23052467835699	1.33067924241293	0.823976537825568	1.53691825483248
TRINITY_GG_45068_c1_g1	-0.916732193514616	-0.916732193514616	-0.916732193514616	1.48544423146487	1.464274243574	-0.19952189449502
TRINITY_GG_55412_c11_g1	-1.17048368937567	-1.17048368937567	-1.17048368937567	1.53924807004502	-0.409198416014053	2.38140141409605
TRINITY_GG_53905_c60_g1	-0.737397464226212	-0.737397464226212	-0.737397464226212	0.527439184241568	0.633882589796442	1.05087061864063
TRINITY_GG_11198_c1_g1	-1.05952552488493	-1.05952552488493	-1.05952552488493	1.77680260903905	0.579243419532024	0.8225305460837
TRINITY_GG_11413_c0_g1	0.558614357048426	0.56142389063525	1.28099515866804	-0.800344468783904	-0.800344468783904	-0.800344468783904
TRINITY_GG_53937_c35_g4	-0.825476651441105	-0.825476651441105	-0.825476651441105	1.47552560459171	0.905706590131095	0.0951977596005128
TRINITY_GG_12122_c16_g1	0.363239021955578	1.00843882154468	1.41164739488491	-0.927775079461724	-0.927775079461724	-0.927775079461724
TRINITY_GG_100808_c1_g2	-1.69547062321391	-1.69547062321391	-1.69547062321391	2.38586900423803	2.15082209555332	0.549720769850395
TRINITY_GG_86787_c0_g1	-0.749385714250317	-0.749385714250317	-0.749385714250317	1.10101368251994	0.528599033049448	0.618544427181566
TRINITY_GG_90333_c0_g1	-1.1390679300199	-1.1390679300199	-1.1390679300199	0.956856489978638	0.818475270737208	1.64187202934385
TRINITY_GG_22513_c0_g1	0.751297796987893	-0.0746132971618205	2.24468228310093	-0.973788927642334	-0.973788927642334	-0.973788927642334
TRINITY_GG_52977_c0_g1	1.38090126331982	1.48772397047944	1.55497480718375	-1.57714445122093	-1.34525999177445	-1.50119559798763
TRINITY_GG_3087_c4_g4	-0.948196173717378	-0.948196173717378	-0.948196173717378	0.709901031633994	1.27800405498085	0.856683434537295
TRINITY_GG_73755_c0_g1	-0.80223439949136	-0.80223439949136	-0.80223439949136	0.833287841968394	0.32010700803476	1.25330834847093
TRINITY_GG_5598_c21_g1	-0.987985694486639	-0.987985694486639	-0.987985694486639	1.57248471467987	1.26176302059693	0.129709348183115
TRINITY_GG_58011_c7_g3	-0.799704410266198	-0.799704410266198	-0.799704410266198	0.990233458713996	0.350205257268726	1.05867451481587
TRINITY_GG_64570_c34_g2	0.97516230533931	0.825485335923749	1.11518059742263	-0.971942746228564	-0.971942746228564	-0.971942746228564
TRINITY_GG_13614_c2_g2	1.58849418416918	1.46337305627551	1.82549098646248	-1.62578607563572	-1.62578607563572	-1.62578607563572
TRINITY_GG_54750_c16_g2	-1.0708717748149	-1.0708717748149	-1.0708717748149	0.767474961706334	0.553463114630192	1.89167724810816
TRINITY_GG_288_c16_g2	-1.74470491031816	-1.74470491031816	-1.74470491031816	2.47454106820103	2.08960179264474	0.669971870108722
TRINITY_GG_87786_c0_g1	1.7029024490303	1.29189103451108	1.9725318833134	-1.65577512228493	-1.65577512228493	-1.65577512228493
TRINITY_GG_77415_c4_g2	-0.93869930121997	-0.93869930121997	-0.93869930121997	1.1460453196485	0.285958432900768	1.38409415111065
TRINITY_GG_18055_c0_g1	-1.09203526419116	-1.09203526419116	-1.09203526419116	1.86829109293206	0.00287638283430725	1.40493831680712
TRINITY_GG_99843_c8_g1	-1.05107696889709	-1.05107696889709	-1.05107696889709	2.12763767227835	1.58815519435219	-0.562561959939277
TRINITY_GG_54475_c139_g1	-0.732047245960843	-0.732047245960843	-0.732047245960843	0.78900349094012	0.963501222172256	0.443637024770154
TRINITY_GG_59898_c20_g1	-0.775586205708114	-0.775586205708114	-0.775586205708114	1.20004398057271	0.186407471712141	0.940307164839491
TRINITY_GG_56774_c41_g1	-1.03544967314342	-1.03544967314342	-1.03544967314342	1.13222938871793	1.52208295450724	0.452036676205112
TRINITY_GG_98130_c0_g1	0.993055856811133	2.63746851884865	2.65371483083808	-2.09474640216595	-2.09474640216595	-2.09474640216595
TRINITY_GG_41426_c1_g1	-1.75689140257613	-1.75689140257613	-1.75689140257613	1.77866393082318	2.49679538015614	0.995214896749065
TRINITY_GG_37253_c0_g1	-0.94010112410924	-0.94010112410924	-0.94010112410924	0.0877606512452697	1.23142598192957	1.50111673915287
TRINITY_GG_54950_c0_g3	-0.837776082738772	-0.837776082738772	-0.837776082738772	0.50534743666308	0.536289635483766	1.47169117606947
TRINITY_GG_517_c5_g2	-1.66138133745217	-1.66138133745217	-1.66138133745217	3.7077710274527	1.87218201076235	-0.595809025858545
TRINITY_GG_51291_c0_g1	-1.76692359672928	-1.76692359672928	-1.76692359672928	2.69218009940612	-0.360386926524109	2.96897761730583
TRINITY_GG_69199_c0_g1	1.23441495395543	1.13184522031488	0.525977424780656	-0.964079199683655	-0.964079199683655	-0.964079199683655
TRINITY_GG_79232_c0_g1	-0.850562387277072	-0.850562387277072	-0.850562387277072	1.61332159319394	0.181538455889952	0.756827112747327
TRINITY_GG_28648_c1_g1	-1.25743492788072	-1.25743492788072	-1.25743492788072	2.00785192968446	0.549919994176889	1.2145328597808
TRINITY_GG_56749_c0_g1	1.94768509283175	0.404606673146901	0.661653654635158	-1.00464847353794	-1.00464847353794	-1.00464847353794
TRINITY_GG_15076_c18_g1	-0.815115187925052	-0.815115187925052	-0.815115187925052	1.0936977198145	1.34709484838926	0.00455299557140398
TRINITY_GG_100923_c0_g1	1.60855918419744	1.68053553280634	-0.444380529817874	-0.948238062395303	-0.948238062395303	-0.948238062395303
TRINITY_GG_3046_c9_g1	1.66096493035225	1.13218526502422	0.422716159891544	-1.07195545175601	-1.07195545175601	-1.07195545175601
TRINITY_GG_92055_c2_g1	-0.913297246820041	-0.913297246820041	-0.913297246820041	0.108892992814025	1.09962892762423	1.53136982002187
TRINITY_GG_73570_c5_g1	0.468349564448704	1.51020045506101	0.889555301758462	-0.956035107089393	-0.956035107089393	-0.956035107089393
TRINITY_GG_99611_c11_g1	-0.969235835389798	-0.969235835389798	-0.969235835389798	-0.384273334668642	1.36533244027633	1.9266484005617
TRINITY_GG_3626_c1_g1	0.890025181032127	1.52973474018549	0.629682012564017	-1.01648064459388	-1.01648064459388	-1.01648064459388
TRINITY_GG_58500_c118_g1	-0.862612453411424	-0.862612453411424	-0.862612453411424	0.477095054037173	0.882840029720273	1.22790227647683
TRINITY_GG_54107_c0_g2	1.43844487465567	0.203297426573113	1.20004444877803	-0.947262250002268	-0.947262250002268	-0.947262250002268
TRINITY_GG_55500_c0_g1	-0.962825519140028	-0.962825519140028	-0.962825519140028	0.501842747863416	1.25657536301821	1.13005844653846
TRINITY_GG_55046_c161_g1	-0.974615037136263	-0.974615037136263	-0.974615037136263	1.14241501587392	1.36537744711146	0.416052648423404
TRINITY_GG_18344_c189_g1	-1.10283289675478	-1.10283289675478	-1.10283289675478	0.801747538166534	1.21041295503278	1.29633819706504
TRINITY_GG_53905_c151_g1	1.01417509209771	1.56585021002998	0.0540395529756457	-0.878021618367779	-0.878021618367779	-0.878021618367779
TRINITY_GG_62529_c1_g1	2.12050745740026	1.48439838609819	2.00398581237013	-1.86963055195619	-1.86963055195619	-1.86963055195619
TRINITY_GG_86192_c1_g1	-1.65974597489108	-1.65974597489108	-1.65974597489108	1.55826017539335	1.55515593526962	1.86582181401027
TRINITY_GG_59284_c0_g1	0.861807562799793	1.75766546619467	0.878689608669682	-1.16605421255472	-1.16605421255472	-1.16605421255472
TRINITY_GG_13517_c3_g1	-1.08595123546788	-1.08595123546788	-1.08595123546788	1.4747637190066	0.797278553564848	0.985811433832208
TRINITY_GG_106253_c7_g1	-0.739421575165095	-0.739421575165095	-0.739421575165095	0.773058171754537	0.548641625160221	0.896564928580528
TRINITY_GG_55633_c0_g1	-2.46888518864197	-2.46888518864197	-2.46888518864197	2.37107439884756	2.33273911164404	2.70284205543432
TRINITY_GG_59535_c1_g2	0.886345813508833	0.94913746513976	1.3333042891599	-1.05626252260283	-1.05626252260283	-1.05626252260283
TRINITY_GG_52470_c0_g2	-0.745944135360802	-0.745944135360802	-0.745944135360802	0.965550771289286	0.428462283168947	0.843819351624175
TRINITY_GG_4003_c36_g1	1.27255577728197	1.16888818119192	1.59842335785739	-1.34662243877709	-1.34662243877709	-1.34662243877709
TRINITY_GG_8095_c0_g1	1.12979172907432	0.753864649811983	1.56270708526599	-1.1487878213841	-1.1487878213841	-1.1487878213841
TRINITY_GG_22370_c0_g1	1.17848815309308	0.52107143175819	0.574748445341298	-0.758102676730857	-0.758102676730857	-0.758102676730857
TRINITY_GG_80034_c0_g1	-0.886228465244099	-0.886228465244099	-0.886228465244099	0.66958768981754	0.610489522691078	1.37860818322368
TRINITY_GG_75448_c0_g1	1.78732319217658	0.37346985710951	0.837653673120864	-0.999482240802319	-0.999482240802319	-0.999482240802319
TRINITY_GG_55104_c219_g1	-0.765290561329676	-0.765290561329676	-0.765290561329676	0.639067633503636	0.483244274809003	1.17355977567639
TRINITY_GG_5048_c18_g1	-1.44944568292613	-1.44944568292613	-1.44944568292613	1.1640859699918	1.9397080844932	1.24454299429339
TRINITY_GG_104274_c1_g1	-0.809678676441146	-0.809678676441146	-0.809678676441146	0.835100542821807	0.0502908717798799	1.54364461472175
TRINITY_GG_106109_c0_g1	0.623186403104728	0.579646289265865	1.76961723290994	-0.990816641760176	-0.990816641760176	-0.990816641760176
TRINITY_GG_56756_c0_g1	1.74127318942993	0.859491495459989	0.338220990899581	-0.979661891929832	-0.979661891929832	-0.979661891929832
TRINITY_GG_8653_c0_g1	-1.26468750775518	-1.26468750775518	-1.26468750775518	1.19919647271583	1.25761938511621	1.33724666543349
TRINITY_GG_60557_c0_g1	0.814911683623102	1.02400099460002	1.31054503785182	-1.04981923869165	-1.04981923869165	-1.04981923869165
TRINITY_GG_84927_c0_g1	-1.06651147419471	-1.06651147419471	-1.06651147419471	2.12726026920197	0.00456468781624686	1.06770946556592
TRINITY_GG_51161_c0_g1	1.85140364609641	2.6235715780564	-0.844894360948806	-1.21002695440134	-1.21002695440134	-1.21002695440134
TRINITY_GG_3317_c12_g1	-1.10327255826186	-1.10327255826186	-1.10327255826186	1.86408052533276	0.778392061058483	0.667345088394341
TRINITY_GG_9897_c13_g1	-1.00192469349968	-1.00192469349968	-1.00192469349968	1.33378721682078	0.895702980779867	0.776283882898404
TRINITY_GG_62782_c23_g2	0.573856478906603	0.928346594421914	0.987666674801444	-0.829956582709987	-0.829956582709987	-0.829956582709987
TRINITY_GG_9734_c2_g1	2.71006858583888	0.209381917767404	1.40056033063605	-1.44000361141411	-1.44000361141411	-1.44000361141411
TRINITY_GG_23189_c5_g1	-1.56500328198234	-1.56500328198234	-1.56500328198234	1.81807887611212	1.08438224719917	1.79254872263574
TRINITY_GG_12810_c6_g1	-0.813814800992676	-0.813814800992676	-0.813814800992676	1.05724027409395	0.717753807822287	0.666450321061787
TRINITY_GG_43624_c0_g1	-0.824397345340644	-0.824397345340644	-0.824397345340644	0.960943953364539	0.849159078649501	0.663089004007893
TRINITY_GG_92030_c1_g1	-0.798094704330465	-0.798094704330465	-0.798094704330465	0.561988591582867	0.328217425998239	1.50407809541029
TRINITY_GG_104316_c0_g1	-1.15225947778167	-1.15225947778167	-1.15225947778167	1.06093224893077	1.96410527891012	0.431740905504107
TRINITY_GG_76275_c0_g1	0.343772503016404	1.41221465476128	1.25058742420172	-1.00219152732647	-1.00219152732647	-1.00219152732647
TRINITY_GG_12133_c0_g1	-0.833711297289922	-0.833711297289922	-0.833711297289922	1.08314746740983	0.819807373463677	0.598179050996258
TRINITY_GG_4166_c18_g1	-1.36818009765003	-1.36818009765003	-1.36818009765003	1.22445633095655	1.46774397660435	1.41233998538919
TRINITY_GG_10007_c18_g1	-1.02291798855675	-1.02291798855675	-1.02291798855675	1.17242960976547	0.529950882454554	1.36637347345022
TRINITY_GG_62255_c2_g1	1.66372858850883	1.36675209967356	0.898065237594615	-1.30951530859233	-1.30951530859233	-1.30951530859233
TRINITY_GG_81462_c1_g1	-0.961757444718351	-0.961757444718351	-0.961757444718351	1.32246053846001	1.80122912016222	-0.23841732446718
TRINITY_GG_91700_c0_g1	-0.895565850090813	-0.895565850090813	-0.895565850090813	0.670518640424654	0.65926854580338	1.3569103640444
TRINITY_GG_75485_c0_g1	-1.04928694958984	-1.04928694958984	-1.04928694958984	1.81959732343893	0.744816948969905	0.583446576360693
TRINITY_GG_61781_c3_g2	-1.98583638145999	-2.37854139973857	-1.99135866587104	2.96011326022216	2.64614844111256	0.749474745734882
TRINITY_GG_58886_c6_g1	-0.771908562740109	-0.771908562740109	-0.771908562740109	0.111712253545563	1.19267490003676	1.01133853463801
TRINITY_GG_3626_c0_g1	0.667303847974642	1.02145591284774	0.950197229677922	-0.879652330166769	-0.879652330166769	-0.879652330166769
TRINITY_GG_57243_c19_g1	0.534244388332655	1.09702497835676	0.599951710211909	-0.74374035896711	-0.74374035896711	-0.74374035896711
TRINITY_GG_95689_c0_g2	-0.980521352230727	-0.980521352230727	-0.980521352230727	1.24598717757795	-0.301548044376557	1.99712492349078
TRINITY_GG_2587_c0_g1	-1.49739528018547	-1.49739528018547	-1.49739528018547	1.82914206795449	1.12904385651185	1.53399991609007
TRINITY_GG_7385_c39_g1	-0.888882490817065	-0.888882490817065	-0.888882490817065	0.588794836748242	1.56292206490343	0.514930570799525
TRINITY_GG_24058_c3_g1	0.0224331498715543	1.25091432836662	1.26067026065512	-0.8446725796311	-0.8446725796311	-0.8446725796311
TRINITY_GG_10219_c4_g1	1.46732493481915	0.590859006839061	0.759451264499861	-0.939211735386023	-0.939211735386023	-0.939211735386023
TRINITY_GG_11785_c0_g1	-1.01175573086944	-1.01175573086944	-1.01175573086944	0.155602196869071	1.84144152390091	1.03822347183835
TRINITY_GG_8743_c36_g1	1.2596097172564	0.299128826308232	0.886976052366673	-0.815238198643768	-0.815238198643768	-0.815238198643768
TRINITY_GG_6145_c0_g1	-0.997124697895094	-0.997124697895094	-0.997124697895094	1.93190878075076	0.803205775029541	0.25625953790498
TRINITY_GG_47030_c0_g1	-2.17804200234856	-2.33326539856125	-2.43625939188458	3.6976739661034	1.56779249262251	1.68210033406848
TRINITY_GG_7089_c8_g1	-2.1769909781655	-1.82388743563951	-2.78957938486422	1.85612227371462	2.90429781416177	2.03003771079283
TRINITY_GG_5120_c15_g3	0.350198352328151	1.32406185778068	0.742392430940556	-0.805550880349794	-0.805550880349794	-0.805550880349794
TRINITY_GG_86569_c0_g1	0.0598826051211843	1.52987143435189	2.6636301278593	-1.41779472244412	-1.41779472244412	-1.41779472244412
TRINITY_GG_30235_c2_g2	1.38532955292604	0.750823578672929	0.415039389137081	-0.850397506912017	-0.850397506912017	-0.850397506912017
TRINITY_GG_4282_c33_g1	-0.917266125872518	-0.917266125872518	-0.917266125872518	0.144164474625229	1.56661412794159	1.04101977505074
TRINITY_GG_19494_c1_g3	0.85759843117388	0.337447909766003	1.03867373779862	-0.7445733595795	-0.7445733595795	-0.7445733595795
TRINITY_GG_54055_c15_g2	-1.51438857713639	-1.51438857713639	-1.51438857713639	1.50014525615907	2.21570788845908	0.827312586791004
TRINITY_GG_42976_c0_g1	-1.27519329367991	-1.27519329367991	-1.27519329367991	2.00115447934037	0.900810263329003	0.923615138370365
TRINITY_GG_58100_c111_g1	-0.773277613345392	-0.773277613345392	-0.773277613345392	1.0565719464993	0.982037290699706	0.281223602837169
TRINITY_GG_2957_c14_g1	-1.07653749909445	-1.07653749909445	-1.07653749909445	1.32972704151624	0.642426836665092	1.25745861910201
TRINITY_GG_57873_c23_g1	0.582716700070749	1.01679097939993	0.845751105904543	-0.815086261791741	-0.815086261791741	-0.815086261791741
TRINITY_GG_707_c34_g2	0.823012988045979	1.02287244323824	0.500136063765068	-0.78200716501643	-0.78200716501643	-0.78200716501643
TRINITY_GG_58383_c31_g1	-0.842778693536713	-0.842778693536713	-0.842778693536713	0.155777889593618	1.32586334202213	1.0466948489944
TRINITY_GG_77733_c33_g1	1.32457872709245	1.19855801543105	1.73237924284789	-1.41850532845713	-1.41850532845713	-1.41850532845713
TRINITY_GG_71919_c0_g1	-0.838290073518711	-0.838290073518711	-0.838290073518711	0.230724604396469	0.774770033377404	1.50937558278226
TRINITY_GG_49301_c0_g1	-1.72237139968847	-1.72237139968847	-1.72237139968847	0.518858635826971	2.83681446609926	1.81144109713919
TRINITY_GG_80448_c2_g1	3.23282352668048	-1.70931256684259	3.97696202736063	-1.72687093822689	-1.87430130188212	-1.89930074708951
TRINITY_GG_4446_c46_g1	-1.0401309602099	-1.0401309602099	-1.0401309602099	0.471337079065963	1.45223500318557	1.19682079837818
TRINITY_GG_54339_c68_g1	-1.09951418925463	-1.09951418925463	-1.09951418925463	2.0153525280331	1.9821662994017	-0.698976259670903
TRINITY_GG_53046_c1_g1	0.596948160511097	1.47065896301378	0.268752010691302	-0.778786378072059	-0.778786378072059	-0.778786378072059
TRINITY_GG_53936_c75_g1	-1.21094403207379	-1.21094403207379	-1.21094403207379	0.58606894576236	1.70877741305638	1.33798573740261
TRINITY_GG_54734_c43_g3	-1.2351793932303	-1.2351793932303	-1.2351793932303	0.749592219155127	2.16645107335444	0.789494887181325
TRINITY_GG_61235_c19_g1	-1.11392055452444	-1.226287077597	-1.226287077597	1.30228424127375	1.45065728150991	0.813553186934787
TRINITY_GG_58745_c4_g1	-0.746794117137623	-0.746794117137623	-0.746794117137623	0.407011218941413	0.600871539163348	1.23249959330811
TRINITY_GG_6611_c1_g2	0.738223916935718	0.471007635596063	1.0830885018091	-0.764106684780294	-0.764106684780294	-0.764106684780294
TRINITY_GG_68686_c1_g2	-1.03859697887517	-1.03859697887517	-1.03859697887517	0.629522145811266	1.99279821740037	0.493470573413864
TRINITY_GG_106824_c0_g1	-2.0104678202873	-2.53887487402409	-1.92472390577538	4.16249609840303	4.237671024969	-1.92610052328526
TRINITY_GG_79060_c1_g2	0.409026314370401	1.39977823756839	2.69170769392507	-1.50017074862129	-1.50017074862129	-1.50017074862129
TRINITY_GG_8818_c20_g1	0.85116264578926	0.958638131719675	0.817204936220765	-0.875668571243233	-0.875668571243233	-0.875668571243233
TRINITY_GG_92458_c0_g1	-1.07593788642297	-1.07593788642297	-1.07593788642297	0.415145567295281	1.39316663544533	1.41950145652831
TRINITY_GG_23741_c0_g1	1.21524220843149	1.60548802533597	3.16611230035384	-1.99561417804044	-1.99561417804044	-1.99561417804044
TRINITY_GG_13227_c1_g1	-1.17469870197772	-1.17469870197772	-1.17469870197772	1.10298855175652	2.08788479119702	0.333222762979609
TRINITY_GG_405_c71_g1	0.848340487330178	0.737948559070024	0.720584940131805	-0.768957995510669	-0.768957995510669	-0.768957995510669
TRINITY_GG_63465_c19_g1	-0.778494893298386	-0.778494893298386	-0.778494893298386	1.03585044166483	0.556073382367747	0.743560855862578
TRINITY_GG_19845_c0_g1	0.544715938508922	1.47936576924103	1.03563663403423	-1.01990611392806	-1.01990611392806	-1.01990611392806
TRINITY_GG_103972_c5_g1	-1.45206178366663	-1.45206178366663	-1.45206178366663	1.65478901278359	1.17764453827892	1.52375179993738
TRINITY_GG_20301_c8_g1	-0.883710992480377	-0.883710992480377	-0.883710992480377	1.63557928655615	0.700770529726276	0.314783161158706
TRINITY_GG_54384_c77_g1	-1.07290535811189	-1.07290535811189	-1.07290535811189	1.92474835557231	-0.0204894639607502	1.31445718272411
TRINITY_GG_37786_c0_g1	1.24193968438218	1.45537656392962	-0.0700501734490667	-0.875755358287578	-0.875755358287578	-0.875755358287578
TRINITY_GG_99788_c0_g1	-1.15117940530911	-1.15117940530911	-1.15117940530911	1.0535873453455	1.23093445462481	1.16901641595701
TRINITY_GG_6862_c7_g2	-0.777170805661835	-0.777170805661835	-0.777170805661835	0.688020082264147	0.800076729931316	0.843415604790043
TRINITY_GG_6034_c6_g1	1.58736542733659	0.758697967936947	1.5538312190513	-1.29996487144161	-1.29996487144161	-1.29996487144161
TRINITY_GG_59106_c31_g1	-1.41887120237769	-1.41887120237769	-1.41887120237769	0.81930421619969	2.01662404955675	1.42068534137661
TRINITY_GG_103003_c0_g1	-1.08842394930384	-1.08842394930384	-1.08842394930384	2.24371108845278	0.193125944062806	0.828434815395918
TRINITY_GG_82921_c0_g1	-1.09014185642307	-1.09014185642307	-1.09014185642307	1.0417768224395	0.856214715210566	1.37243403161914
TRINITY_GG_2369_c0_g1	1.50178653509212	2.13958938460003	2.02980452515489	-1.89039348161568	-1.89039348161568	-1.89039348161568
TRINITY_GG_55160_c4_g3	-0.815471153099852	-0.815471153099852	-0.815471153099852	0.922648135682725	0.122626407974241	1.40113891564259
TRINITY_GG_28760_c0_g4	-1.01226416305267	-1.01226416305267	-1.01226416305267	1.38060275317813	0.314848307694418	1.34134142828545
TRINITY_GG_51710_c0_g1	0.591236567323889	0.883528427834998	1.8475143025271	-1.107426432562	-1.107426432562	-1.107426432562
TRINITY_GG_7971_c6_g2	-0.929580720201266	-0.929580720201266	-0.929580720201266	2.05828582878595	0.299391849558895	0.43106448225895
TRINITY_GG_54476_c5_g2	-1.13575407681161	-1.13575407681161	-1.13575407681161	2.63031097466334	-0.240451455478307	1.01740271124981
TRINITY_GG_41321_c3_g1	-0.854127997892382	-0.854127997892382	-0.854127997892382	1.37545992484827	0.439830981136312	0.747093087692564
TRINITY_GG_49520_c0_g1	0.436044586373519	0.973372515455791	1.62915199248551	-1.01285636477161	-1.01285636477161	-1.01285636477161
TRINITY_GG_1256_c43_g3	-0.8725387903707	-0.8725387903707	-0.8725387903707	0.916981813229612	1.08723136484077	0.61340319304172
TRINITY_GG_577_c1_g1	1.42320779492277	1.10287743717802	0.861422596415489	-1.12916927617209	-1.12916927617209	-1.12916927617209
TRINITY_GG_64823_c2_g1	-0.925346438841557	-0.925346438841557	-0.925346438841557	0.710640064904066	0.383829748636957	1.68156950298365
TRINITY_GG_106559_c1_g1	-1.23923587123537	-1.23923587123537	-1.23923587123537	1.25875962943792	1.56068033175364	0.898267652514561
TRINITY_GG_1785_c39_g1	-0.925424394673344	-0.925424394673344	-0.925424394673344	0.768787213094547	1.04616514085672	0.961320830068765
TRINITY_GG_9070_c2_g1	1.26819056108829	2.43826271517557	1.28118705315993	-1.6625467764746	-1.6625467764746	-1.6625467764746
TRINITY_GG_63901_c1_g2	-0.106056468217506	1.39576010742625	1.42075001190071	-0.90348455036982	-0.90348455036982	-0.90348455036982
TRINITY_GG_11159_c11_g1	-1.17265436758929	-1.17265436758929	-1.17265436758929	0.907662192777428	1.60408131940993	1.00621959058051
TRINITY_GG_19492_c0_g2	0.38373009947061	0.144346961701462	2.14575378291571	-0.89127694802926	-0.89127694802926	-0.89127694802926
TRINITY_GG_23369_c0_g2	2.16789854872878	2.09086735235088	1.60729241412954	-1.77360580196107	-2.04622625662406	-2.04622625662406
TRINITY_GG_67131_c0_g1	1.51583441524812	0.0102968208794815	1.21641827831102	-0.914183171479541	-0.914183171479541	-0.914183171479541
TRINITY_GG_35973_c0_g1	-0.967127779384558	-0.967127779384558	-0.967127779384558	0.0783151913766094	0.925068931080927	1.89799921569614
TRINITY_GG_5137_c4_g1	1.19963898143231	0.875182659099292	1.53033364484232	-1.20171842845797	-1.20171842845797	-1.20171842845797
TRINITY_GG_33189_c0_g1	0.412604345148248	1.64695157243916	1.53756467708883	-1.19904019822541	-1.19904019822541	-1.19904019822541
TRINITY_GG_7814_c15_g1	-0.868639544257381	-0.868639544257381	-0.868639544257381	0.945295526223937	0.639789108274477	1.02083399827373
TRINITY_GG_7884_c25_g1	-0.935035719136127	-0.935035719136127	-0.935035719136127	0.953658830373415	0.179331305815873	1.67211702121909
TRINITY_GG_45864_c0_g1	-0.799381582114297	-0.799381582114297	-0.799381582114297	0.464253821454032	1.36926045344454	0.564630471444317
TRINITY_GG_54381_c111_g1	-1.03427066326053	-1.03427066326053	-1.03427066326053	1.94977176283649	0.44444233918119	0.708597887763911
TRINITY_GG_71837_c0_g1	1.40658271991657	2.56968645550287	-0.487544059293	-1.16290837204215	-1.16290837204215	-1.16290837204215
TRINITY_GG_19572_c2_g1	0.357766604485439	0.82202273178007	1.41532453341396	-0.865037956559822	-0.865037956559822	-0.865037956559822
TRINITY_GG_14150_c0_g1	0.890470297189413	0.658459160788678	1.05840557015433	-0.869111676044142	-0.869111676044142	-0.869111676044142
TRINITY_GG_10029_c6_g2	-0.973489151092396	-0.973489151092396	-0.973489151092396	1.61938643127203	0.881703256866758	0.419377765138404
TRINITY_GG_68442_c0_g1	0.863834728844509	1.2411008854998	2.26241400172265	-1.45578320535565	-1.45578320535565	-1.45578320535565
TRINITY_GG_45189_c0_g1	-1.15720265784394	-1.15720265784394	-1.15720265784394	1.6348197296912	1.59618793982205	0.240600304018553
TRINITY_GG_10645_c18_g1	1.25460286838162	1.77816482443863	0.231087938466838	-1.0879518770957	-1.0879518770957	-1.0879518770957
TRINITY_GG_70163_c2_g2	-0.85694962650179	-0.85694962650179	-0.85694962650179	0.972899933342901	1.79954674405171	-0.201597797889236
TRINITY_GG_337_c7_g1	-1.90706562690121	-1.76956210315127	-1.53522800957079	1.92298682937035	2.50395378655084	0.784915123702069
TRINITY_GG_53998_c0_g1	1.15246635367075	1.32740962600206	1.5728316697597	-0.990639876308557	-1.61731936524953	-1.44474840787442
TRINITY_GG_56707_c9_g1	-0.618276081912958	2.3412841300456	1.34979727663374	-1.0242684415888	-1.0242684415888	-1.0242684415888
TRINITY_GG_37632_c0_g1	-0.866506773197366	-0.866506773197366	-0.866506773197366	1.35444223126941	0.778733739447899	0.466344348874788
TRINITY_GG_8485_c13_g2	-0.801995980908282	-0.801995980908282	-0.801995980908282	0.819997250757842	0.218061671432972	1.36792902053403
TRINITY_GG_89957_c1_g1	-2.14313412603879	-2.14313412603879	-1.77018202812696	1.86979204840548	2.07293265704824	2.11372557475082
TRINITY_GG_68_c107_g1	1.38568221382148	0.771777695783557	1.9642393686312	-1.37389975941208	-1.37389975941208	-1.37389975941208
TRINITY_GG_6660_c4_g2	-1.16806798936984	-1.16806798936984	-1.16806798936984	1.85766957204377	0.962203965149022	0.684330430916716
TRINITY_GG_47951_c3_g1	-3.2497826993628	-3.23855544393954	-2.05879608239266	3.33181251458312	2.03555151756496	3.17977019354692
TRINITY_GG_105225_c0_g1	1.15138661258947	0.621244348465597	0.633563705275301	-0.802064888776789	-0.802064888776789	-0.802064888776789
TRINITY_GG_7040_c1_g1	-2.07016233386115	-2.07016233386115	-2.07016233386115	2.99338375059423	0.495191122921482	2.72191212806772
TRINITY_GG_60838_c0_g1	0.889790931923978	0.903663106505535	0.982669708061289	-0.9253745821636	-0.9253745821636	-0.9253745821636
TRINITY_GG_104863_c12_g1	-0.824223467063948	-0.824223467063948	-0.824223467063948	1.19298582296828	0.319822902552759	0.959861675670809
TRINITY_GG_7954_c11_g3	2.11088171531172	-0.635626770146818	2.00682514151019	-1.16069336222503	-1.16069336222503	-1.16069336222503
TRINITY_GG_956_c5_g1	-0.935134970068175	-0.935134970068175	-0.935134970068175	1.48062369645432	1.12110171491609	0.203679498834107
TRINITY_GG_72213_c0_g2	0.823074696949297	1.51076213908296	0.794695516776489	-1.04284411760291	-1.04284411760291	-1.04284411760291
TRINITY_GG_83496_c0_g1	-1.28869122972604	-1.28869122972604	-1.28869122972604	1.92232096375947	1.29434639407062	0.649406331348048
TRINITY_GG_2931_c0_g1	-0.753704279629745	-0.753704279629745	-0.753704279629745	0.996044499234751	0.302879248736623	0.96218909091786
TRINITY_GG_99964_c0_g1	-1.18790729060481	-1.62152679759085	-1.84524622562592	1.99039980317959	1.30463177977637	1.35964873086562
TRINITY_GG_47387_c0_g1	-0.994510858894099	-0.994510858894099	-0.994510858894099	1.02732416836814	1.17925620884261	0.776952199471552
TRINITY_GG_23686_c0_g1	-0.818379337757404	-0.818379337757404	-0.818379337757404	1.12122338259864	0.255440895534268	1.0784737351393
TRINITY_GG_24626_c0_g1	1.33178600516869	0.524098166289285	0.495855273330702	-0.783913148262893	-0.783913148262893	-0.783913148262893
TRINITY_GG_85541_c0_g1	1.80526129137711	0.640762344921482	0.621039931035271	-1.02235452244462	-1.02235452244462	-1.02235452244462
TRINITY_GG_24807_c6_g1	1.06574220427212	0.277111924011788	1.35477841760211	-0.899210848628675	-0.899210848628675	-0.899210848628675
TRINITY_GG_70745_c1_g1	-1.35952770661818	-1.2904111578485	-1.47055901900693	1.59052590159438	1.24928153605734	1.28069044582188
TRINITY_GG_74900_c2_g1	-0.793298906818926	-0.793298906818926	-0.793298906818926	0.584657726991188	0.729761154976323	1.06547783848927
TRINITY_GG_2654_c90_g1	-1.09548889152843	-1.09548889152843	-1.09548889152843	1.3607915899823	1.08306641505732	0.842608669545665
TRINITY_GG_60982_c0_g1	0.759252489452431	1.26924119606032	0.83219640944207	-0.953563364984941	-0.953563364984941	-0.953563364984941
TRINITY_GG_43453_c0_g1	1.21878737172582	1.91466956247899	0.65485279274351	-1.26276990898277	-1.26276990898277	-1.26276990898277
TRINITY_GG_309_c4_g1	0.577887452740636	0.534932364034397	1.44116051452181	-0.851326777098949	-0.851326777098949	-0.851326777098949
TRINITY_GG_27545_c0_g2	1.32744254458701	0.93387397695411	0.762634104606873	-1.00798354204933	-1.00798354204933	-1.00798354204933
TRINITY_GG_82858_c0_g1	1.30398187674347	0.286332992556711	0.86973111154512	-0.820015326948435	-0.820015326948435	-0.820015326948435
TRINITY_GG_99788_c0_g4	-0.932827626445703	-0.932827626445703	-0.932827626445703	1.23517249807212	0.700371059928301	0.86293932133669
TRINITY_GG_2082_c1_g1	1.09459474664905	1.27077177757314	1.94555506227556	-1.43697386216592	-1.43697386216592	-1.43697386216592
TRINITY_GG_55565_c0_g2	0.718114520005993	1.158140101189	3.05218003984164	-1.64281155367888	-1.64281155367888	-1.64281155367888
TRINITY_GG_5768_c15_g2	1.14029406642905	0.714005157107368	0.425825103099397	-0.760041442211937	-0.760041442211937	-0.760041442211937
TRINITY_GG_54167_c0_g1	0.382852660007121	2.29804620449274	2.16392903667727	-1.29033033905793	-1.61344210285421	-1.941055459265
