B_female_44_01	B_female_44_02	B_female_44_03	B_female_K5_01	B_female_K5_02	B_female_K5_03	NB_female_44_01	NB_female_44_02	NB_female_44_03	NB_female_k5_01	NB_female_k5_02	NB_female_k5_03
TRINITY_DN162055_c2_g1	-0.604494970506059	-1.58492051626948	-0.971150295921345	-1.25192511747928	-1.31502491750306	-1.76980205889131	2.20886131470241	3.98801694288619	-1.00472725969619	5.89446550642223	-1.92722769176168	-1.66207093598244
TRINITY_DN191833_c2_g1	-0.539264288610266	-0.539264288610266	-0.539264288610266	-0.539264288610266	-0.539264288610266	-0.539264288610266	1.36068469757941	0.133387340718118	-0.36549722087356	1.17399161312071	0.691553553250817	0.24146574786611
TRINITY_DN157241_c11_g1	-0.510676170821044	-0.510676170821044	-0.510676170821044	-0.510676170821044	-0.510676170821044	-0.510676170821044	0.209164384243224	0.606353882189143	0.452057919774759	-0.510676170821044	1.52740877649593	0.779748233044256
TRINITY_DN49477_c0_g1	-0.717364060126698	-1.15373666298339	-1.28767978488345	-1.6142171330234	-1.39388717814385	-1.28767978488345	2.21897657444651	3.66792609575809	-1.24015141480087	5.03325568433272	-1.2114949561778	-1.0139473795144
TRINITY_DN182912_c1_g2	-0.960835050714714	-1.24376901398621	-1.38512486323175	-1.00804195414815	-0.981736827741796	-1.0442275317778	1.87793716747238	3.35569756484502	-1.11064393074685	4.74625929033036	-0.897048457647563	-1.34846639265291
TRINITY_DN141262_c1_g1	-0.657686396184362	-0.657686396184362	-0.657686396184362	-0.657686396184362	-0.657686396184362	-0.657686396184362	0.0383074169255381	1.26641348945638	-0.48776139474205	3.5703626517001	-0.310587725562094	-0.130616060671702
TRINITY_DN190811_c2_g2	-0.760672987387932	-0.760672987387932	-0.760672987387932	-0.760672987387932	-0.760672987387932	-0.760672987387932	1.87693725883735	0.730410466330324	-0.760672987387932	2.77960231677793	0.345675332117214	-0.407914462347295
TRINITY_DN157861_c0_g1	-1.44520627060867	-1.38997674988828	-1.37649352052465	-1.48083018033939	-1.48083018033939	-1.48083018033939	-1.31604390219605	-1.32378647019381	5.39619008689968	-1.40358718140693	3.65162327948571	3.64977126945117
TRINITY_DN168916_c2_g3	-1.89567534253415	-1.58836105337658	-2.02647374252614	-0.991695689594183	-1.13996234594092	-0.356117039656232	-0.349021076794267	4.73885483704598	-2.02223467471362	7.35541604694057	-2.2623131303455	0.537583211495034
TRINITY_DN176356_c5_g3	-1.50538765964451	-1.16511025487826	-1.3316205919078	-1.50538765964451	-0.568043267494278	-1.190401174176	2.75516498070907	-0.0127653310700646	0.928906958315415	0.710290936963418	2.0762046191915	0.808148443636011
TRINITY_DN180016_c11_g1	-0.848820649882388	-0.848820649882388	-0.848820649882388	-0.848820649882388	-0.848820649882388	-0.848820649882388	0.764239457013727	2.31853727785613	-0.848820649882388	3.60765697946943	-0.0952161136023931	-0.653473051560169
TRINITY_DN69250_c0_g1	-0.731444004856825	-0.731444004856825	-0.731444004856825	-0.731444004856825	-0.731444004856825	-0.731444004856825	0.487027205886437	1.70338435156309	-0.415298262563468	3.61728414937425	-0.496329684480467	-0.507403730638895
TRINITY_DN177710_c4_g1	-0.972510209185938	-0.972510209185938	-0.972510209185938	-0.972510209185938	-0.972510209185938	-0.972510209185938	1.35085985987533	3.03145175696648	-0.780947558485183	4.03728482420158	-0.972510209185938	-0.831077418256643
TRINITY_DN122246_c0_g1	-0.863833637770152	-0.863833637770152	-0.863833637770152	-0.863833637770152	-0.863833637770152	-0.863833637770152	0.657217099130811	2.94794562800087	-0.863833637770152	2.04459501239864	0.133278082905022	0.263799641955722
TRINITY_DN162545_c2_g1	-1.02016964332242	-1.02016964332242	-1.02016964332242	-1.02016964332242	-1.02016964332242	-1.02016964332242	1.48800543771025	3.04824321310754	-0.503145971257844	3.92913182500585	-1.02016964332242	-0.821047001308824
TRINITY_DN182736_c3_g1	-0.465692800583109	-0.465692800583109	-0.465692800583109	-0.465692800583109	-0.465692800583109	-0.465692800583109	0.287911735696886	0.184152551722901	0.657311153471711	0.0166392201642669	0.780411209300808	0.867730933142083
TRINITY_DN185307_c0_g1	0.525202525606736	0.246311813860927	1.21846641308839	0.530166337476397	0.958766908158861	-0.49698771402733	-0.49698771402733	-0.49698771402733	-0.49698771402733	-0.49698771402733	-0.49698771402733	-0.49698771402733
TRINITY_DN179499_c2_g2	-1.36844605556355	-1.07837568741736	-1.58629715237468	-1.18248409075809	-1.41380963686455	-1.58629715237468	0.865507403345808	3.49755443532328	-0.443556980258603	5.61153875902222	-0.762547792066412	-0.552786050013361
TRINITY_DN183319_c4_g1	-1.60341576396667	-1.90046354558112	-2.93827993968416	-0.911868308853365	-0.398010936108193	-1.43382101204872	3.0598967981825	4.89124506712996	-1.56818655150734	7.41376730996912	-2.50915108121039	-2.10171203632162
TRINITY_DN182773_c1_g1	-0.942876305599455	-1.02317062910872	-1.19855331864798	-0.940708468916745	-1.04396243071377	-1.04163737776753	1.09671069161805	3.22795235703174	-1.00720388070365	5.24936829770518	-1.22073902558481	-1.15517990931232
TRINITY_DN179381_c4_g1	-0.878876894972728	1.08274643331422	1.26973187523249	1.24478930148109	0.645688326104472	1.90918232867682	-0.878876894972728	-0.878876894972728	-0.878876894972728	-0.878876894972728	-0.878876894972728	-0.878876894972728
TRINITY_DN172064_c5_g2	-1.74585510707934	-0.965825679532654	-0.698040131707745	-1.14108412527801	-1.18491480192635	-2.08009349538886	2.02025392408409	4.63197513768338	-1.16477604084542	5.95095621418951	-1.99170650123978	-1.63088939295882
TRINITY_DN121265_c0_g1	-0.407237360665988	-0.407237360665988	-0.407237360665988	-0.407237360665988	-0.407237360665988	-0.407237360665988	0.198730998175471	0.92045000351006	0.805020683536747	-0.131038495633746	0.0353080954393166	0.614952878968078
TRINITY_DN197799_c7_g2	-1.60064956592623	-1.63708616350577	-1.4065543973593	-1.42185353374219	-1.00912496273567	-1.91447586231663	3.05931906733597	4.91833821853191	-1.69167130127137	5.91541174278171	-1.67568900272952	-1.5359642390629
TRINITY_DN159879_c0_g1	-1.20614882769491	-1.20614882769491	-1.20614882769491	-1.20614882769491	-1.20614882769491	-1.20614882769491	3.13612144670964	1.89365131570451	-1.20614882769491	-1.20614882769491	2.51697281825572	2.10244504088937
TRINITY_DN167899_c2_g1	-1.01188861017089	-1.01188861017089	-1.01188861017089	-1.01188861017089	-1.01188861017089	-1.01188861017089	0.83450441068147	2.49831379603768	0.282658623724624	4.06603796851418	-1.01188861017089	-0.598294527761715
TRINITY_DN182134_c0_g1	-0.988404261721628	-1.06633879421808	-1.2259679800393	-1.1016398450371	-1.2259679800393	-1.2259679800393	2.02150387354655	3.18965549508162	-0.771792086853501	4.02446309338097	-0.741572017536637	-0.887971516524288
TRINITY_DN197650_c7_g1	-1.00885553035801	-1.00885553035801	-1.00885553035801	-1.00885553035801	-1.00885553035801	-1.00885553035801	1.09749278914714	2.78743072740476	0.0126241970524457	3.73713468994526	-1.00885553035801	-0.572693691043556
TRINITY_DN174766_c2_g3	0.482979034453373	1.50572081720327	-0.571522181729188	0.579687211155706	1.14700384473307	0.285264364558893	-0.571522181729188	-0.571522181729188	-0.571522181729188	-0.571522181729188	-0.571522181729188	-0.571522181729188
TRINITY_DN165351_c1_g2	-1.95371191475405	-1.31977860265041	-1.6070680762695	-1.09770319444251	-0.476918835917613	-1.61630396384537	2.17279420707091	4.34289442682852	-1.7126508441265	6.61148061543272	-2.15910373910665	-1.18393007821954
TRINITY_DN185131_c2_g2	-1.06143698110287	-1.06143698110287	-1.06143698110287	-1.06143698110287	-1.06143698110287	-1.06143698110287	1.35269855188159	2.90370083136032	-0.212638799858676	3.52790705681944	-0.590509723627739	-0.612536029957738
TRINITY_DN192997_c0_g8	-0.573229291802786	-0.573229291802786	-0.573229291802786	-0.573229291802786	-0.573229291802786	-0.573229291802786	0.525055503920637	0.967789861330773	0.0440691910380606	1.54811772507566	-0.573229291802786	0.927572761254372
TRINITY_DN170810_c3_g6	-1.6417755787086	-2.04712345594785	-2.7926988281167	-1.8350850616553	-0.253994270848277	-1.13751089894661	2.14887672825293	4.43878939615826	-0.612278429853508	6.31306146597484	-2.18322807040473	-0.397032995904454
TRINITY_DN176005_c9_g2	-1.026792057439	-1.026792057439	-1.026792057439	-1.026792057439	-1.026792057439	-1.026792057439	1.67852238364738	2.9640720645674	-0.312216818587369	3.33799046077926	-0.480823688333703	-1.026792057439
TRINITY_DN183075_c7_g2	-0.951636208784322	-0.951636208784322	-0.923067056587552	-0.951636208784322	-0.951636208784322	-0.951636208784322	2.75666140518991	3.22835247600269	-0.837935709619594	0.361028964774072	1.0990396115328	-0.925898647370714
TRINITY_DN161957_c2_g1	0.142824865682892	2.67988979540673	1.05085296433929	-0.936467901589962	1.20431075419283	1.47739693150799	-0.936467901589962	-0.936467901589962	-0.936467901589962	-0.936467901589962	-0.936467901589962	-0.936467901589962
TRINITY_DN187491_c2_g1	-1.08107825853195	-1.08107825853195	-1.08107825853195	-1.08107825853195	-1.08107825853195	-1.08107825853195	1.64488097597724	2.0934879534344	-1.08107825853195	4.62152388075977	-0.428477040935428	-0.363867959512351
TRINITY_DN164809_c0_g2	-0.932835498224981	-0.932835498224981	-0.932835498224981	-0.932835498224981	-0.932835498224981	-0.932835498224981	0.355818365380189	1.96827274478953	-0.591418973746258	5.47541780634324	-0.67824145519184	-0.932835498224981
TRINITY_DN194527_c1_g3	-1.24010747255481	-1.40296798538871	-1.95306935937862	-1.13993357955492	-1.22818758893086	-1.39051554644448	2.51560729690851	4.25943860075779	-1.03168965790289	6.27454112958933	-1.75764751118245	-1.90546832591789
TRINITY_DN174443_c9_g2	-1.00939835351555	-1.00939835351555	-1.00939835351555	-1.00939835351555	-1.00939835351555	-1.00939835351555	4.2926281801896	-0.389281188486868	-0.284311628885325	-1.00939835351555	4.27218863046441	-0.825435518672957
TRINITY_DN190104_c1_g1	-1.06786220364162	-1.38305186946002	-1.29061489343815	-1.25942701568488	-1.13646952631518	-1.34326915462516	-1.06786220364162	-1.12855813532918	-1.32765823540887	5.07868502060756	-1.11956935210192	7.04565756903906
TRINITY_DN156318_c9_g1	-0.823838706610302	-1.21667636118038	-2.64576370429252	-1.45199196089584	-1.00921539864962	-1.43016684446492	2.06072322561103	4.38466385819259	-0.994032191358662	7.282821873876	-2.48006328871193	-1.67646050151544
TRINITY_DN186899_c2_g1	-0.584680177958578	-0.32887734135586	-0.584680177958578	-0.584680177958578	-0.584680177958578	-0.584680177958578	0.927799568961055	0.594193780211218	0.462858210804783	0.25043543729964	0.348892460302446	0.668098773569606
TRINITY_DN183061_c7_g2	-1.95178247002439	-2.30227971710853	-1.98729323164001	-1.95631568676565	-2.30227971710853	-2.30227971710853	5.26248712187303	5.58420336626085	-2.30227971710853	7.53092506130537	-1.61790978809552	-1.65519550447957
TRINITY_DN168130_c0_g4	-0.75564582935188	-0.75564582935188	-0.75564582935188	-0.75564582935188	-0.75564582935188	-0.75564582935188	0.660112837170618	1.74158329943573	-0.152523959511884	3.35663727924632	-0.75564582935188	-0.316288650877623
TRINITY_DN190230_c0_g3	-0.441814724699071	-0.441814724699071	-0.441814724699071	-0.441814724699071	-0.441814724699071	-0.441814724699071	1.04670028425874	-0.0621937626433631	0.135432810894079	1.68218247899284	-0.133803410146894	-0.0174300531609748
TRINITY_DN182774_c3_g3	-1.47966133987205	-1.20207109808308	-1.51612950694134	-0.753312980960236	-1.11559157735761	-1.51728412488283	2.39751629753988	3.59710424088309	-1.17813304342633	4.87945432406437	-1.1314165445193	-0.980474646444556
TRINITY_DN190712_c0_g3	1.06325875312506	1.1074639317128	-0.20903255024625	1.25813618138451	-0.7320926120415	1.90482196831438	-0.7320926120415	-0.7320926120415	-0.7320926120415	-0.7320926120415	-0.7320926120415	-0.7320926120415
TRINITY_DN155911_c1_g1	1.31540573133552	0.983988588563048	1.90521030755648	-0.26519817078074	-0.672278946231241	0.766546166944384	-0.672278946231241	-0.672278946231241	-0.672278946231241	-0.672278946231241	-0.672278946231241	-0.672278946231241
TRINITY_DN187661_c1_g2	-1.39757989816507	-0.979057025219955	-1.16426167903341	-0.647315651983068	-1.31522852277184	-1.52574169788958	2.66825629364138	3.70519661779482	-1.1332167378824	4.14278984346749	-1.31617053719701	-1.03767100476138
TRINITY_DN182656_c1_g2	-1.16798201718452	-1.16798201718452	-1.16798201718452	-1.16798201718452	-1.16798201718452	-1.16798201718452	3.4704973399172	1.36283785272899	2.38057790951073	-1.16798201718452	2.12994303531928	-1.16798201718452
TRINITY_DN181757_c5_g1	-0.856296944667458	-1.3127292968074	-1.5303454565189	-1.23008995576892	-1.04739323551437	-1.65149994146973	2.48234729547177	3.63428145774115	-1.22208052483821	5.44846424163753	-1.524177447804	-1.19048019146146
TRINITY_DN173876_c2_g2	-1.53603701758639	-1.01431031815759	-1.769014189564	-0.802238702498863	-1.28677799039726	-1.58647478122546	1.40448694785596	3.98173595662113	-1.34102103518124	6.38110820109635	-1.80287299358004	-0.628584077382602
TRINITY_DN193946_c1_g1	-0.982047628223829	-0.982047628223829	-0.982047628223829	-0.982047628223829	-0.982047628223829	-0.982047628223829	1.38839567659747	2.20334322492266	-0.356309566315181	4.11417205001791	-0.645192989098364	-0.812122626781517
TRINITY_DN175683_c12_g4	-1.09487360216174	-1.09487360216174	-0.90964134793158	-0.985178737335811	-1.09487360216174	-1.09487360216174	-0.346412369157705	3.45676545457265	-0.878263533419299	5.2827360547976	-1.0135339747098	-0.226977138169086
TRINITY_DN182081_c1_g6	-0.918399430275978	-1.20646263060129	-1.03269556286459	-1.00608383261727	-0.865046106122572	-1.0237703330851	1.55013371990042	2.80297412500679	-0.822412823806135	4.49854762238053	-1.05720326510167	-0.919581482813133
TRINITY_DN169264_c2_g5	-1.27810390053546	-1.03826444835429	-0.9990520973643	-1.05590871688349	-1.0535436425163	-1.18197765702039	1.26080252634637	2.73760057553655	-0.444753769944913	4.56010481104826	-0.810537350115666	-0.696366330196355
TRINITY_DN180888_c4_g3	-1.81165902610257	-1.38317111467354	-2.37784947440534	-1.3806852395265	-0.325685620012779	-1.40105303722046	2.00689348613301	4.2563779351264	-0.664663340488534	6.84560373864775	-2.22414759355072	-1.53996071392672
TRINITY_DN167962_c1_g1	-1.24436205312976	-1.24436205312976	-1.24436205312976	-1.24436205312976	-1.24436205312976	-1.24436205312976	-0.146077257406336	2.940473627514	-1.24436205312976	-1.24436205312976	3.51958060731749	3.64091944761291
TRINITY_DN131820_c1_g1	-0.671045500051719	-0.671045500051719	-0.671045500051719	-0.671045500051719	-0.671045500051719	-0.671045500051719	1.31809350731651	1.45988536977473	-0.359542384583449	2.60306703773206	-0.550693559686497	-0.444536970243039
TRINITY_DN191911_c5_g2	-1.08484094928122	-2.8824318242478	-2.13415773954241	-3.02939797541201	-3.25162924678561	-3.60664551100516	6.03448321194802	6.34626314314802	-2.00304883614495	8.79091441831509	-1.55945614729271	-1.62005254369926
TRINITY_DN152041_c1_g1	-1.09952713242857	-1.09952713242857	-1.09952713242857	-1.09952713242857	-1.09952713242857	-1.09952713242857	1.98708681498093	3.17689508882255	-0.703367643355415	3.61576224391623	-1.09952713242857	-0.379686577364302
TRINITY_DN178427_c1_g9	-0.810159726856612	-0.810159726856612	-0.810159726856612	-0.810159726856612	-0.810159726856612	-0.810159726856612	2.39726464124727	0.0843670434007822	-0.810159726856612	1.39491993889323	0.619590123943604	1.1749763405114
TRINITY_DN177821_c3_g3	-1.07509513480737	-0.68949865709585	-2.07902180937043	-1.48597962497325	-0.843109582174456	-1.44302242436158	1.73470218764885	3.59533670810314	-0.807730000636344	6.22651574098523	-1.87099897934793	-1.26209842397001
TRINITY_DN192748_c0_g6	-0.875085979579576	-0.875085979579576	-0.875085979579576	-0.875085979579576	-0.875085979579576	-0.875085979579576	0.665933173553983	2.00089062255888	-0.875085979579576	4.53107649919803	-0.426185028434448	-0.646113409819415
TRINITY_DN171896_c1_g1	0.595671643539984	1.53432521854352	-0.617208922804401	1.09604697892657	1.06086298230824	0.0335556363125009	-0.617208922804401	-0.617208922804401	-0.617208922804401	-0.617208922804401	-0.617208922804401	-0.617208922804401
TRINITY_DN198548_c1_g2	-0.550880066389148	-0.550880066389148	-0.550880066389148	-0.550880066389148	-0.550880066389148	-0.550880066389148	0.953994523009316	1.30431234157001	1.10080311424296	-0.550880066389148	0.383447711926221	0.113602773975534
TRINITY_DN193386_c0_g3	-0.865460661167028	-1.28256802456117	-1.07459895643898	-1.06922911758113	-1.20789441148903	-1.47506515654221	2.49602095366047	3.72649794975618	-1.31715663102472	5.00389603403907	-1.55662256572011	-1.37781941293134
TRINITY_DN154968_c6_g1	-1.8376089712235	-0.892165134845589	-2.02511074588994	-1.11446001417592	-0.899793802420081	-1.393008157512	2.55298993432896	4.15208709345748	-1.53748524665449	5.65269665626213	-1.31718672269705	-1.34095488863
TRINITY_DN28461_c0_g1	-1.59049913316723	-1.32650762496348	-1.81851022668994	-0.904142026914379	-1.30547572356038	-1.57580262196053	2.70847439598087	4.32287365599766	-1.57093686678871	5.75332198468925	-1.44022042570161	-1.25257538692154
TRINITY_DN77329_c0_g1	-1.94966953395633	-0.914301811446501	-1.95445142444924	-1.07841557873291	-0.827962895439481	-1.92787471161823	2.79699038883027	4.53591073422856	-1.61613971581322	5.90938520572095	-1.82445695193795	-1.14901370538592
TRINITY_DN168170_c5_g2	-0.667835811319183	-0.667835811319183	-0.667835811319183	-0.667835811319183	-0.667835811319183	-0.667835811319183	0.206370974558616	1.37270598254366	0.159983213298137	1.3143820349964	1.62140847383746	-0.667835811319183
TRINITY_DN194524_c2_g1	1.72586229325761	0.949847972669727	1.07276042941927	-0.0735438756845015	1.33070251374206	-0.715089904772025	-0.715089904772025	-0.715089904772025	-0.715089904772025	-0.715089904772025	-0.715089904772025	-0.715089904772025
TRINITY_DN161042_c4_g3	-1.67893612301397	-2.05923520900903	-2.17084238567708	-2.44107229291508	-2.10764855918989	-2.44107229291508	5.15801485349872	5.49571285235678	-1.8813357684821	7.58108742409058	-1.41959256550463	-2.03507993323924
TRINITY_DN169173_c3_g3	-0.660935826931854	-0.660935826931854	-0.660935826931854	-0.660935826931854	-0.660935826931854	-0.660935826931854	1.70055182521121	0.924507492004347	0.407391034502651	1.79455579369661	-0.660935826931854	-0.200455356891844
TRINITY_DN182371_c2_g1	-1.15210442312458	-1.27378297971283	-1.00834608366373	-1.17617218308641	-0.925550560473561	-0.944946515483292	1.36544918353645	2.91651581191376	-0.498100277973773	5.00952766553296	-1.17752112665443	-1.13496851081055
TRINITY_DN186404_c5_g3	-1.46598397279474	-1.17163776105224	-1.96757150403001	-1.05661881848158	-1.2268876216177	-1.26514432856829	2.08135964191491	3.60418793439835	-1.44279600938395	6.78407333107459	-1.77790279041552	-1.09507810104384
TRINITY_DN185505_c3_g1	-0.505066564099574	-0.505066564099574	-0.505066564099574	-0.505066564099574	-0.505066564099574	-0.505066564099574	0.170297748649571	0.494933435900426	1.41865311464981	-0.505066564099574	0.851640688835807	0.5999409606614
TRINITY_DN185826_c4_g1	-0.641840785137018	-0.648187891902901	-0.705280397180841	-0.731997735556621	-0.664822254039703	-0.829608532183043	1.63949598968527	2.07862795081385	-0.432353186588616	1.51635549815983	-0.142547843843151	-0.437840812227046
TRINITY_DN163304_c0_g5	-0.997328643522211	-1.05717849854973	-1.09622722497141	-0.996054740533578	-1.06517128930326	-1.01141632354867	1.64244348113053	2.34069504328877	-0.90716945523677	4.49409956838652	-0.749669463575334	-0.597022453564857
TRINITY_DN175817_c3_g3	-1.14501787241681	-0.986522053222099	-0.88359967308736	-1.14501787241681	-0.934143242795233	-1.09601597194281	1.87696647741871	2.54204711574334	-0.923416836202174	4.8455625029035	-1.07740029377546	-1.07344228020678
TRINITY_DN199732_c0_g1	-1.466128363117	-1.466128363117	-1.466128363117	-1.466128363117	-1.466128363117	-1.466128363117	3.27004353048905	2.19196884223437	2.41289117576906	-1.466128363117	-1.15114187764849	3.53913687097502
TRINITY_DN156988_c8_g1	0.755449890568254	0.994176471677577	0.437812671741317	0.51756369327778	-0.527879277483387	0.990152215118782	-0.527879277483387	-0.527879277483387	-0.527879277483387	-0.527879277483387	-0.527879277483387	-0.527879277483387
TRINITY_DN173876_c2_g3	-1.55107506913785	-1.44415986522133	-1.65840473340967	-1.26824442593664	-0.946493468386461	-1.27090377238713	2.16871118757702	4.78540565849474	-1.60262495976823	6.13174386242991	-1.65030293491271	-1.69365147934165
TRINITY_DN184946_c5_g2	-1.16119395854446	-1.05668600522861	-1.72267202794103	-1.08835136508286	-1.01092819580909	-1.36910259468178	1.38168268937505	3.54467911310973	-1.30782866107732	7.35183673822012	-1.8611076256165	-1.70032810672324
TRINITY_DN193144_c3_g6	-0.879289869838273	-0.879289869838273	-0.879289869838273	-0.879289869838273	-0.879289869838273	-0.879289869838273	0.0505011278803246	2.33530124862779	-0.371368404880945	4.36361745228472	-0.879289869838273	-0.223022335043984
TRINITY_DN122003_c0_g1	-0.889071722280905	-0.889071722280905	-0.889071722280905	-0.889071722280905	-0.889071722280905	-0.889071722280905	0.887453429141007	2.49013333767971	-0.889071722280905	2.67127639868542	-0.546516976803585	0.721155867263788
TRINITY_DN171362_c0_g3	-0.77428566239528	-0.77428566239528	-0.77428566239528	-0.77428566239528	-0.77428566239528	-0.77428566239528	0.812118812499783	1.80827034061878	-0.227329484253868	3.40506614122439	-0.77428566239528	-0.378126173322125
TRINITY_DN165929_c8_g1	-0.786077330438032	-0.786077330438032	-0.786077330438032	-0.786077330438032	-0.786077330438032	-0.786077330438032	0.546773791634122	2.08793267510244	-0.786077330438032	3.29892234126481	-0.0488232261137026	-0.382264268821443
TRINITY_DN191313_c1_g4	-1.16568645014789	-1.45911953371921	-0.938380988083735	-1.94557648948794	-1.62249469998421	-1.69461491595472	3.15076970950524	4.09973541654083	-1.73269592314355	6.28045510916943	-1.65161751045924	-1.32077372423499
TRINITY_DN168849_c8_g1	-0.743464131691824	-0.743464131691824	-0.743464131691824	-0.743464131691824	-0.743464131691824	-0.743464131691824	1.29742829895508	1.78360620382084	-0.173973039733108	2.3068634218666	-0.743464131691824	-0.00967596306664165
TRINITY_DN176479_c9_g1	-1.32065731879834	-1.21748856591399	-1.72337949564394	-1.31847637349881	-1.35712723194438	-0.814182432652255	1.84914642229165	3.53355566582727	-1.40260601869807	6.03339696701485	-1.41536818109176	-0.846813436892222
TRINITY_DN104900_c1_g1	-0.687953506400653	-1.67949192765246	-2.13669888117524	-1.67294484005582	-1.02231105082953	-1.98765886292818	2.59037143612348	4.03590482251253	-1.41552040256461	6.21260553168745	-1.35812639664077	-0.878175922076194
TRINITY_DN173230_c5_g2	-1.07253381150372	-1.12333818217521	-0.988893460114462	-0.909837592011887	-0.958593419838575	-0.958593419838575	1.55040464332935	3.17664116854668	-0.87133410472822	4.19425272919119	-1.12722161666244	-0.910952934194141
TRINITY_DN86932_c0_g1	-0.638967639652523	-0.638967639652523	-0.638967639652523	-0.638967639652523	-0.638967639652523	-0.638967639652523	-0.638967639652523	1.82909428412821	0.37181219910072	1.85749470992974	0.506383745920097	-0.0920114615111115
TRINITY_DN199568_c0_g2	-0.589713485320722	-0.589713485320722	-0.589713485320722	-0.589713485320722	-0.589713485320722	-0.589713485320722	0.501817107799894	0.942354066968308	-0.589713485320722	1.24742242860246	1.18132692911606	0.255073864758337
TRINITY_DN160701_c3_g2	-0.655282800610585	-0.655282800610585	-0.655282800610585	-0.655282800610585	-0.655282800610585	-0.655282800610585	2.03043313538007	-0.655282800610585	0.499818757515118	0.150422384227926	-0.166767791652773	2.07307311880376
TRINITY_DN190534_c3_g1	-1.54270979144098	-0.91943239248673	-2.55181519008664	-1.1540709671148	-0.373513353111428	-2.42975609231513	2.93971084250919	4.9550813653428	-1.822277530514	6.54479290824391	-2.01973991720023	-1.62626988182597
TRINITY_DN150212_c0_g2	-0.693763293797758	-0.693763293797758	-0.693763293797758	-0.693763293797758	-0.693763293797758	-0.693763293797758	1.21543376919393	1.45744609908714	-0.179767314430745	2.39251095616706	-0.693763293797758	-0.0292804534330752
TRINITY_DN166463_c3_g1	-0.865051203551007	-0.865051203551007	-0.865051203551007	-0.865051203551007	-0.865051203551007	-0.865051203551007	0.491092606674268	2.79749612646575	-0.0776187390341394	3.3909781691346	-0.865051203551007	-0.546589738383424
TRINITY_DN172470_c9_g1	-0.814354716875562	-0.814354716875562	-0.814354716875562	-0.814354716875562	-0.814354716875562	-0.814354716875562	0.563046713910232	1.94671775391308	0.181310692860547	3.39080316704453	-0.381395309599456	-0.814354716875562
TRINITY_DN162838_c7_g1	-0.509393144238072	-0.509393144238072	-0.509393144238072	-0.509393144238072	-0.509393144238072	-0.509393144238072	0.191934113174869	1.54302274991307	0.155089696126611	1.17452783657125	0.0126626049228923	-0.0208781352802598
TRINITY_DN194412_c1_g1	-1.04756641366814	-1.59499481680724	-1.42037567755769	-0.961034951662014	-2.31253239703092	-2.43949783108249	2.75442891818966	4.87144677184176	-0.614306771072588	6.68335923976695	-1.57260096337048	-2.34632510754681
TRINITY_DN184948_c8_g1	-0.717376914068675	-0.717376914068675	-0.717376914068675	-0.717376914068675	-0.717376914068675	-0.717376914068675	2.26866988815749	0.200245787657608	0.278288495667434	2.13661873310772	-0.284417506792569	-0.295143913385627
TRINITY_DN192547_c2_g1	0.286311101320919	-0.137187976706121	0.720832036015289	1.63994805593562	-0.268594165544058	0.684802291719879	-0.487685223790255	-0.487685223790255	-0.487685223790255	-0.487685223790255	-0.487685223790255	-0.487685223790255
TRINITY_DN182573_c1_g1	1.22970530588627	-0.834832692095681	-0.30776235658302	0.433601701480703	2.4817475314661	2.00653666241972	-0.834832692095681	-0.834832692095681	-0.834832692095681	-0.834832692095681	-0.834832692095681	-0.834832692095681
TRINITY_DN181455_c3_g2	-0.604327791606673	-0.604327791606673	-0.604327791606673	-0.604327791606673	-0.604327791606673	-0.604327791606673	0.928737130262964	0.814671673824592	0.989742965244865	-0.252699462503891	-0.604327791606673	1.74984223441818
TRINITY_DN219357_c0_g1	-2.11742744966085	-1.6042046232838	-1.44329759317335	-2.27996670395284	-0.70595610139145	-0.572250226142933	3.40198812450237	2.64015141556649	-0.431363789487734	5.10396371981541	-0.987030812405179	-1.00460596038614
TRINITY_DN186064_c1_g3	-1.52947017211712	-1.54545587628982	-1.47232626501351	-1.20886747469632	-1.36441092584662	-1.03329591011287	2.20640205705482	4.16461185762348	-0.694188225248682	5.49475115411228	-1.62107892989641	-1.39667128956922
TRINITY_DN161924_c2_g1	-0.855956761833079	-0.886692799513516	-0.981708831351773	-0.985696015025211	-1.02892606708678	-1.04686511747487	0.552374769128404	3.0844397859275	-0.875552241908315	4.79549430134769	-0.88173081683744	-0.88918020537261
TRINITY_DN166564_c6_g1	1.480309433436	1.40224069415594	-0.794995660762765	1.4918854870254	1.00367701819504	0.186856992526976	-0.794995660762765	-0.794995660762765	-0.794995660762765	-0.794995660762765	-0.794995660762765	-0.794995660762765
TRINITY_DN172176_c1_g1	-0.937198902486561	-0.937198902486561	-0.937198902486561	-0.937198902486561	-0.937198902486561	-0.937198902486561	2.12526824101414	3.68660944523983	-0.937198902486561	1.72089830286481	-0.481970331369422	-0.490413340343439
TRINITY_DN132275_c1_g2	-0.511359847857668	-0.511359847857668	-0.511359847857668	-0.511359847857668	-0.511359847857668	-0.511359847857668	0.563145588505962	0.963205986680807	-0.312237205844067	2.25671858715879	-0.171082443091413	-0.231591426264073
TRINITY_DN166027_c11_g5	-0.867626636473269	-0.867626636473269	-0.867626636473269	-0.867626636473269	-0.867626636473269	-0.867626636473269	1.61418893714459	1.08694193427972	2.00283672555254	1.65593531958374	-0.867626636473269	-0.28651646124772
TRINITY_DN159754_c2_g6	-1.01626598620801	-1.14199590189098	-1.05622009459732	-1.41461635655397	-1.17338632103853	-0.77492112315439	1.95749996164487	2.93049610758165	-0.839304025866536	4.07460543066857	-0.975259178079716	-0.570632512505646
TRINITY_DN164703_c4_g2	-0.943939523565592	-0.943939523565592	-0.943939523565592	-0.943939523565592	-0.943939523565592	-0.943939523565592	1.33612596279604	1.04083208881983	-0.943939523565592	1.13159310760177	2.038643423357	1.0603820823845
TRINITY_DN176099_c2_g2	-0.891603292240085	-0.891603292240085	-0.891603292240085	-0.891603292240085	-0.891603292240085	-0.891603292240085	1.49355160464426	2.05737126203969	-0.165644057730897	3.44303648715768	-0.587092250430132	-0.891603292240085
TRINITY_DN172470_c8_g1	-0.496755245967841	-0.496755245967841	-0.496755245967841	-0.496755245967841	-0.496755245967841	-0.496755245967841	0.371931519354294	0.945790210137463	-0.247006530884272	2.09659852501246	0.133650225514482	-0.320432473327378
TRINITY_DN198983_c0_g1	-1.09918983007297	-1.16933022430127	-1.26383421076451	-1.04663350036826	-0.938004678194819	-1.31207039641736	1.95995279264369	3.12881537765956	-0.323658370692568	4.44884245183991	-1.11546335232254	-1.26942605900886
TRINITY_DN171866_c4_g1	-0.719345255417532	0.696954050062347	0.374890814428233	1.65833380358828	1.04236552894581	1.26287259089805	-0.719345255417532	-0.719345255417532	-0.719345255417532	-0.719345255417532	-0.719345255417532	-0.719345255417532
TRINITY_DN184396_c1_g3	-1.1526360204136	-1.1526360204136	-1.1526360204136	-1.1526360204136	-1.1526360204136	-1.1526360204136	2.02432497167584	3.48815840926079	-0.55522403285895	4.03116805844084	-1.1526360204136	-0.919975263623324
TRINITY_DN239307_c0_g1	-0.859646836661812	-0.859646836661812	-0.859646836661812	-0.859646836661812	-0.859646836661812	-0.859646836661812	1.4711983529616	2.13999244448623	-0.436337599419426	3.12894696882015	-0.286272310215868	-0.859646836661812
TRINITY_DN201734_c0_g1	-0.894860000868525	-0.894860000868525	-0.894860000868525	-0.894860000868525	-0.894860000868525	-0.894860000868525	1.2034247948549	1.86982585165361	-0.894860000868525	3.28703764223986	-0.0340957982396974	-0.0621724844289933
TRINITY_DN181783_c0_g1	-0.512470534300793	-0.512470534300793	-0.512470534300793	-0.512470534300793	-0.512470534300793	-0.512470534300793	-0.0827206835005768	0.827236973147804	0.46425968637636	2.30310489456178	-0.211468278267979	-0.225589386512631
TRINITY_DN185903_c2_g4	-1.52138183348905	-1.60479784167668	-2.64249855086191	-1.27487695603579	-0.948401355284278	-1.26607914254804	2.24332826871782	4.71250708818883	-1.16001299900379	6.48040981615783	-2.06342460950321	-0.954771884661752
TRINITY_DN163060_c7_g1	-0.655241483643399	-0.655241483643399	-0.655241483643399	-0.655241483643399	-0.655241483643399	-0.655241483643399	0.642830251290597	1.49531819293198	1.39891238811931	-0.655241483643399	-0.332159694139666	1.38178924730157
TRINITY_DN168409_c4_g1	-0.7242212834976	-0.7242212834976	-0.7242212834976	-0.7242212834976	-0.7242212834976	-0.7242212834976	-0.294471432697384	1.38947921566713	-0.329158483980022	4.45190198765034	-0.298761978732245	-0.573661606922218
TRINITY_DN166217_c7_g1	1.00504401790679	1.45897929688188	0.828893648431859	-0.187238892331714	-0.31055923107268	0.225188967934294	-0.503384634625071	-0.503384634625071	-0.503384634625071	-0.503384634625071	-0.503384634625071	-0.503384634625071
TRINITY_DN8181_c0_g1	-1.16557393003938	-1.16557393003938	-1.16557393003938	-1.16557393003938	-1.16557393003938	-1.16557393003938	2.33165519874823	3.36836312496155	-1.16557393003938	3.92104001737012	-0.726216751565118	-0.735824079239159
TRINITY_DN186621_c0_g3	-1.48978236842297	-1.01035026152843	-1.42635698828134	-1.01325989957193	-1.03084204726731	-1.2558575512189	1.88049687247754	3.54619568098681	-1.22629775349178	5.60664161715963	-1.26970752997992	-1.3108797708614
TRINITY_DN174307_c3_g1	-0.822874668637948	-0.822874668637948	-0.822874668637948	-0.822874668637948	-0.822874668637948	-0.822874668637948	-0.00811918582807458	2.41024644928187	0.291492356314052	3.32378055348152	-0.822874668637948	-0.257277492783723
TRINITY_DN139819_c0_g1	2.59787671235761	-0.14141393475484	0.0243895309689148	1.5620180949017	-0.744535804594836	1.16888022869047	-0.744535804594836	-0.744535804594836	-0.744535804594836	-0.744535804594836	-0.744535804594836	-0.744535804594836
TRINITY_DN187711_c0_g3	-0.736350186081894	-0.736350186081894	-0.736350186081894	-0.736350186081894	-0.736350186081894	-0.736350186081894	1.06232249287591	-0.132278862413033	-0.736350186081894	1.69206023927545	1.2017473749922	1.33060005784273
TRINITY_DN252227_c0_g1	-1.34928908368542	-1.34928908368542	-1.34928908368542	-1.34928908368542	-1.34928908368542	-1.34928908368542	2.53169023956895	3.62835719203609	-0.708668155649727	4.23792586876711	-1.34928908368542	-0.244281558924451
TRINITY_DN161685_c4_g1	0.606976810939388	3.1614761681819	1.39325726452271	-1.25353963496651	1.89697000319493	1.19817126537206	-0.718971802223658	-1.25353963496651	-1.10459457242841	-1.30873528920864	-1.30873528920864	-1.30873528920864
TRINITY_DN209458_c0_g1	-0.81029209243033	-0.81029209243033	-0.81029209243033	-0.81029209243033	-0.81029209243033	-0.81029209243033	0.240035461128094	2.59787627827778	-0.552074702894312	3.70490310852064	-0.81029209243033	-0.318695498019882
TRINITY_DN158462_c1_g1	-0.861582739968208	-0.861582739968208	-0.861582739968208	-0.861582739968208	-0.861582739968208	-0.861582739968208	1.56763148987138	2.25361700941724	-0.861582739968208	3.21060883055718	-0.494211674319678	-0.506566475748658
TRINITY_DN143420_c0_g1	-1.09036942824199	-1.27995988924632	-1.43712565997329	-1.33215610037174	-1.52118992476176	-1.52118992476176	2.81337835090437	3.20760132810214	-1.42088501896608	6.0930708474407	-1.13272482747861	-1.37844975264568
TRINITY_DN190717_c1_g3	-0.838826963339174	-0.838826963339174	-0.838826963339174	-0.838826963339174	-0.838826963339174	-0.838826963339174	0.383977597706087	2.23001579119609	-0.570991571241559	4.02421943557288	-0.838826963339174	-0.195432509859282
TRINITY_DN156620_c5_g1	-0.0726052593485309	2.53025642687471	1.1239783824402	-0.94366033443516	1.6974232182769	1.32656957280284	-0.94366033443516	-0.94366033443516	-0.94366033443516	-0.94366033443516	-0.94366033443516	-0.94366033443516
TRINITY_DN178243_c0_g2	-1.28214438525459	-1.07119351960697	-1.21866085127135	-0.91417600194405	-0.836669858446173	-1.0514699991464	1.64435309092433	2.45627398907157	-1.04801719724088	5.47750517163327	-0.921528668231125	-1.23427177048763
TRINITY_DN167839_c2_g3	2.48199629467706	1.1675938437329	1.38032642215899	-0.19319018697149	-0.144280586490543	-0.670349398158131	-0.670349398158131	-0.670349398158131	-0.670349398158131	-0.670349398158131	-0.670349398158131	-0.670349398158131
TRINITY_DN161430_c1_g2	-0.909784857607891	-0.830728989505317	-1.13492788996037	-1.12259123011514	-0.931140930742803	-1.20256660683574	1.73797604126278	3.25358242781226	-0.679506545040488	3.80162014469613	-0.980998818297328	-1.00093274566609
TRINITY_DN156620_c9_g1	-0.698057926789385	-0.698057926789385	-0.698057926789385	-0.698057926789385	-0.698057926789385	-0.698057926789385	0.672664348358783	1.64733844860188	-0.537137738608282	3.45882403717733	-0.470316850950257	-0.583024683843145
TRINITY_DN158227_c1_g1	-0.796686423340079	-0.796686423340079	-0.796686423340079	-0.796686423340079	-0.796686423340079	-0.796686423340079	0.403064433375758	1.83837140638514	-0.53605851521338	3.68319082533098	-0.562798363165802	-0.0456512466722168
TRINITY_DN168523_c0_g1	-1.56208772395873	-1.67748727900732	-1.75526545652814	-1.35737758018283	-0.70243657097674	-0.644549884150701	0.701257306279514	3.32940556669695	-0.84652916509818	7.27469456465759	-1.70397818648324	-1.05564559124817
TRINITY_DN174325_c0_g1	-1.23032638926094	-1.23032638926094	-1.23032638926094	-1.23032638926094	-1.23032638926094	-1.23032638926094	4.37750693044545	3.09217866825794	-1.23032638926094	-1.23032638926094	3.27556454046902	-0.902639025084893
TRINITY_DN163436_c4_g2	-1.3275387639879	-1.3275387639879	-1.3275387639879	-1.3275387639879	-1.3275387639879	-1.3275387639879	2.37866022344188	3.18120679025658	2.49151624600317	-1.3275387639879	2.56892685220153	-1.3275387639879
TRINITY_DN177192_c1_g2	-0.938697684260933	-0.894107533236862	-0.877890297595382	-0.92453456698837	-0.844779820873294	-0.623773606744997	0.869950554818192	2.45022697469878	-0.708378853570517	3.26707913112775	-0.523336747016181	-0.251757550358186
TRINITY_DN177471_c12_g7	-0.657997932295941	-0.657997932295941	-0.657997932295941	-0.657997932295941	-0.657997932295941	-0.657997932295941	1.09303724437192	0.572205081070481	0.753970578064193	0.887970436809352	1.29880218575564	-0.657997932295941
TRINITY_DN189757_c4_g1	2.14824300343768	-0.224111469725105	1.54699183728969	-0.336181497019794	-0.75518096245106	2.15132486317494	-0.75518096245106	-0.75518096245106	-0.75518096245106	-0.75518096245106	-0.75518096245106	-0.75518096245106
TRINITY_DN192982_c2_g1	1.56281615263458	2.32513433317755	0.295487730568282	6.00560321963622	-1.32859184912726	-1.38933100698494	-1.32997572936852	-1.33970023926034	-1.15421668660858	-1.31894167909354	-1.11910109974694	-1.20918314582651
TRINITY_DN190151_c2_g3	-1.62825058617155	-1.44051727971011	-0.704891679707272	-1.36503458363025	-1.39995502194268	-1.35869305675643	3.08420887783797	4.41171209966307	-1.76891755727314	5.30120003488864	-1.66914165475807	-1.46171959244018
TRINITY_DN137177_c2_g1	-0.70310549397762	-0.70310549397762	-0.70310549397762	-0.70310549397762	-0.70310549397762	-0.70310549397762	0.77767663042636	1.29725513470589	0.378915775367882	-0.70310549397762	0.415254231975437	2.05263668536777
TRINITY_DN191933_c0_g2	-0.78434339331083	-0.78434339331083	-0.78434339331083	-0.78434339331083	-0.78434339331083	-0.78434339331083	0.79676678191472	0.836243017141048	0.163509750076187	3.67062208032388	-0.375088246625992	-0.385993022964865
TRINITY_DN175718_c7_g1	-1.03858955143416	-1.25891950631372	-1.15861460051803	-0.846408935063912	-0.884853788091179	-1.05728564514407	1.73602220386325	2.68706267968375	-0.836686505630669	4.36028806115252	-0.685544979867773	-1.01646943263602
TRINITY_DN179970_c4_g2	0.406100455518116	-0.534392334244973	-0.827174083472819	2.77487890339027	3.30087180745017	-0.157240247803858	-0.827174083472819	-0.827174083472819	-0.827174083472819	-0.827174083472819	-0.827174083472819	-0.827174083472819
TRINITY_DN160762_c3_g7	-0.498643615039183	-0.498643615039183	-0.498643615039183	-0.498643615039183	-0.498643615039183	-0.498643615039183	0.586781041213494	0.762586293947863	0.855244221245724	0.223822409431908	-0.498643615039183	1.0620713394353
TRINITY_DN201455_c0_g1	-1.02641244155997	-1.02641244155997	-1.02641244155997	-1.02641244155997	-1.02641244155997	-1.02641244155997	1.1908182746607	2.85750157562924	-1.02641244155997	4.23093768312223	-0.544080420812591	-0.550290021679815
TRINITY_DN198001_c7_g1	-0.952019910511315	-1.5004113670027	-0.823330664293108	-1.62738422326046	-1.11844856139607	-0.595283380093437	2.18418955966719	0.842762143781047	0.889891469949121	1.27681082497741	0.746681494962077	0.676542613220234
TRINITY_DN190795_c2_g3	-0.456182207008139	-0.456182207008139	-0.456182207008139	-0.456182207008139	-0.456182207008139	-0.456182207008139	0.530046673219261	0.0446198460490189	0.491670936378878	-0.0955370045479226	0.850080032719712	0.916212758229885
TRINITY_DN185804_c3_g4	-1.25160709152	-1.29236996043159	-1.51295017823759	-1.69945073588209	-1.17639067408684	-0.963928558585549	2.34301850655187	3.27429828242898	-1.13190528823834	5.6665129459583	-0.680104647077275	-1.57512260087988
TRINITY_DN178311_c2_g2	-0.10476218225806	1.11717419512299	0.821573176465215	1.38869774200953	0.586152593786542	-0.544119360732317	-0.544119360732317	-0.544119360732317	-0.544119360732317	-0.544119360732317	-0.544119360732317	-0.544119360732317
TRINITY_DN156724_c3_g4	-0.786199163439425	-0.786199163439425	-0.786199163439425	-0.786199163439425	-0.786199163439425	-0.786199163439425	0.835794068226698	2.03571509586981	-0.786199163439425	2.77194599555016	0.328834079506815	-0.46889509507751
TRINITY_DN175172_c4_g1	-1.47165033919899	-1.47165033919899	2.2149622376166	1.92560500639544	3.94251902770019	3.69011644187966	-1.47165033919899	-1.47165033919899	-1.47165033919899	-1.47165033919899	-1.47165033919899	-1.47165033919899
TRINITY_DN195256_c1_g1	-1.37114025497698	-1.37114025497698	-1.21798346691556	-1.03657197931085	-1.16075139053158	-1.20893021866268	2.1295343458922	3.62579075610431	-0.817288286795857	4.55677989591334	-1.17831485142459	-0.949984294314759
TRINITY_DN189160_c0_g1	-1.22604448715263	-1.22604448715263	-1.22604448715263	-1.22604448715263	-1.22604448715263	-1.22604448715263	2.01929904881094	3.62984557307988	-0.919198986838349	4.86180019342614	-1.22604448715263	-1.00943441841019
TRINITY_DN182124_c0_g4	-1.06392774099154	-1.06392774099154	-1.06392774099154	-1.06392774099154	-1.06392774099154	-1.06392774099154	0.87341665115869	3.73686864346335	-0.254101744894091	3.82525372844597	-1.06392774099154	-0.733943091233121
TRINITY_DN175255_c3_g3	-1.45676459734529	-1.89741380760279	-1.56128898062346	-0.592767212096627	-1.45194579332243	-1.31828627961172	2.84781701087818	4.46382623295072	-2.22718810999877	6.58080582990025	-1.80166818079694	-1.58512611233112
TRINITY_DN164603_c1_g3	-0.35893648376291	-0.425197926031631	-0.425197926031631	-0.357559209156268	-0.425197926031631	-0.425197926031631	0.639684925553223	0.270795887078269	-0.0578268603831018	0.202408912098019	1.00669242225455	0.355532110444745
TRINITY_DN192743_c1_g3	-1.51230897479326	-1.46318584733185	-1.53035901414998	-0.978643837755051	-1.48565041085767	-1.6835158022114	2.88810033806331	4.87230035285024	-1.35009206848621	5.23366529775335	-1.43376708712783	-1.55654294595364
TRINITY_DN197671_c3_g1	-0.832112292110342	-0.832112292110342	-0.832112292110342	-0.832112292110342	-0.832112292110342	-0.832112292110342	1.31291295012622	2.45003093667116	-0.373730287954328	2.83793488723946	-0.402362441310125	-0.832112292110342
TRINITY_DN189603_c3_g4	-0.910806751786169	-0.910806751786169	-0.910806751786169	-0.910806751786169	-0.910806751786169	-0.910806751786169	1.6175145116128	1.58923041919552	-0.578528468729239	3.46929927789275	0.0430172021549982	-0.675692431409811
TRINITY_DN192436_c5_g3	-0.503638068820375	-0.503638068820375	-0.503638068820375	-0.503638068820375	-0.503638068820375	-0.503638068820375	0.445710095468189	1.62168240489404	-0.314604244430358	1.75849437071903	-0.120694199251384	-0.368760014477263
TRINITY_DN175820_c8_g4	-0.824634150813642	-0.824634150813642	-0.824634150813642	-0.824634150813642	-0.824634150813642	-0.824634150813642	0.368191252738749	2.53615149409408	-0.824634150813642	3.52911256990008	-0.463988948353426	-0.197027312683992
TRINITY_DN178801_c3_g1	-0.181894571920736	-1.18370687662804	-0.59418439894056	-2.0432755080561	-1.95121761404788	-2.51068112930389	1.52291936489053	3.820719188885	-0.927404611059165	6.44337045426241	-0.988746479768409	-1.40589781831317
TRINITY_DN165489_c3_g1	-0.729703100628689	-1.54199594550196	-1.11117544898219	-1.2062840351815	-0.855831619440601	-1.2503923874714	1.55713090653492	2.33358755171829	-0.425631188810176	4.50427682550843	-1.06483673431532	-0.209144823429806
TRINITY_DN139989_c0_g1	2.18905864884734	2.02902774446381	1.64781964242003	-1.15747281318068	2.44303483216511	-0.206631175631531	-1.15747281318068	-1.15747281318068	-1.15747281318068	-1.15747281318068	-1.15747281318068	-1.15747281318068
TRINITY_DN192743_c1_g1	-1.39214772368613	-1.19189427961894	-1.63337775920158	-1.50772665754006	-1.35004859114994	-1.22195151347512	2.43606663755063	4.3079398685493	-0.608348964710058	4.81791578999204	-1.36674111668759	-1.28968569002256
TRINITY_DN162597_c14_g1	-1.6870788045431	-1.6010180750999	-2.08196293271164	-1.16939858228818	-1.37577834549322	-1.23126145512193	2.86127297320723	3.67651346502181	-0.644691494578884	6.19457964138049	-1.6850948092166	-1.25608158055606
TRINITY_DN155882_c4_g1	-0.863660104836448	-0.845772383520409	-0.871991379428403	-0.92301538245287	-0.92301538245287	-0.92301538245287	1.36179484007736	2.25091154954694	-0.492194885933098	3.50224248954634	-0.640872153671371	-0.631411824422305
TRINITY_DN184988_c1_g2	-0.538159188037086	-0.538159188037086	-0.538159188037086	-0.538159188037086	-0.538159188037086	-0.538159188037086	0.0477647889215157	0.757563836502883	0.409693955349931	1.80183329621064	0.189543484800153	0.0225557664373933
TRINITY_DN185780_c8_g2	-0.755533650498909	-0.755533650498909	-0.755533650498909	-0.755533650498909	-0.755533650498909	-0.755533650498909	1.16932634845809	2.52393764514556	-0.349541290823072	2.14866139773897	-0.203648547027184	-0.755533650498909
TRINITY_DN179582_c11_g1	-1.25543933808886	-1.60047264363422	-1.88975694862584	-2.35691172693798	-1.17278464936608	-1.63571642029045	-0.444712633811634	-0.690038028430208	3.36575658679994	-0.146983375916901	2.28751223480758	5.53954694349465
TRINITY_DN186246_c0_g2	-0.438956099815733	-0.631781503368124	-0.631781503368124	-0.631781503368124	-0.631781503368124	-0.631781503368124	0.763281296149454	1.31457506826551	0.281251496584017	1.3119523262664	0.417152141829798	-0.490348712438829
TRINITY_DN192330_c0_g5	-1.07756666824195	-1.07756666824195	-1.07756666824195	-1.07756666824195	-1.07756666824195	-1.07756666824195	1.68222832751557	2.86532312357685	-0.460268185401099	2.87811810762738	-0.822972625208805	0.322971261341783
TRINITY_DN170291_c12_g1	-0.987333188612763	-0.987333188612763	-0.987333188612763	-0.987333188612763	-0.987333188612763	-0.987333188612763	0.433822772049461	2.69670004234569	-0.511210768732611	4.06408241954034	-0.112339549679795	-0.647055783846509
TRINITY_DN164152_c3_g4	-1.08664906640816	-1.08664906640816	-1.08664906640816	-1.08664906640816	-1.08664906640816	-1.08664906640816	1.60309737208539	3.37206102431167	-0.790338505700072	4.28804268568876	-0.866319111528608	-1.08664906640816
TRINITY_DN167931_c3_g1	-0.621862163732852	-0.621862163732852	-0.621862163732852	-0.621862163732852	-0.621862163732852	-0.621862163732852	1.3978397507097	0.322996282074687	1.32037081266786	0.293467512280157	0.71384974658761	-0.317351121922899
TRINITY_DN182590_c0_g3	-1.37616046520247	-1.46203830036288	-1.21080734114297	-0.733561441812997	-1.08896242440276	-1.20543016368852	1.82995809498554	2.75546817350012	-1.15376804386602	5.63132468047992	-1.5316583960095	-0.454364372477457
TRINITY_DN137283_c0_g1	-0.958129641285581	-0.958129641285581	-0.780530711957848	-0.958129641285581	-0.958129641285581	-0.958129641285581	0.988226930348053	2.41663165336473	-0.753988924505356	4.14666827168882	-0.545619070035776	-0.680739942474717
TRINITY_DN155781_c4_g1	-0.335130165586829	-0.476562956516124	-0.476562956516124	-0.476562956516124	-0.476562956516124	-0.476562956516124	0.711837968087086	0.369830064336236	-0.199173257705261	1.14355420851256	0.874499942424261	-0.18260397748743
TRINITY_DN163686_c0_g7	-1.83627016232412	-1.17724994485331	-1.9368264903505	-1.84889525916231	-1.23257478524785	-0.741465516340084	2.3117135024234	4.51671066091624	-1.97280269347272	7.29617637471849	-1.85120264876394	-1.52731303754329
TRINITY_DN192992_c1_g1	-0.848795583136468	-0.848795583136468	-0.848795583136468	-0.848795583136468	-0.848795583136468	-0.848795583136468	1.08779524668747	3.02491920156312	-0.541950082822185	2.77401766116074	-0.619823013376307	-0.632185514394026
TRINITY_DN191782_c3_g2	1.40359576277493	2.25864062466648	1.18931477088508	1.22320943144276	0.697077411597942	-0.967405428766741	-0.967405428766741	-0.967405428766741	-0.967405428766741	-0.967405428766741	-0.967405428766741	-0.967405428766741
TRINITY_DN213223_c0_g1	-0.7385257300572	-0.7385257300572	-0.7385257300572	-0.7385257300572	-0.7385257300572	-0.7385257300572	0.795037618157312	2.03293732830845	-0.7385257300572	2.46263761035787	-0.240785641448106	0.119853195024871
TRINITY_DN187875_c1_g4	-0.851215316313739	-0.851215316313739	-0.851215316313739	-0.851215316313739	-0.851215316313739	-0.851215316313739	0.467824499248797	2.4553385831828	-0.553730400603164	3.63163296675473	-0.437621233904564	-0.456152516796161
TRINITY_DN161495_c0_g6	-0.877541728731504	-1.08539805691007	-1.44120443407548	-1.31837522888769	-1.53746628713388	-1.53746628713388	1.96359063652563	3.6546489539425	-0.221320544840526	4.8301494008289	-1.37654609895278	-1.05307032463122
TRINITY_DN182383_c4_g1	3.28130224660433	-1.95234564774944	7.87181421569075	0.1509465729046	-1.10785829298725	1.64870506029247	-1.36940684639348	-1.18559804293682	-2.10178945703733	-1.24455116207591	-1.93186445559501	-2.05935419071693
TRINITY_DN183473_c4_g2	-1.13267095412367	-1.31966946892493	-1.37213688881906	-0.937199832102515	-1.33390883570818	-1.48316820120781	1.59834186691311	3.20702537661705	-1.35223733138136	6.73041238161353	-1.38825655418234	-1.21653155869382
TRINITY_DN162669_c5_g1	-1.73335747035492	-1.29278487896894	-1.96378721075679	-0.977089363901809	-1.00703039663506	-1.38922463922689	1.96587383390261	3.51982914952252	-1.11412813930565	6.60754324409193	-1.45891830124888	-1.15692582711812
TRINITY_DN158831_c13_g2	-1.13454752484252	-1.46999320318394	-1.39343354317554	-1.24845197960709	-0.817158589570323	-1.45105681921536	2.03632133992485	3.66838324378125	-1.04309136861202	5.55094431061214	-1.438180753664	-1.25973511244745
TRINITY_DN157912_c1_g3	-1.1946995660665	-1.00819900842201	-1.06904846440498	-0.914931144472909	-1.01837679342604	-1.05982151172339	1.33287127076632	2.48314690033314	-1.04544020056688	5.57151128514719	-0.938896729463786	-1.13811603770014
TRINITY_DN175783_c1_g2	-1.67578863034661	-1.31229758378037	-1.19476801722788	-1.13655340328259	-1.06112713311035	-1.2795283380984	2.77668086415065	4.22940321274124	-1.6686992055603	5.07197443738347	-1.51669611211525	-1.23260009075362
TRINITY_DN150204_c2_g1	-0.619854298721162	-0.619854298721162	-0.619854298721162	-0.619854298721162	-0.619854298721162	-0.619854298721162	1.58303353474898	0.274672471536233	0.3517352368089	1.1486476487131	0.980891199240922	-0.619854298721162
TRINITY_DN199429_c5_g2	0.413524244929186	1.5560492514579	1.32625117509804	-0.682737608129218	1.15601251020392	0.32732607521548	-0.682737608129218	-0.682737608129218	-0.682737608129218	-0.682737608129218	-0.682737608129218	-0.682737608129218
TRINITY_DN190534_c0_g1	-0.912327807015164	-0.912327807015164	-0.912327807015164	-0.912327807015164	-0.912327807015164	-0.912327807015164	1.03253063879238	1.97070642863999	-0.912327807015164	4.65834762656865	-0.715720762920346	-0.559569281974527
TRINITY_DN92710_c0_g1	-0.580527198959268	-0.580527198959268	-0.580527198959268	-0.580527198959268	-0.580527198959268	-0.580527198959268	0.519777706836418	1.54015650984271	-0.464162442267483	2.43114733442165	-0.341740339372151	-0.202015575705538
TRINITY_DN250001_c0_g1	-0.867919040014238	-1.18406478230759	-1.18406478230759	-1.18406478230759	-1.18406478230759	-1.18406478230759	2.00797153024395	2.9589203919388	-0.598140805348993	4.11415362014453	-0.73833807895761	-0.956323706468467
TRINITY_DN166725_c1_g5	-0.422473929822805	-0.422473929822805	-0.422473929822805	-0.422473929822805	-0.422473929822805	-0.422473929822805	0.599005797587647	0.0783281232343527	0.525379213564212	0.238363437873479	0.305228743014433	0.788538263662707
TRINITY_DN154548_c0_g1	-1.1111563511078	-1.1111563511078	-0.837342106520767	-0.804310850793521	-0.924655793463309	-1.1111563511078	1.27730874617535	0.699903596632276	0.26123861413022	4.09478348136308	-0.673928612194894	0.240471977994978
TRINITY_DN171464_c3_g1	0.225688124738409	2.74280302067698	0.895367364874449	0.672507249741676	1.5451594274151	1.79982429539778	-1.57321174357655	-2.00753062665982	-0.635895734692048	-1.41246102911456	-1.46336000861692	-0.788890340184483
TRINITY_DN173513_c3_g4	-1.18222258498991	-1.50994231768704	-1.33937265157477	-1.26501118370367	-0.971769776964987	-1.39401876327722	2.03937692891197	3.71960353376433	-0.999204401987606	5.26546468503198	-1.39830930931208	-0.964594158210998
TRINITY_DN123657_c0_g2	-0.374322393628011	-0.374322393628011	-0.374322393628011	-0.374322393628011	-0.374322393628011	-0.374322393628011	1.04305758234501	1.03927168878116	0.0152444181347144	0.0976453940335046	-0.0838979897627115	0.134613268236384
TRINITY_DN182264_c3_g1	-0.93610438748404	-0.93610438748404	-0.93610438748404	-0.93610438748404	-0.93610438748404	-0.93610438748404	2.50736965725028	0.394454012546762	-0.93610438748404	0.709136125161225	1.08501995255157	1.85675096487845
TRINITY_DN161352_c3_g1	1.3310160141479	2.4774152853394	1.54944216705401	-0.00355544838953081	-0.847539292437857	0.578457028913222	-0.847539292437857	-0.847539292437857	-0.847539292437857	-0.847539292437857	-0.847539292437857	-0.847539292437857
TRINITY_DN180784_c9_g1	-1.28768041942267	-1.52220176431146	-1.2715607540594	-1.24539717357774	-1.09598918947594	-1.61605926052209	2.08787589490363	4.00635108382578	-1.34506513771982	5.96640679548393	-1.66972443477384	-1.00695564035038
TRINITY_DN196070_c4_g1	-0.562718540798318	-0.562718540798318	-0.562718540798318	-0.562718540798318	-0.562718540798318	-0.562718540798318	0.362521364689093	1.72859031903065	-0.344867443987186	2.16998481309729	-0.400508504484011	-0.139409303555931
TRINITY_DN182031_c8_g1	-0.686805733972014	-0.686805733972014	-0.686805733972014	-0.686805733972014	-0.686805733972014	-0.686805733972014	0.732193731459251	2.0543376209833	-0.334047208931378	2.68293990893672	-0.506657872813586	-0.507931775802219
TRINITY_DN175823_c5_g2	-1.12955424580835	-1.20047020084226	-1.48323298920579	-1.21157401078024	-0.937567481836258	-1.10346501693969	1.97532458660767	3.93086557576951	-1.50942044173141	5.76260629356405	-1.47747754922866	-1.61603451956858
TRINITY_DN194247_c2_g2	-0.847688975245509	-0.663726140402913	-0.722037873583988	-0.847688975245509	-0.847688975245509	-0.847688975245509	1.19950038846694	1.36985196461702	1.40114942639474	-0.489292713288855	1.42403548826506	-0.12872463948597
TRINITY_DN133471_c0_g1	-0.920472276498477	-0.920472276498477	-0.920472276498477	-0.920472276498477	-0.920472276498477	-0.920472276498477	-0.920472276498477	0.617072295466098	-0.145632516671151	4.23171114255657	2.34796211707791	-0.607807102940083
TRINITY_DN185075_c1_g3	-0.773998189540719	-0.773998189540719	-0.773998189540719	-0.773998189540719	-0.773998189540719	-0.773998189540719	0.846588220911159	1.62462580717703	-0.321929959316908	2.45389688053892	-0.773998189540719	0.814806377474831
TRINITY_DN187939_c3_g2	-1.16513197756099	-1.61459853188298	-1.55194292403321	-1.2749500606095	-1.47469992510075	-0.956598404784932	2.04618403588639	3.47352889058797	-0.950246407552252	6.13811326635039	-1.58846880005832	-1.08118916124182
TRINITY_DN194103_c2_g2	-1.14919426671139	-1.26022557910013	-0.626097021575093	-1.14919426671139	-1.00805216589811	-1.06487798077791	2.37483225062508	3.49305803736075	-0.53339436206764	2.83553009476792	-0.887273481188305	-1.02511125872378
TRINITY_DN164290_c0_g1	-1.08478588299502	-1.3803975398886	-1.4648404040689	-1.18041048660504	-1.01619267841295	-1.44051853232617	1.8252995463412	3.90492379001392	-1.27988077480658	5.83617865019274	-1.56167097389945	-1.15770471354515
TRINITY_DN108012_c0_g1	-0.673194036527699	-0.673194036527699	-0.673194036527699	-0.673194036527699	-0.673194036527699	-0.673194036527699	1.2329269164694	1.73551782450173	-0.568857376712963	2.16898028106669	-0.00416727101806835	-0.525236155140597
TRINITY_DN167765_c13_g1	-1.26580991909866	-0.926670036436193	-1.80689542635527	-1.74656803038162	-1.15515313205809	-1.36995701251921	1.62698318773173	4.18120268861943	-1.59042621728423	7.95367771167033	-2.2932420463784	-1.60714176750983
TRINITY_DN161247_c8_g1	-1.01498176326577	-1.3606445069455	-1.69588129501122	-1.4155196928495	-0.750826817538066	-1.70670426430576	2.34897019013926	3.4829417026855	-0.990969641011932	6.20395201041299	-1.86015657438788	-1.24017934792211
TRINITY_DN166693_c3_g1	-1.10671636582315	-1.46025941637684	-1.19111873584891	-1.70441235645209	-1.03339207410974	-1.58186886348071	2.05331453856037	6.13653850567121	-1.69930546601901	4.47947813961918	-1.33716027105524	-1.55509763468507
TRINITY_DN194049_c2_g1	-0.8998446542117	-0.8998446542117	-0.8998446542117	-0.8998446542117	-0.8998446542117	-0.8998446542117	2.67340867300362	-0.8998446542117	1.065847295013	0.596362011711784	1.86675050751757	0.0965440922359212
TRINITY_DN165231_c2_g1	-1.09861796856876	-1.19305493865568	-1.49679879350744	-1.35268648568185	-1.03023099358851	-1.27982926001661	2.02570678479066	3.71943917668862	-1.33781771769981	5.35197376462689	-1.24514344980413	-1.06294011858338
TRINITY_DN193167_c4_g1	-0.584908930830144	-0.584908930830144	-0.584908930830144	-0.584908930830144	-0.584908930830144	-0.584908930830144	0.813988640372329	0.346395912820525	1.01440886286808	-0.584908930830144	0.970416428159101	0.949152671590974
TRINITY_DN159422_c6_g3	-1.4076044499841	-1.28131231819079	-1.46349776162082	-1.79681596189504	-0.645477858109558	-1.36953112130899	2.0988619215137	3.88765635739552	-1.15237483466368	6.01103156733159	-1.66597616842612	-1.21495937204171
TRINITY_DN163553_c10_g1	-0.939406894748882	-0.939406894748882	-0.925051601771812	-0.922197604716659	-0.939406894748882	-0.939406894748882	1.55270265790373	1.6486780637851	1.06599309299371	-0.939406894748882	1.12478616717861	1.15212369837173
TRINITY_DN167728_c8_g2	-0.934344170420364	-0.934344170420364	-0.934344170420364	-0.934344170420364	-0.934344170420364	-0.934344170420364	0.590221050656836	2.83044782115209	-0.934344170420364	3.64278249088669	-0.440696836445154	-0.0823453333079175
TRINITY_DN184134_c1_g5	-0.735426599594009	-0.735426599594009	-0.735426599594009	-0.735426599594009	-0.735426599594009	-0.735426599594009	0.0292592529281243	1.96856000426942	-0.329434239918172	3.28463105274724	-0.183541496122284	-0.356914976340279
TRINITY_DN192303_c2_g3	2.58358507727475	-0.623370655112527	0.582021857877158	0.348954386444625	0.00982803126147691	0.839205232929677	-0.623370655112527	-0.623370655112527	-0.623370655112527	-0.623370655112527	-0.623370655112527	-0.623370655112527
TRINITY_DN171272_c2_g1	-1.33858537839453	-0.974092582365894	-1.08668211037568	-1.30258363398374	-0.872953232859804	-1.29372184297001	2.01605175266045	3.71472907993538	-0.969851437594087	5.04345347925689	-1.51273162491181	-1.42303246839717
TRINITY_DN187279_c3_g1	-1.03971149822112	-1.03971149822112	-1.03971149822112	-1.03971149822112	-1.03971149822112	-1.03971149822112	0.135972772509881	2.89187701478145	-0.427123091522399	3.64908430880352	-0.0339522289324314	0.0224102136866811
TRINITY_DN149067_c2_g1	-0.792678692002759	-0.792678692002759	-0.792678692002759	-0.792678692002759	-0.792678692002759	-0.792678692002759	0.168574192055448	2.32351969266083	-0.792678692002759	3.71079725934056	-0.396519202929605	-0.257621097107917
TRINITY_DN155477_c7_g1	-1.3922012771804	-1.3922012771804	-1.3922012771804	-1.3922012771804	-1.3922012771804	-1.3922012771804	3.3651953997389	0.956031142058869	3.77716256706948	-1.3922012771804	3.03922110857596	-1.3922012771804
TRINITY_DN169246_c2_g1	1.08011783789816	1.08096698156063	1.44315972546318	0.542365149489725	0.642393967820997	-0.684143380318955	-0.684143380318955	-0.684143380318955	-0.684143380318955	-0.684143380318955	-0.684143380318955	-0.684143380318955
TRINITY_DN253771_c0_g1	-0.493786766572361	-0.493786766572361	-0.493786766572361	-0.493786766572361	-0.493786766572361	-0.493786766572361	1.65319423065087	1.29239136222641	0.0492141108300647	0.158814451024159	-0.0899737049557712	-0.100919850341561
TRINITY_DN182504_c2_g4	-0.435676646710168	-0.435676646710168	-0.435676646710168	-0.435676646710168	-0.435676646710168	-0.435676646710168	0.852977216895001	0.128945405726813	0.61255953894268	0.789598283159401	0.0352506107649588	0.194728824772155
TRINITY_DN158309_c2_g2	-1.41548556199011	-1.01348500899798	-1.92804800969872	-1.37540260994866	-0.604857463320768	-1.48641826648051	2.05080752996908	3.85686669519333	-1.52627543934509	6.27147982836894	-2.01744971618222	-0.811731977567304
TRINITY_DN161383_c1_g1	-0.406239658583719	-0.406239658583719	-0.406239658583719	-0.406239658583719	-0.406239658583719	-0.406239658583719	0.62868032576544	0.748861899541983	0.660021783685002	0.0843304718624819	0.433719928905812	-0.118176458258403
TRINITY_DN163204_c2_g3	-1.51714080950169	-1.35774598907485	-2.39789880003496	-1.32180886986845	-0.638006809019242	-1.25649893330559	2.26979330751698	4.57882205445197	-1.80963870921322	7.07059243676067	-2.17786642345986	-1.44260245525175
TRINITY_DN159791_c3_g2	-0.897939540940779	-0.897939540940779	-0.897939540940779	-0.897939540940779	-0.897939540940779	-0.897939540940779	0.253919275786226	2.29141062925489	-0.897939540940779	4.36347844181113	-0.553111043943338	-0.0701205163234594
TRINITY_DN186429_c0_g2	-0.835349202636444	-0.835349202636444	-0.835349202636444	-0.835349202636444	-0.835349202636444	-0.835349202636444	1.52501507390703	1.18613052477401	0.05762461263689	3.54330113462546	-0.835349202636444	-0.464626927488277
TRINITY_DN186842_c2_g2	-1.13845596867208	-1.37277665644487	-1.54342463211474	-0.903130761393875	-1.16241194777656	-1.45201111958527	0.839045004707675	2.89809678866479	-1.11811879738207	6.7162372300574	-1.20982872880394	-0.553220411256462
TRINITY_DN199113_c1_g3	1.77386204920537	0.539857197727763	-0.995698135671547	1.83638171700012	1.21998046093638	1.5998055248312	-0.995698135671547	-0.995698135671547	-0.995698135671547	-0.995698135671547	-0.995698135671547	-0.995698135671547
TRINITY_DN157355_c2_g1	-0.562340765363832	-0.562340765363832	-0.562340765363832	-0.562340765363832	-0.562340765363832	-0.562340765363832	1.30159768506014	0.349159083497276	-0.562340765363832	0.9501389815558	0.889200067654	0.446289539779608
TRINITY_DN158309_c2_g1	-1.58294092703499	-1.93714696967762	-1.8823436549678	-1.36181706647097	-0.45871928317709	-1.05058915093419	2.10245215821429	4.01509131010417	-1.63791401511244	6.97790457254834	-2.00871502355425	-1.17526194993744
TRINITY_DN162821_c0_g4	-1.88008067425498	-1.67945103551627	-2.05990830308497	-1.06921877567401	-1.57448147591473	-0.804981917600133	2.62552699044115	4.87176922525316	-1.42627995262954	6.44917446190861	-2.34847780102591	-1.10359074190237
TRINITY_DN174311_c1_g4	-0.636563561248544	-0.636563561248544	-0.636563561248544	-0.636563561248544	-0.636563561248544	-0.636563561248544	1.30416699893632	1.59763116170527	-0.451331307018383	2.21583485903801	-0.342604582219849	-0.504315762950104
TRINITY_DN185161_c4_g1	-1.38214862989742	-1.84490001909977	-1.19129017142904	-1.08339630661052	-0.652547915802669	-1.65049834159677	2.54920186853545	3.83324878199966	-1.57703036940071	6.33399694489505	-1.56462668168282	-1.77000915991043
TRINITY_DN185296_c2_g2	-1.0561383305918	-1.46647943520589	-0.812960764452288	-0.966697315058575	-1.33028804891874	-1.46647943520589	2.07602626627237	3.18938754964884	-0.792923011215743	4.414450925871	-1.01652195157788	-0.771376449565408
TRINITY_DN163629_c5_g2	-0.974708252106795	-1.11026744262323	-1.35672629225484	-0.640960280816268	-0.933471887726895	-1.2813951911472	2.10339665857724	2.73334425628905	-0.466667754767734	3.77284646612623	-1.1904683248587	-0.654921954690852
TRINITY_DN159249_c0_g1	-0.871145534455273	-0.871145534455273	-0.871145534455273	-0.871145534455273	-0.871145534455273	-0.871145534455273	1.10558468622188	2.58447759294516	-0.871145534455273	3.16974689619163	-0.634805995286899	-0.126984438884863
TRINITY_DN161896_c2_g1	-1.00041307988301	-1.11277960295557	-1.01516880632915	-0.89616953421313	-1.11277960295557	-1.11277960295557	1.71320949324108	2.580540075856	-0.88997504191031	4.21109481676313	-0.490786371289448	-0.873992743368455
TRINITY_DN179886_c1_g5	-1.60013578296293	-1.22713719867728	-2.21515551754027	-1.14321740255338	-0.962554103546587	-1.28402701778941	2.05548582803808	4.32685809740706	-1.64619080720526	7.06252341723564	-2.27043795304146	-1.09601155936421
TRINITY_DN164202_c6_g1	-0.928261547728413	-0.928261547728413	-0.928261547728413	-0.928261547728413	-0.928261547728413	-0.928261547728413	1.06414435130324	2.79726149780062	-0.482534844378428	3.54526562942835	-0.749387589558617	-0.60517975822468
TRINITY_DN166803_c6_g2	-0.98615997966589	-0.98615997966589	-0.98615997966589	-0.98615997966589	-0.98615997966589	-0.98615997966589	1.67946018440049	1.22920799253759	0.505949572986723	-0.98615997966589	2.23618091592756	1.25232119180887
TRINITY_DN213921_c0_g1	-0.706239758581626	-0.706239758581626	-0.706239758581626	-0.706239758581626	-0.706239758581626	-0.706239758581626	-0.123202134784962	1.65861278147958	0.241613384805391	2.88448201142822	0.282172267143162	-0.706239758581626
TRINITY_DN202016_c0_g1	-0.921477584007389	-0.921477584007389	-0.921477584007389	-0.921477584007389	-0.921477584007389	-0.921477584007389	1.1714063816711	3.29869756696184	-0.641709162413794	3.33553303419864	-0.713584732366056	-0.921477584007389
TRINITY_DN125918_c0_g1	0.58164455546226	0.780662468424899	-0.201124728317071	0.476462318770203	0.326702570577187	0.192423347987553	-0.359461755484172	-0.359461755484172	-0.359461755484172	-0.359461755484172	-0.359461755484172	-0.359461755484172
TRINITY_DN169820_c2_g4	-1.94779798675234	-1.21202098387166	-2.25810416199818	-1.15359620868234	-1.08199558898784	-0.638484817215151	2.37531772098344	4.01018487314714	-1.51483857947623	5.81770555912099	-1.41291610527844	-0.983453720989383
TRINITY_DN187998_c1_g1	-0.928524333940863	-1.20591403275173	-1.20591403275173	-1.20591403275173	-1.20591403275173	-1.20591403275173	1.52852463338544	3.15676624829512	-0.484322633976347	4.28500902706319	-0.995525168306324	-0.532357608761582
TRINITY_DN160383_c3_g2	-1.21221741506902	-1.24202834832714	-1.50943172366305	-1.27034824429646	-1.4315608144022	-1.56551527107106	2.42208419758303	4.28563723630647	-1.62929118150438	5.59975390287834	-1.35206289408783	-1.0950194443467
TRINITY_DN191807_c2_g2	0.88433052938232	2.68327557487476	1.25684567869056	0.531577308357819	0.164355245769825	1.34504739981143	-1.14423862281445	-1.14423862281445	-1.14423862281445	-1.14423862281445	-1.14423862281445	-1.14423862281445
TRINITY_DN191842_c1_g5	-0.83864330737164	-0.83864330737164	-0.83864330737164	-0.83864330737164	-0.83864330737164	-0.83864330737164	1.47140591797974	2.18709425404197	-0.38657507714783	3.27863615268228	-0.760033472675274	-0.758667930651045
TRINITY_DN159329_c3_g1	-1.28638197785008	-1.0503898167728	-1.30375600489792	-1.17397367254439	-1.00705571064639	-1.40540608099235	1.28991966308922	3.12603776498767	-0.120891947748108	5.27852893156325	-1.27579334286188	-1.07083780532622
TRINITY_DN50592_c0_g1	-1.08246364657301	-1.08246364657301	-1.08246364657301	-1.08246364657301	-1.08246364657301	-1.08246364657301	1.90030181601064	3.03415063219271	-0.77678490333072	4.28543155896899	-1.08246364657301	-0.865853577830566
TRINITY_DN155776_c2_g1	-1.32637787133727	-0.964203321781193	-1.04292392426455	-0.998766137946327	-0.942218971945675	-1.39315312791529	1.70950645005004	3.20587550970241	-1.07645354782974	5.10185831529535	-1.14385283311533	-1.12929053891243
TRINITY_DN175973_c1_g2	-1.20295062515009	-1.2124922937993	-1.05227957233073	-0.611346307182644	-1.60253784956538	-1.50668679502446	2.34313498804526	3.48636327978309	-1.0686495334385	4.9014883208174	-1.54957766770189	-0.924465944452747
TRINITY_DN182913_c1_g1	-1.11704144957586	-2.24492611737395	-2.19914748869001	-1.58521474938265	-0.713470966701442	-2.61703642101456	3.27154040231924	5.5275117918158	-0.946932980842538	6.8528966843204	-2.23972288367679	-1.98845582119765
TRINITY_DN169269_c1_g2	-1.40226030283921	-1.02807727720176	-1.52553943631411	-1.30250430322787	-1.03638886036426	-1.44332729692599	2.53331825241404	4.34779912899323	-1.48035462729738	5.60516359096254	-1.63003360418521	-1.63779526401402
TRINITY_DN54289_c0_g1	-0.460675963720178	-0.460675963720178	-0.460675963720178	-0.460675963720178	-0.460675963720178	-0.460675963720178	-0.088838346389757	1.68141066589735	-0.113577293097909	0.97335171094342	0.526280998804224	-0.214571953836261
TRINITY_DN194412_c7_g3	-0.674371055256756	-1.97048285833998	-0.860010527553043	-1.14385633855798	-1.66001576227969	-2.7078858979434	2.40448543127489	4.64111064344684	0.321079962824481	5.69570924907911	-1.78482540501398	-2.2609374416805
TRINITY_DN169837_c1_g3	-1.00964221357991	-1.30202983767461	-1.0554095737912	-0.791600358572028	-1.24656074889424	-1.19827065370063	1.50945691071332	2.6268522343091	-1.315888686235	5.37103090091704	-1.03578076704226	-0.552157206449591
TRINITY_DN155270_c6_g4	3.90311071373172	2.86652873902986	-1.76151550486456	4.11136966456097	4.65596414031237	-2.05075979002121	-1.79858637681918	-2.05075979002121	-1.72307242584516	-2.05075979002121	-2.05075979002121	-2.05075979002121
TRINITY_DN169794_c3_g5	-0.637134192137437	-0.637134192137437	-0.637134192137437	-0.637134192137437	-0.637134192137437	-0.637134192137437	-0.102076597242595	1.35889293128764	0.535993241343219	0.394966651029587	0.0355174371909472	1.59951148921583
TRINITY_DN120879_c0_g1	1.34994748824143	1.50182689914186	-0.381668688634479	2.01723472345043	1.61833131136552	-0.87223881908068	-0.87223881908068	-0.87223881908068	-0.87223881908068	-0.87223881908068	-0.87223881908068	-0.87223881908068
TRINITY_DN175611_c6_g5	-0.875300388015675	-0.979377386091906	-1.04927060151594	-1.19722848290304	-1.19722848290304	-1.19722848290304	1.72211159953898	2.9610277459083	-0.942634439869896	4.44951021540481	-0.626765551876996	-1.06761574477257
TRINITY_DN167959_c7_g2	-1.11354077793654	-0.763658621478173	-1.11354077793654	-0.983660495389627	-1.25628095005262	-1.08507412263448	1.73811774711717	3.06015446095788	-0.673243326255955	4.01350028822176	-1.05088843706293	-0.771884987549952
TRINITY_DN203393_c0_g1	-0.906754948458176	-0.906754948458176	-0.906754948458176	-0.906754948458176	-0.906754948458176	-0.906754948458176	1.38896807608179	2.67652342545017	-0.551738684238626	3.47605061932852	-0.642518797414628	-0.906754948458176
TRINITY_DN194527_c0_g1	-1.13370350077501	-1.27279911044067	-1.36318534689778	-0.960011669409781	-0.716545949621799	-1.18334487659038	1.11333042636507	2.75632825226447	-0.502804715886997	5.04943559756951	-1.39588951197049	-0.390809594606132
TRINITY_DN185550_c3_g8	-1.11701910241984	-1.1643248171982	-1.05661099989795	-1.11701910241984	-1.05661099989795	-1.53169588284673	2.13267317581981	3.60957340209941	-1.23421096713615	4.78122336619597	-1.11918531159692	-1.1267927607016
TRINITY_DN167565_c7_g1	-1.95181005734762	-1.13768031635567	-2.62371557610998	-1.11921195586866	-0.550129213626261	-1.91833262715366	2.96550057400482	4.75918355555364	-1.60677571368827	6.59349955337858	-2.24899553201863	-1.16153269076829
TRINITY_DN161367_c8_g1	-1.52678536991805	-1.3961052628333	-1.72100022351854	-0.934850908589182	-1.04207186540307	-1.45188650380254	2.92609638924748	4.58205738373353	-1.37079417430411	5.28377514668591	-1.905996045917	-1.44243856538113
TRINITY_DN183836_c8_g1	-0.741365400997335	-0.741365400997335	-0.741365400997335	-0.741365400997335	-0.741365400997335	-0.741365400997335	2.86803498900909	0.673852423891504	-0.282983396841321	-0.106307571272121	1.0233204515248	0.272275509672052
TRINITY_DN241272_c0_g1	-0.827428950203632	-0.798066890572289	-0.925039746830055	-0.925039746830055	-0.8073447041603	-0.749994260719141	1.27062281602587	2.49234022914297	-0.729692148507835	3.37127081387804	-0.782299574713972	-0.589327836509593
TRINITY_DN169900_c1_g1	-0.936519553207546	-0.936519553207546	-0.936519553207546	-0.936519553207546	-0.936519553207546	-0.936519553207546	1.1001596010229	2.02547412421271	-0.102212850244638	4.21898683558582	-0.686770838123977	-0.936519553207546
TRINITY_DN120858_c0_g1	-0.480139236771498	-0.480139236771498	-0.480139236771498	-0.480139236771498	-0.480139236771498	-0.480139236771498	0.144663528481449	0.449651760947099	0.851565979727394	0.701281403508644	-0.0407820582972413	0.774454806261643
TRINITY_DN159059_c0_g2	-1.15402694345577	-1.09433750422158	-1.18038400176259	-1.15278377660514	-1.23590395051018	-0.845091687013368	1.77442506543593	3.53647685221039	-1.14782179392906	4.83720166198592	-1.20594171249431	-1.13181220964024
TRINITY_DN193172_c0_g1	-0.963707084250963	-0.921252896223175	-0.862866394744135	-1.10775345386767	-1.10775345386767	-1.10775345386767	0.955749488438489	2.25639871478268	-0.700672678417169	5.09380199783209	-0.897364589422267	-0.636826196392543
TRINITY_DN195331_c0_g1	-1.13136597373126	-1.13136597373126	-1.13136597373126	-1.13136597373126	-1.13136597373126	-1.13136597373126	4.54611407960936	5.83023420457789	-0.745106832597914	-0.870738065604561	-0.84094156986596	-1.13136597373126
TRINITY_DN181470_c1_g1	-0.544006776972474	-0.544006776972474	-0.544006776972474	-0.544006776972474	-0.544006776972474	-0.544006776972474	1.31118563098668	0.362114176024626	-0.544006776972474	1.24217135182629	0.211308127072624	0.681268152897095
TRINITY_DN177531_c3_g1	0.523172199914853	-0.00855569395397215	0.482354801101419	-0.060767475495195	0.866899208107724	1.5418097409074	-0.557485463430372	-0.557485463430372	-0.557485463430372	-0.557485463430372	-0.557485463430372	-0.557485463430372
TRINITY_DN156976_c0_g5	-0.424755542936918	-0.424755542936918	-0.424755542936918	-0.424755542936918	-0.424755542936918	-0.424755542936918	1.02308810142517	0.0177899131683866	0.427243294175529	0.162129269915267	-0.0618649002710573	0.980147579208213
TRINITY_DN166664_c2_g3	-0.673771295676589	-0.673771295676589	-0.673771295676589	-0.673771295676589	-0.673771295676589	-0.673771295676589	0.78145727544055	1.13275899358298	-0.673771295676589	2.53833107601012	0.304424334005063	-0.040572609302585
TRINITY_DN106872_c0_g1	-1.50473324148297	-2.2745634695548	-2.4425901877747	-0.691184781750304	-0.840654608449832	-1.62490638786662	3.57551943542173	5.40661131457434	-2.02089879310672	6.02021153249889	-1.97850970891429	-1.62430110359472
TRINITY_DN184648_c2_g2	-1.06657611801139	-1.23286986900683	-1.18914849157752	-1.16154826642006	-1.01178364517101	-1.37691623862354	2.3423767417422	3.21494266636363	-0.795806063397992	4.42853100427853	-1.21470620230923	-0.936495517866774
TRINITY_DN179738_c3_g1	-0.546003468957152	-0.546003468957152	-0.546003468957152	-0.546003468957152	-0.546003468957152	-0.546003468957152	1.12890908395085	0.752654846607363	0.315554950614877	1.05854234741156	0.566363054115411	-0.546003468957152
TRINITY_DN171931_c11_g2	-0.913868708171722	-1.17930560422082	-1.05762704763257	-1.04049113531854	-0.871294289668643	-1.17930560422082	1.65013807714577	2.59226309578372	-0.787537884264824	4.58216584564674	-0.71882513418081	-1.07631161089749
TRINITY_DN132100_c0_g1	-0.711531767993038	-0.711531767993038	-0.711531767993038	-0.711531767993038	-0.711531767993038	-0.711531767993038	-0.0155379548831382	2.14366063996612	0.399499544395705	2.68023595196296	-0.711531767993038	-0.227135805490372
TRINITY_DN102733_c0_g1	-0.549725226769599	-0.549725226769599	-0.549725226769599	-0.549725226769599	-0.549725226769599	-0.549725226769599	1.21070864790051	0.772202868117763	0.0908957012660987	1.380065770949	-0.0746403438208162	-0.0808812837949617
TRINITY_DN166106_c4_g1	0.642028475959578	0.890336620688547	1.49206400388911	-0.337530930714052	1.06732247275738	0.339168939068462	-0.73259373023163	-0.73259373023163	-0.73259373023163	-0.73259373023163	-0.430420930490878	-0.73259373023163
