non-bleached_44_01	non-bleached_44_02	non-bleached_44_03	non-bleached_k4_01	non-bleached_k4_02	non-bleached_k4_03
TRINITY_GG_27180_c0_g1	-0.999387864783271	-0.999387864783271	-0.999387864783271	0.166684811163435	1.25943253209314	1.57204625109324
TRINITY_GG_102362_c0_g1	0.830502526316917	0.460678955661522	2.07878280089431	-1.12332142762425	-1.12332142762425	-1.12332142762425
TRINITY_GG_20030_c1_g2	-0.89619082024352	-0.89619082024352	-0.89619082024352	0.0980268271624739	2.07097778728911	0.519567846278978
TRINITY_GG_62036_c8_g1	-2.49686474730489	-2.49686474730489	-2.49686474730489	2.37379587937439	2.37537302633756	2.74142533620274
TRINITY_GG_19072_c0_g1	1.65730873356891	2.31924323791753	-0.617008174179661	-1.11984793243559	-1.11984793243559	-1.11984793243559
TRINITY_GG_81219_c2_g1	-0.861851538832794	-0.861851538832794	-0.861851538832794	0.938478934091842	0.588633921028326	1.05844176137821
TRINITY_GG_5455_c6_g1	2.29840241684002	1.9662091631182	0.899286912849352	-1.72129949760253	-1.72129949760253	-1.72129949760253
TRINITY_GG_3071_c136_g1	0.887261151091432	0.259040933254318	1.57672145079056	-0.907674511712104	-0.907674511712104	-0.907674511712104
TRINITY_GG_69359_c3_g1	-1.07134918409109	-1.07134918409109	-1.07134918409109	1.71775403341029	0.380191648926742	1.11610186993624
TRINITY_GG_101585_c0_g1	2.18934256099352	1.47755786925842	-0.287360067020619	-1.12651345441044	-1.12651345441044	-1.12651345441044
TRINITY_GG_46618_c0_g2	-1.15623318662162	-1.15623318662162	-1.15623318662162	1.51641844270676	1.40985130389384	0.542429813264262
TRINITY_GG_4520_c12_g1	0.568415258950798	1.45158433282411	1.05983318357026	-1.02661092511506	-1.02661092511506	-1.02661092511506
TRINITY_GG_25181_c0_g2	-1.16302772393938	-1.16302772393938	-1.16302772393938	0.788560070875377	0.344386375076063	2.35613672586669
TRINITY_GG_21651_c0_g1	-0.233240940397675	1.4310773934151	2.66122037755429	-1.28635227685724	-1.28635227685724	-1.28635227685724
TRINITY_GG_57074_c24_g1	0.383705140077536	1.7944723472684	0.554348794108003	-0.910842093817979	-0.910842093817979	-0.910842093817979
TRINITY_GG_63477_c0_g1	-0.931667471173642	-0.931667471173642	-0.931667471173642	1.51061256407894	0.791672649077529	0.492717200364455
TRINITY_GG_18826_c40_g1	-0.929906552282752	-0.929906552282752	-0.929906552282752	1.68197401482001	1.25944361791292	-0.151697975884665
TRINITY_GG_34629_c0_g1	-1.43745500525348	-1.43745500525348	-1.43745500525348	1.66486718594321	1.33907014616844	1.30842768364878
TRINITY_GG_59518_c1_g1	0.502599634233643	1.44592116257056	2.14381089951695	-1.36411056544038	-1.36411056544038	-1.36411056544038
TRINITY_GG_24820_c3_g1	0.725593513714531	1.92536731175804	1.53828869376128	-1.39641650641128	-1.39641650641128	-1.39641650641128
TRINITY_GG_99445_c9_g1	1.82284324018009	1.75247650364079	0.735775696526357	-1.43703181344908	-1.43703181344908	-1.43703181344908
TRINITY_GG_87636_c0_g1	1.55771345300864	0.291845317241875	1.66106223441316	-1.17020700155456	-1.17020700155456	-1.17020700155456
TRINITY_GG_57403_c5_g2	0.796121583680496	1.96342905484767	2.59255120710072	-2.1891347859332	-1.75591974030418	-1.4070473193915
TRINITY_GG_5516_c82_g1	0.402929909643738	1.58126715090225	0.851710468240612	-0.945302509595533	-0.945302509595533	-0.945302509595533
TRINITY_GG_17800_c0_g1	-1.45677521007661	-1.45677521007661	-1.45677521007661	0.837183768952089	2.8802222065284	0.652919654749324
TRINITY_GG_90204_c0_g1	0.945159389416652	0.87896089973985	0.507799616006815	-0.777306635054439	-0.777306635054439	-0.777306635054439
TRINITY_GG_1480_c27_g1	1.50451639210609	0.738393246925508	1.09190839859017	-1.11160601254059	-1.11160601254059	-1.11160601254059
TRINITY_GG_8127_c2_g1	1.33396087541487	1.07508776431622	0.230510272587541	-0.879852970772877	-0.879852970772877	-0.879852970772877
TRINITY_GG_8201_c17_g1	0.7375058054175	1.43622637944876	0.600366897842094	-0.924699694236117	-0.924699694236117	-0.924699694236117
TRINITY_GG_59050_c38_g1	-0.775267841513718	-0.775267841513718	-0.775267841513718	1.01258249267758	0.650728479837361	0.66249255202621
TRINITY_GG_68339_c0_g1	-0.796800554704226	-0.796800554704226	-0.796800554704226	1.22290135973832	0.422290503541971	0.745209800832383
TRINITY_GG_48183_c6_g1	0.300468715240053	1.55903970999019	0.981045233989055	-0.946851219739766	-0.946851219739766	-0.946851219739766
TRINITY_GG_83872_c0_g1	0.824419312040665	0.884175149373473	0.777327653777559	-0.828640705063899	-0.828640705063899	-0.828640705063899
TRINITY_GG_82846_c0_g2	0.853659863099947	1.59081640360233	1.53594262766958	-1.32680629812395	-1.32680629812395	-1.32680629812395
TRINITY_GG_7284_c3_g1	0.548052147702078	1.90058368794554	0.154483720813646	-0.86770651882042	-0.86770651882042	-0.86770651882042
TRINITY_GG_55266_c92_g1	0.272518847617913	0.566683497690942	1.90464398626101	-0.914615443856623	-0.914615443856623	-0.914615443856623
TRINITY_GG_57024_c6_g1	-0.757279837298743	-0.757279837298743	-0.757279837298743	0.757726079134986	0.591519122313364	0.92259431044788
TRINITY_GG_76042_c1_g1	0.737840543072389	1.02616510773022	0.773029971534689	-0.845678540779099	-0.845678540779099	-0.845678540779099
TRINITY_GG_103110_c0_g2	-0.0480873130036955	1.03530060122472	1.53186582490372	-0.839693037708247	-0.839693037708247	-0.839693037708247
TRINITY_GG_2479_c0_g1	1.89591652154484	0.558413709032376	2.49878873921251	-1.65103965659657	-1.65103965659657	-1.65103965659657
TRINITY_GG_91960_c2_g2	2.30833729535333	1.56814571352108	-0.290685426027613	-1.19526586094893	-1.19526586094893	-1.19526586094893
TRINITY_GG_61666_c8_g1	1.022949409561	1.5508658454298	0.978203713488029	-1.18400632282628	-1.18400632282628	-1.18400632282628
TRINITY_GG_25272_c1_g1	2.88711860296086	3.29016878305348	1.73909358733314	-2.63879365778249	-2.63879365778249	-2.63879365778249
TRINITY_GG_60154_c0_g2	1.32666198090728	1.62532183715506	1.85342547382227	-1.60180309729487	-1.60180309729487	-1.60180309729487
TRINITY_GG_4605_c0_g1	0.678393305333831	0.628358712840339	1.0942070731495	-0.800319697107891	-0.800319697107891	-0.800319697107891
TRINITY_GG_1997_c131_g1	-0.958173966976524	-0.958173966976524	-0.958173966976524	1.0935461494708	0.640191238347121	1.14078451311165
TRINITY_GG_86169_c0_g1	1.13208954088633	2.84535444462214	2.33943739493045	-2.10562712681297	-2.10562712681297	-2.10562712681297
TRINITY_GG_69823_c0_g1	-0.864735053988365	-0.864735053988365	-0.864735053988365	0.58310859037372	1.31413890418143	0.696957667409944
TRINITY_GG_61356_c88_g1	0.303431799019893	1.42560766557059	0.991831731686045	-0.906957065425509	-0.906957065425509	-0.906957065425509
TRINITY_GG_22244_c0_g2	2.07400436216837	1.84727807604973	2.63970871536845	-2.19510361092732	-2.19510361092732	-2.17078393173191
TRINITY_GG_4879_c2_g1	2.00671200728248	0.417489577164376	1.78187560895415	-1.65617423636232	-1.39164403460305	-1.15825892243564
TRINITY_GG_98664_c0_g1	-1.19219028336931	-1.19219028336931	-1.19219028336931	1.27977750429221	1.51776198733051	0.779031358485196
TRINITY_GG_55624_c13_g3	0.522726386592198	0.348422087171065	1.62402884819883	-0.831725773987363	-0.831725773987363	-0.831725773987363
TRINITY_GG_74692_c1_g1	0.747854864048567	1.10672892879903	0.588395684422304	-0.814326492423301	-0.814326492423301	-0.814326492423301
TRINITY_GG_98867_c0_g1	0.00155323045432576	1.0569199379869	1.48566417365015	-0.848045780697126	-0.848045780697126	-0.848045780697126
TRINITY_GG_9857_c7_g3	1.39137233901276	0.665854137602742	0.788633959089371	-0.948620145234959	-0.948620145234959	-0.948620145234959
TRINITY_GG_54472_c219_g1	-0.440243496524996	1.44565195545579	2.1615709224328	-1.05565979378787	-1.05565979378787	-1.05565979378787
TRINITY_GG_26550_c0_g1	0.991021994662232	1.06549545134079	0.763196163202364	-0.939904536401796	-0.939904536401796	-0.939904536401796
TRINITY_GG_15863_c1_g1	0.946311228354267	1.81939180425669	0.824591960220428	-1.12007616897963	-1.23510941192587	-1.23510941192587
TRINITY_GG_73418_c1_g2	-0.870160280383772	-0.870160280383772	-0.870160280383772	1.43814234058856	0.750895222915968	0.421443277646793
TRINITY_GG_97294_c0_g2	-1.00219317400312	-1.00219317400312	-1.00219317400312	0.91695618928455	0.86530797691927	1.22431535580555
TRINITY_GG_105269_c0_g1	1.54460594245353	0.791408214243333	0.275010000005248	-0.870341385567372	-0.870341385567372	-0.870341385567372
TRINITY_GG_70587_c0_g1	-1.34136193304887	-1.34136193304887	-1.34136193304887	1.10409993412949	1.1096513098951	1.81033455512203
TRINITY_GG_54137_c78_g2	0.986929739416485	2.79943909631743	2.41321874184119	-2.06652919252504	-2.06652919252504	-2.06652919252504
TRINITY_GG_7849_c42_g1	1.66139775836747	1.16431353192548	0.31531938505544	-1.04701022511613	-1.04701022511613	-1.04701022511613
TRINITY_GG_4122_c39_g1	1.01010870772123	0.604808219807674	0.830892760986194	-0.8152698961717	-0.8152698961717	-0.8152698961717
TRINITY_GG_54423_c53_g1	-0.773660720492182	-0.773660720492182	-0.773660720492182	1.08511602481601	0.837039341642583	0.398826795017952
TRINITY_GG_1859_c0_g3	1.30099429392036	0.809964342063776	1.25759964605009	-1.12285276067807	-1.12285276067807	-1.12285276067807
TRINITY_GG_15247_c0_g2	-1.39726187665747	-1.39726187665747	-1.39726187665747	0.984851983276458	1.90797908929702	1.29895455739893
TRINITY_GG_54614_c85_g1	1.02836858637539	1.05864601405356	1.79193234471872	-1.29298231504922	-1.29298231504922	-1.29298231504922
TRINITY_GG_19436_c14_g1	0.340385329638632	0.33175010481062	1.99731761673412	-0.88981768372779	-0.88981768372779	-0.88981768372779
TRINITY_GG_104208_c0_g1	0.433642921995011	1.64730361723155	1.13732118937077	-1.07275590953244	-1.07275590953244	-1.07275590953244
TRINITY_GG_75889_c1_g1	1.10193691889909	-0.229942019620908	2.05289760669634	-0.974964168658173	-0.974964168658173	-0.974964168658173
TRINITY_GG_56989_c0_g2	0.514991838895701	1.38917267725431	0.897562820598272	-0.933909112249427	-0.933909112249427	-0.933909112249427
TRINITY_GG_54389_c0_g1	0.540207277600894	1.82232620856526	1.69226868413748	-1.35160072343455	-1.35160072343455	-1.35160072343455
TRINITY_GG_5151_c15_g4	0.49190689310207	1.41485523370253	1.17312261083573	-1.02662824588011	-1.02662824588011	-1.02662824588011
TRINITY_GG_9834_c27_g1	0.428068510393643	2.32292581486793	0.813873234547573	-1.18828918660305	-1.18828918660305	-1.18828918660305
TRINITY_GG_7659_c51_g1	-0.338701561557792	1.14850916611382	1.96406901099315	-0.924625538516393	-0.924625538516393	-0.924625538516393
TRINITY_GG_88549_c0_g1	-0.978829802115951	-0.978829802115951	-0.978829802115951	1.45145547086183	0.465307154471641	1.01972678101438
TRINITY_GG_91791_c0_g1	-0.92874474606346	-0.92874474606346	-0.92874474606346	-0.142148384172653	1.0276836870599	1.90069893530313
TRINITY_GG_58923_c199_g1	-0.800593277149066	-0.800593277149066	-0.800593277149066	1.10552767584803	1.10552767584803	0.190724479751133
TRINITY_GG_5343_c1_g3	1.21339555996603	0.664514504900125	0.877659291823465	-0.918523118896539	-0.918523118896539	-0.918523118896539
TRINITY_GG_5643_c16_g3	-1.23053416506729	-1.23053416506729	-1.23053416506729	1.0249665680811	1.32282633826804	1.34380958885273
TRINITY_GG_18895_c0_g2	0.324113424519432	0.579489248721596	1.72519344715276	-0.876265373464595	-0.876265373464595	-0.876265373464595
TRINITY_GG_76395_c0_g1	0.270988482073413	1.09421032095183	1.82038911697098	-1.06186263999874	-1.06186263999874	-1.06186263999874
TRINITY_GG_54584_c88_g1	0.836177401115997	0.27468477724269	1.4161736489438	-0.842345275767497	-0.842345275767497	-0.842345275767497
TRINITY_GG_67167_c2_g1	0.965132165905318	0.427099044600964	1.08843945438319	-0.826890221629823	-0.826890221629823	-0.826890221629823
TRINITY_GG_76717_c18_g1	-0.78597572297872	-0.78597572297872	-0.78597572297872	0.773271337483194	1.165239041442	0.419416790010965
TRINITY_GG_55274_c0_g1	-1.26011902310945	-1.59757204150239	-1.09796024315581	0.7372313984766	1.64359149397218	1.57482841531887
TRINITY_GG_99295_c21_g1	0.814312017360359	0.380235972999956	1.26211201668062	-0.818886669013645	-0.818886669013645	-0.818886669013645
TRINITY_GG_8201_c14_g1	0.669144190666143	2.53872351120697	1.25583085656519	-1.48789951947944	-1.48789951947944	-1.48789951947944
TRINITY_GG_29114_c0_g1	1.55019404520812	0.869800540840812	1.00938231476145	-1.14312563360346	-1.14312563360346	-1.14312563360346
TRINITY_GG_10458_c0_g1	1.13399721820784	0.572963731539593	0.596689086785035	-0.767883345510821	-0.767883345510821	-0.767883345510821
TRINITY_GG_63475_c0_g2	-0.909414259021963	-0.909414259021963	-0.909414259021963	0.629620443948791	1.19492240079277	0.903699932324326
TRINITY_GG_77580_c2_g1	1.90726312576216	1.23881637865739	0.294592733582097	-1.14689074600055	-1.14689074600055	-1.14689074600055
TRINITY_GG_65447_c0_g1	1.52218298794384	0.212761306094818	2.58795075809486	-1.44236817605187	-1.48501251346037	-1.39551436262127
TRINITY_GG_30382_c1_g1	-1.04325655827906	-1.04325655827906	-1.04325655827906	1.63278512910068	0.345208539004095	1.1517760067324
TRINITY_GG_68346_c0_g1	-1.56894941821705	-1.56894941821705	-1.56894941821705	0.828032041274816	1.9537341082659	1.92508210511045
TRINITY_GG_105710_c1_g1	-1.80269886650869	-1.59355746867009	-1.80269886650869	0.515184016320728	3.42953976349275	1.25423142187399
TRINITY_GG_8818_c13_g1	-0.805241171097397	-0.805241171097397	-0.805241171097397	0.973387954798171	1.11467091757991	0.32766464091411
TRINITY_GG_72448_c0_g1	0.711020343382672	0.0609555870336006	1.95108857637708	-0.907688168931116	-0.907688168931116	-0.907688168931116
TRINITY_GG_5848_c32_g1	0.40853729806935	1.57392260343515	0.776714290115691	-0.919724730540063	-0.919724730540063	-0.919724730540063
TRINITY_GG_11159_c7_g2	-1.36557507529337	-1.36557507529337	-1.36557507529337	1.54515758660955	1.15798688076365	1.39358075850691
TRINITY_GG_64694_c0_g1	3.67311767355045	-1.82598664281621	4.57222284776741	-1.97503824550811	-2.10631543113488	-2.33800020185866
TRINITY_GG_50082_c2_g1	-0.982616109326194	-0.982616109326194	-0.982616109326194	0.0116015380797998	1.30721835585132	1.62902843404747
TRINITY_GG_59486_c14_g1	2.01476422950429	1.74342666865777	-0.591830881901595	-1.05545333875349	-1.05545333875349	-1.05545333875349
TRINITY_GG_7334_c34_g1	0.752072557987267	0.407214155837458	1.85172215024964	-1.00366962135812	-1.00366962135812	-1.00366962135812
TRINITY_GG_98593_c0_g1	0.346232662575675	1.0889785032102	0.922834241382415	-0.786015135722764	-0.786015135722764	-0.786015135722764
TRINITY_GG_60100_c2_g2	-0.854497591936835	-0.854497591936835	-0.854497591936835	1.31318146992452	1.01734605657248	0.232965249313505
TRINITY_GG_6138_c59_g1	-0.928735700281046	-2.3878817651697	-1.88701344174136	1.22251244321285	1.9605650401951	2.02055342378415
TRINITY_GG_31861_c0_g1	2.47113534440966	2.24086245584296	1.91951567154933	-2.27968551226362	-2.2356411795576	-2.11618677998074
TRINITY_GG_10454_c0_g4	0.648920196625847	1.29316637675969	1.01771956111619	-0.986602044833907	-0.986602044833907	-0.986602044833907
TRINITY_GG_5637_c4_g1	-1.37840785818051	-1.37840785818051	-1.37840785818051	2.80888482326409	-1.02339159396096	2.34973034523841
TRINITY_GG_63353_c3_g3	0.31746374060966	1.21808574726447	1.67083671369692	-1.06879540052369	-1.06879540052369	-1.06879540052369
TRINITY_GG_82716_c1_g1	1.05493568237481	1.56295003500011	0.972010097325399	-1.19663193823344	-1.19663193823344	-1.19663193823344
TRINITY_GG_42344_c0_g1	-1.38836312099281	-1.38836312099281	-1.38836312099281	0.828246947749627	2.11828959439643	1.21855282083239
TRINITY_GG_88304_c0_g1	1.67272403047525	0.373467761901815	0.573541223513076	-0.873244338630046	-0.873244338630046	-0.873244338630046
TRINITY_GG_1035_c19_g2	0.424687983899333	1.95900063158166	0.933958044528595	-1.1058822200032	-1.1058822200032	-1.1058822200032
TRINITY_GG_77853_c2_g1	0.947643626484292	0.841962079526274	0.570129013198895	-0.786578239736487	-0.786578239736487	-0.786578239736487
TRINITY_GG_14734_c1_g1	1.28958118356229	1.17655167827671	0.802322785316829	-1.08948521571861	-1.08948521571861	-1.08948521571861
TRINITY_GG_16660_c0_g1	2.61387557400618	4.35464287682565	-0.935736877091543	-2.01092719124676	-2.01092719124676	-2.01092719124676
TRINITY_GG_87796_c0_g2	1.5013456393492	0.873818346121586	0.864852837987959	-1.08000560781958	-1.08000560781958	-1.08000560781958
TRINITY_GG_10202_c22_g1	-1.21390145660896	-1.21390145660896	-1.21390145660896	2.27075229112461	0.638496963677594	0.732455115024675
TRINITY_GG_651_c15_g1	1.2364027754267	0.349426290161695	0.784300549042911	-0.790043204877102	-0.790043204877102	-0.790043204877102
TRINITY_GG_43392_c0_g1	-0.898723225262787	-0.898723225262787	-0.898723225262787	1.15299689118454	1.53423618201332	0.00893660259050222
TRINITY_GG_22351_c19_g1	2.0786914587183	1.10959246305865	0.74640657103376	-1.31156349760357	-1.31156349760357	-1.31156349760357
TRINITY_GG_100607_c1_g1	2.28390996012009	2.61928109444733	0.800154560476689	-1.9611696908042	-1.93144686281905	-1.81072906142086
TRINITY_GG_60583_c12_g2	-1.09584957193008	-1.09584957193008	-1.09584957193008	1.31801526116787	1.70137097299382	0.268162481628539
TRINITY_GG_62834_c4_g1	-0.829879784264868	-0.829879784264868	-0.829879784264868	0.591276176397356	1.67930931546419	0.219053860933055
TRINITY_GG_53_c31_g1	-0.0796918958954276	1.39423929243698	2.23955086542765	-1.1846994206564	-1.1846994206564	-1.1846994206564
TRINITY_GG_78731_c2_g1	0.763471803887516	1.19986023472353	0.551342099169284	-0.838224712593442	-0.838224712593442	-0.838224712593442
TRINITY_GG_5768_c0_g1	0.892101321224295	2.99485092398771	3.31851139154849	-2.48277192590569	-2.41015125374061	-2.31254045711419
TRINITY_GG_6413_c56_g1	-0.958377101318655	-0.958377101318655	-0.958377101318655	1.66338175539108	0.471908171659126	0.739841376905759
TRINITY_GG_61517_c1_g1	-1.2022186865545	-1.2022186865545	-1.2022186865545	1.83709520702312	0.0535841500482184	1.71597670259216
TRINITY_GG_2980_c11_g1	-0.97461105843936	-0.97461105843936	-0.97461105843936	0.063122569007155	1.17106639675628	1.68964420955465
TRINITY_GG_99855_c7_g2	-0.878666213840599	-0.878666213840599	-0.878666213840599	0.570234737304529	1.21150973594961	0.854254168267659
TRINITY_GG_33576_c0_g1	0.291721552279994	0.947767151062633	1.38356466765751	-0.874351123666711	-0.874351123666711	-0.874351123666711
TRINITY_GG_59103_c10_g2	-1.45064390282905	-1.45064390282905	-1.45064390282905	1.14772130249459	2.11507511712312	1.08913528886944
TRINITY_GG_59486_c21_g2	-0.797893165225529	-0.797893165225529	-0.797893165225529	0.37651325330422	0.620026842586436	1.39713939978593
TRINITY_GG_102466_c0_g1	2.25655346136963	2.61404298448571	-0.746943982866598	-1.37455082099625	-1.37455082099625	-1.37455082099625
TRINITY_GG_54249_c2_g1	0.471830114054824	1.60077444633948	1.32838809899875	-1.13366421979768	-1.13366421979768	-1.13366421979768
TRINITY_GG_5359_c10_g1	-0.876891739750769	-0.876891739750769	-0.876891739750769	1.47558431929956	0.994951908758549	0.160138991194198
TRINITY_GG_19489_c0_g3	0.848312023177583	2.19723164488472	0.332006765794752	-1.12585014461902	-1.12585014461902	-1.12585014461902
TRINITY_GG_9014_c8_g1	1.78427776574019	1.82595238374506	0.297287851720369	-1.30250600040187	-1.30250600040187	-1.30250600040187
TRINITY_GG_58905_c3_g1	1.04224950475703	1.1641576788279	0.431153294562881	-0.87918682604927	-0.87918682604927	-0.87918682604927
TRINITY_GG_89686_c0_g1	1.39604270262969	1.60550944444289	0.385611741073553	-1.14745318079609	-1.09225752655396	-1.14745318079609
TRINITY_GG_63388_c2_g1	-1.02949582377449	-1.02949582377449	-1.02949582377449	1.06609108422323	0.674490780088939	1.3479056070113
TRINITY_GG_64764_c8_g1	-1.94028986107161	-1.94028986107161	-1.94028986107161	2.24724037272802	1.4981360743175	2.07549313616932
TRINITY_GG_58595_c57_g1	0.450758187276592	2.16082736271273	0.687364467832741	-1.09965000594069	-1.09965000594069	-1.09965000594069
TRINITY_GG_73517_c0_g1	1.43694228551197	1.37553220075981	1.02767134040711	-1.28004860889297	-1.28004860889297	-1.28004860889297
TRINITY_GG_11842_c0_g1	1.32770085575032	1.09002145651267	0.827755258919016	-1.08182585706067	-1.08182585706067	-1.08182585706067
TRINITY_GG_728_c153_g1	0.566201539744133	1.49986223650326	0.467982936106947	-0.844682237451448	-0.844682237451448	-0.844682237451448
TRINITY_GG_637_c70_g1	0.729611658905772	0.645182877745066	0.969256244463985	-0.781350260371607	-0.781350260371607	-0.781350260371607
TRINITY_GG_34088_c1_g1	1.2600807115635	1.03659319319784	0.933647877924548	-1.07677392756196	-1.07677392756196	-1.07677392756196
TRINITY_GG_51985_c1_g1	-0.84218380236524	-0.84218380236524	-0.84218380236524	0.723900688150227	1.10977692641589	0.692873792529602
TRINITY_GG_98033_c0_g1	-1.28292878609607	-1.28292878609607	-1.28292878609607	2.17466550576034	0.679064891324184	0.995055961203694
TRINITY_GG_55079_c69_g1	-0.870867649292312	-0.870867649292312	-0.870867649292312	1.21591611684975	0.786772355915512	0.609914475111668
TRINITY_GG_25711_c1_g1	-0.884895337691794	-0.884895337691794	-0.884895337691794	0.782769752359611	1.46050103769947	0.411415223016298
TRINITY_GG_36865_c0_g2	1.70061870668057	0.12446113498264	0.859575019803307	-0.894884953822172	-0.894884953822172	-0.894884953822172
TRINITY_GG_64766_c1_g1	-1.04360012457306	-1.04360012457306	-1.04360012457306	2.11893219366839	0.119254403617448	0.892613776433346
TRINITY_GG_23407_c0_g1	0.626174516381376	1.32212032047176	0.881654889878886	-0.94331657557734	-0.94331657557734	-0.94331657557734
TRINITY_GG_4216_c0_g2	0.417066621687007	1.07650849674227	1.40903238946196	-0.967535835963747	-0.967535835963747	-0.967535835963747
TRINITY_GG_63456_c60_g1	-1.00168560319025	-1.00168560319025	-1.00168560319025	1.08203836320275	0.816346871467841	1.10667157490016
TRINITY_GG_55600_c5_g1	2.63479138308087	0.821338883450834	0.0581583754225616	-1.17142954731809	-1.17142954731809	-1.17142954731809
TRINITY_GG_90205_c2_g3	-0.047320587975326	1.99655504259376	1.24435517940421	-1.06452987800755	-1.06452987800755	-1.06452987800755
TRINITY_GG_38846_c0_g2	0.160098837920067	1.7996112651231	2.74440799345341	-1.56803936549886	-1.56803936549886	-1.56803936549886
TRINITY_GG_92079_c0_g1	2.15656277847832	2.28408036942679	1.54597534261923	-1.99553949684145	-1.99553949684145	-1.99553949684145
TRINITY_GG_41243_c0_g1	0.368847635709665	0.904771537689721	1.25100451280783	-0.841541228735738	-0.841541228735738	-0.841541228735738
TRINITY_GG_104517_c0_g1	1.73952441576124	2.38110862872524	0.0332817447373526	-1.38463826307461	-1.38463826307461	-1.38463826307461
TRINITY_GG_53508_c0_g1	0.919200080749355	1.37336770162492	0.749416735258936	-1.01399483921107	-1.01399483921107	-1.01399483921107
TRINITY_GG_81178_c0_g2	-0.173238874571071	1.43559822500674	1.5488666499504	-0.937075333462022	-0.937075333462022	-0.937075333462022
TRINITY_GG_28669_c0_g1	1.68879018598809	1.35086113049673	2.32273430419445	-1.78746187355975	-1.78746187355975	-1.78746187355975
TRINITY_GG_57036_c112_g2	0.488977097947812	1.45005405431348	1.01929220274162	-0.986107785000971	-0.986107785000971	-0.986107785000971
TRINITY_GG_56792_c16_g1	1.64476420128501	1.67750032025711	0.120759664796757	-1.14767472877963	-1.14767472877963	-1.14767472877963
TRINITY_GG_2208_c169_g1	0.339068729447644	0.814968852312292	1.67340590999706	-0.942481163918998	-0.942481163918998	-0.942481163918998
TRINITY_GG_63211_c9_g1	-0.973047946057622	-0.973047946057622	-0.973047946057622	0.326196711738451	1.87133770694495	0.721609419489464
TRINITY_GG_2371_c1_g2	-1.81400228491036	-1.59987747955751	-1.81400228491036	1.37138856823613	3.05507946878958	0.801414012352514
TRINITY_GG_77468_c0_g1	-1.75108586180433	-1.75108586180433	-1.75108586180433	3.0604365458392	-0.614238257611451	2.80705929718525
TRINITY_GG_70880_c1_g1	-0.980892078884247	-0.980892078884247	-0.980892078884247	1.27732531065177	1.09189973922245	0.573451186778517
TRINITY_GG_6328_c30_g1	-0.771410203315391	-0.771410203315391	-0.771410203315391	0.399796624102752	1.27333361790901	0.641100367934414
TRINITY_GG_8125_c0_g2	1.02240652111986	1.46078058258593	0.229868928894029	-0.904352010866605	-0.904352010866605	-0.904352010866605
TRINITY_GG_59325_c77_g1	0.909462160759494	0.559177622122615	1.08810608792944	-0.85224862360385	-0.85224862360385	-0.85224862360385
TRINITY_GG_41992_c11_g2	0.385433365995212	1.24633997466078	1.4020491255103	-1.01127415538876	-1.01127415538876	-1.01127415538876
TRINITY_GG_12279_c0_g1	1.94893746116749	1.18398466457967	2.09473235854882	-1.84599820163604	-1.53565808102389	-1.84599820163604
TRINITY_GG_81868_c0_g1	-1.00554762823043	-1.00554762823043	-1.00554762823043	1.79146534960571	0.439119438611473	0.786058096474118
TRINITY_GG_55235_c23_g3	1.6524357252122	1.11387874177295	0.388338168968547	-1.05155087865123	-1.05155087865123	-1.05155087865123
TRINITY_GG_12061_c1_g1	-0.803932142426344	-0.803932142426344	-0.803932142426344	0.753355399851964	0.953944517321553	0.704496510105514
TRINITY_GG_77465_c0_g1	-2.07920508470646	-1.83067024856778	-2.07920508470646	-0.219633027889212	2.70304620111315	3.50566724475676
TRINITY_GG_48277_c1_g1	-1.09947889592491	-1.09947889592491	-1.09947889592491	0.890749897501103	0.752919524361644	1.65476726591198
TRINITY_GG_994_c28_g2	-0.14070831632811	2.35986810241746	0.97640513997205	-1.06518830868713	-1.06518830868713	-1.06518830868713
TRINITY_GG_3985_c3_g1	1.27439314931928	0.458351666338062	1.14757969807144	-0.960108171242929	-0.960108171242929	-0.960108171242929
TRINITY_GG_100462_c1_g1	1.28496254295773	2.61296310678551	-0.0509071060998343	-1.2823395145478	-1.2823395145478	-1.2823395145478
TRINITY_GG_18370_c1_g2	-0.960890797981007	-0.960890797981007	-0.960890797981007	1.16971065180956	1.21127665207227	0.501685090061198
TRINITY_GG_86402_c0_g1	0.904479066538282	1.4449323906189	2.30441520978654	-1.55127555564791	-1.55127555564791	-1.55127555564791
TRINITY_GG_6098_c18_g4	-0.842237371961942	-0.842237371961942	-0.842237371961942	1.59818334879483	0.110841580650565	0.817687186440436
TRINITY_GG_9468_c20_g1	1.75966596964071	0.587014473776986	1.4157802658973	-1.25415356977166	-1.25415356977166	-1.25415356977166
TRINITY_GG_22244_c0_g3	1.32276602569307	1.74507059859804	2.64904036744855	-2.22973401109894	-1.64477151037778	-1.84237147026295
TRINITY_GG_105918_c0_g1	1.53571573547091	1.90053056051683	2.65522537799605	-2.0304905579946	-2.0304905579946	-2.0304905579946
TRINITY_GG_92925_c1_g1	-1.32545396768439	-1.32545396768439	-1.32545396768439	1.04889002135411	1.30844217823469	1.61902970346436
TRINITY_GG_104518_c3_g1	1.34300517435715	2.62791672119118	1.11695120003423	-1.69595769852752	-1.69595769852752	-1.69595769852752
TRINITY_GG_103963_c0_g1	-0.994626892738522	-0.994626892738522	-0.994626892738522	1.10197231447572	1.02293875027585	0.858969613463991
TRINITY_GG_60784_c38_g1	-0.235315409946237	1.50213100243501	1.98312135701479	-1.08331231650119	-1.08331231650119	-1.08331231650119
TRINITY_GG_80813_c0_g1	1.58405033638233	1.72598125352816	2.60968002777745	-1.97323720589598	-1.97323720589598	-1.97323720589598
TRINITY_GG_55904_c28_g1	0.654033642684005	0.689286299545982	1.0712998502706	-0.804873264166862	-0.804873264166862	-0.804873264166862
TRINITY_GG_6979_c12_g1	2.01291796094761	-0.432119742130965	1.83017690094531	-1.13699170658732	-1.13699170658732	-1.13699170658732
TRINITY_GG_77012_c72_g1	1.84900532373381	0.178625060313955	0.655898548901019	-0.894509644316261	-0.894509644316261	-0.894509644316261
TRINITY_GG_65787_c0_g1	1.40370287312102	2.12227882638599	1.08754124123282	-0.895296384883992	-2.15343416003902	-1.56479239581682
TRINITY_GG_92777_c0_g2	-0.87159933821073	-0.87159933821073	-0.87159933821073	0.47209273096829	1.26885213874293	0.873853144920968
TRINITY_GG_106249_c0_g1	0.197087969353214	1.41465128144139	0.908089033980658	-0.839942761591753	-0.839942761591753	-0.839942761591753
TRINITY_GG_56134_c7_g2	1.61012530756819	0.654633010493853	1.03472257133283	-1.09982696313163	-1.09982696313163	-1.09982696313163
TRINITY_GG_2876_c8_g1	-0.891314721479007	-0.891314721479007	-0.891314721479007	0.695570091373177	1.34011768696896	0.638256386094887
TRINITY_GG_91577_c0_g1	-1.23470343156979	-1.23470343156979	-1.23470343156979	0.0906829830899796	2.15458803043718	1.45883928118222
TRINITY_GG_11768_c17_g2	0.873898219759942	0.563168630182922	0.854764671749625	-0.763943840564163	-0.763943840564163	-0.763943840564163
TRINITY_GG_1541_c101_g1	-0.932570510221909	-0.932570510221909	-0.932570510221909	0.951050306063762	1.964476252014	-0.117815027412035
TRINITY_GG_41880_c2_g1	0.836484677391759	2.01157138394985	1.81036429250403	-1.55280678461521	-1.55280678461521	-1.55280678461521
TRINITY_GG_1928_c11_g1	0.175002433042345	1.19878081864215	1.26262878027585	-0.878804010653448	-0.878804010653448	-0.878804010653448
TRINITY_GG_67198_c0_g1	0.945876566643869	2.58957192003586	-0.430808628918286	-1.03487995258715	-1.03487995258715	-1.03487995258715
TRINITY_GG_7113_c5_g1	0.38824589265448	0.800984275843735	1.63254154622697	-0.94059057157506	-0.94059057157506	-0.94059057157506
TRINITY_GG_88854_c0_g1	1.87682601613264	2.0078452829957	0.695471905709499	-1.52671440161261	-1.52671440161261	-1.52671440161261
TRINITY_GG_105106_c0_g1	0.106040431910599	3.3524531013305	4.6702831544594	-2.93226195627042	-2.74081962540968	-2.4556951060204
TRINITY_GG_994_c200_g1	-1.40830297654479	-1.40830297654479	-1.40830297654479	1.73018386773002	0.744529428144631	1.75019563375972
TRINITY_GG_18465_c0_g1	1.02421426495755	1.25493535099823	0.904481557929582	-1.06121039129512	-1.06121039129512	-1.06121039129512
TRINITY_GG_54744_c104_g1	-0.862398486537124	-0.862398486537124	-0.862398486537124	1.22064464216468	0.231837583308642	1.13471323413805
TRINITY_GG_58677_c4_g2	-0.791663039708358	-0.791663039708358	-0.791663039708358	0.794741435186705	1.17845435789714	0.401793326041228
TRINITY_GG_104405_c0_g1	1.69876192987457	1.86417219391315	0.398818353003015	-1.32058415893025	-1.32058415893025	-1.32058415893025
TRINITY_GG_13491_c41_g1	0.533486692950425	1.8560501963664	0.347183141881856	-0.912240010399559	-0.912240010399559	-0.912240010399559
TRINITY_GG_226_c78_g1	-0.840435287200437	-0.840435287200437	-0.840435287200437	1.23132738209965	0.848863873335454	0.441114606166204
TRINITY_GG_29326_c0_g1	-0.778589763600273	-0.778589763600273	-0.778589763600273	0.9337859092804	0.516545485400545	0.885437896119874
TRINITY_GG_85473_c0_g3	1.26638634131225	1.03778543254233	0.256729489056669	-0.853633754303749	-0.853633754303749	-0.853633754303749
TRINITY_GG_14297_c1_g1	1.11664386155489	0.311411590749588	1.30241314106198	-0.910156197788822	-0.910156197788822	-0.910156197788822
TRINITY_GG_31861_c1_g1	2.29511510506924	2.61014376165601	2.4531700528453	-2.48624460845542	-2.48624460845542	-2.38593970265973
TRINITY_GG_18201_c15_g1	1.11038054833437	-0.0441876311735565	1.46860384817019	-0.844932255110334	-0.844932255110334	-0.844932255110334
TRINITY_GG_74975_c3_g1	-1.27765946561792	-1.27765946561792	-1.27765946561792	1.16435509994197	1.1691260965252	1.49949720038658
TRINITY_GG_78694_c2_g1	-1.01286526408077	-1.01286526408077	-1.01286526408077	1.65047935528532	1.30877426294067	0.0793421740163203
TRINITY_GG_28306_c0_g2	-1.03761413406095	-1.03761413406095	-1.03761413406095	1.35799711444285	2.01340986896351	-0.258564581223496
TRINITY_GG_53863_c85_g1	0.879962977999352	1.12791127730961	0.959482071792777	-0.989118775700579	-0.989118775700579	-0.989118775700579
TRINITY_GG_94466_c0_g1	2.6954789784738	1.06348143625769	1.60779053735511	-1.78891698402887	-1.78891698402887	-1.78891698402887
TRINITY_GG_24219_c0_g1	-0.935616196697285	-0.935616196697285	-0.935616196697285	-0.297774136373181	1.81434706147198	1.29027566499306
TRINITY_GG_95659_c0_g1	1.23577608595586	2.87397847496351	0.307478889275195	-1.47241115006485	-1.47241115006485	-1.47241115006485
TRINITY_GG_7334_c27_g1	1.03501518841264	0.546774111852337	1.73844437643881	-1.10674455890126	-1.10674455890126	-1.10674455890126
TRINITY_GG_8826_c0_g1	-1.42066464875652	-1.72022493061543	-0.863326395743716	1.29045045137804	1.38027986760828	1.33348565612934
TRINITY_GG_53871_c45_g1	-1.69889971335866	-1.69889971335866	-1.69889971335866	1.48315689565159	1.70967629428389	1.90386595014048
TRINITY_GG_79125_c1_g1	-0.833657891834197	-0.833657891834197	-0.833657891834197	0.766135960288045	1.46147735716662	0.273360358047924
TRINITY_GG_57257_c11_g1	0.201253709874481	2.5034611581664	0.0941868216175743	-0.932967229886153	-0.932967229886153	-0.932967229886153
TRINITY_GG_45765_c0_g1	-0.811264811726808	-0.811264811726808	-0.811264811726808	1.25154768067821	0.889174906414284	0.293071848087927
TRINITY_GG_11150_c27_g1	-1.01875399127007	-1.01875399127007	-1.01875399127007	-0.0347115651730419	1.25952818826267	1.83144535072057
TRINITY_GG_5151_c20_g2	1.65951363064711	1.1189005013729	-0.102776119878965	-0.891879337380346	-0.891879337380346	-0.891879337380346
TRINITY_GG_63973_c75_g1	-1.06068671789894	-1.06068671789894	-1.06068671789894	2.19088090270931	0.467384446679796	0.523794804307714
TRINITY_GG_62816_c51_g1	0.645572518012398	0.464674325528609	1.18080104247631	-0.76368262867244	-0.76368262867244	-0.76368262867244
TRINITY_GG_39897_c0_g1	-2.18977520734195	-1.7536133680275	-1.52893783964566	1.24811831913222	1.79727273963939	2.42693535624349
TRINITY_GG_19407_c13_g1	-1.20321753932769	-1.20321753932769	-1.20321753932769	1.18909988345107	1.93984929305037	0.480703441481633
TRINITY_GG_55795_c33_g1	-1.78841725476502	-1.78841725476502	-1.78841725476502	3.27836081957399	2.68374554878534	-0.596854604064268
TRINITY_GG_9863_c0_g1	-0.906098029511456	-0.906098029511456	-0.906098029511456	1.27500452124234	0.0684312829724257	1.3748582843196
TRINITY_GG_64314_c0_g2	0.71072653550458	1.42588321915615	0.800449954306193	-0.979019902988976	-0.979019902988976	-0.979019902988976
TRINITY_GG_32757_c0_g1	-0.535855699586262	2.50798431077141	2.21534713223672	-1.39582524780729	-1.39582524780729	-1.39582524780729
TRINITY_GG_64607_c7_g3	-0.218860671649837	1.93733163549135	1.41180368737748	-1.04342488373966	-1.04342488373966	-1.04342488373966
TRINITY_GG_60382_c11_g2	0.713163840627976	0.889694879734352	0.837358739247095	-0.813405819869808	-0.813405819869808	-0.813405819869808
TRINITY_GG_58886_c15_g1	1.43655212596069	1.28125162928105	0.646607887451905	-1.12147054756455	-1.12147054756455	-1.12147054756455
TRINITY_GG_3089_c34_g1	0.730687423251404	0.545985949408601	1.39864995973397	-0.891774444131326	-0.891774444131326	-0.891774444131326
TRINITY_GG_19181_c1_g1	1.28585836306263	1.22849898362035	0.770255909639776	-1.09487108544092	-1.09487108544092	-1.09487108544092
TRINITY_GG_1068_c0_g3	2.25867727847837	1.49649588304185	0.402094460263421	-1.38575587392788	-1.38575587392788	-1.38575587392788
TRINITY_GG_5455_c5_g4	1.94149523411306	1.00694957525767	0.78086254075735	-1.2431024500427	-1.2431024500427	-1.2431024500427
TRINITY_GG_6728_c31_g1	1.52160298500387	0.299475497106944	0.948908709704141	-0.923329063938317	-0.923329063938317	-0.923329063938317
TRINITY_GG_92_c32_g1	0.908438969413169	0.488835975688533	1.14335285879408	-0.846875934631929	-0.846875934631929	-0.846875934631929
TRINITY_GG_260_c20_g1	-0.753670537644482	-0.753670537644482	-0.753670537644482	0.896174814661529	0.794272773645868	0.570564024626049
TRINITY_GG_54727_c1_g2	-1.20409573509149	-1.20409573509149	-1.20409573509149	1.52164542141246	0.588759617270995	1.50188216659103
TRINITY_GG_47815_c0_g1	-1.24384712980683	-1.24384712980683	-1.24384712980683	0.885106090579173	1.31270490644438	1.53373039239694
TRINITY_GG_63700_c15_g1	0.917100791426233	0.826640523151747	0.528338265824099	-0.757359860134026	-0.757359860134026	-0.757359860134026
TRINITY_GG_58683_c27_g1	-1.08827287405721	-1.08827287405721	-1.08827287405721	-0.48515100421721	2.04726199570398	1.70270763068485
TRINITY_GG_59537_c0_g1	1.38343440406353	1.7674948101816	1.74479366085019	-1.67730475379415	-1.54111336750701	-1.67730475379415
TRINITY_GG_64044_c8_g1	1.60112098218767	1.05761057576078	0.0798934335895809	-0.912874997179343	-0.912874997179343	-0.912874997179343
TRINITY_GG_58977_c4_g1	-1.60712732067324	-1.60712732067324	-1.60712732067324	1.9673375409103	0.75155025064199	2.10249417046743
TRINITY_GG_93938_c0_g1	-1.05884201530032	-1.05884201530032	-1.05884201530032	1.32686510935761	0.254984281090076	1.59467665545328
TRINITY_GG_60038_c3_g1	0.897099138774596	0.382719715978599	1.05090955477469	-0.776909469842629	-0.776909469842629	-0.776909469842629
TRINITY_GG_51510_c0_g1	1.24881989181709	1.3099557946313	2.00090560919179	-1.51989376521339	-1.51989376521339	-1.51989376521339
TRINITY_GG_66741_c1_g1	-1.41489050239762	-1.41489050239762	-1.41489050239762	1.88332790005451	1.08514666858407	1.27619693855428
TRINITY_GG_2742_c5_g1	-0.990017861010781	-0.990017861010781	-0.990017861010781	-0.0526734688605488	0.980467711929341	2.04225933996355
TRINITY_GG_86142_c0_g1	0.362640372027801	0.742605104393019	1.39287620246244	-0.832707226294418	-0.832707226294418	-0.832707226294418
TRINITY_GG_58739_c3_g3	1.16929033287698	1.21358382132541	0.879381149919804	-1.0874184347074	-1.0874184347074	-1.0874184347074
TRINITY_GG_54231_c15_g1	1.73110062905506	1.0345936464332	0.0826520635032026	-0.949448779663821	-0.949448779663821	-0.949448779663821
TRINITY_GG_68278_c6_g1	1.34567824046892	1.07119949070907	0.388956488908399	-0.935278073362132	-0.935278073362132	-0.935278073362132
TRINITY_GG_809_c0_g1	0.576563116352718	3.76304190995182	-0.653417008560557	-1.22872933924799	-1.22872933924799	-1.22872933924799
TRINITY_GG_79422_c2_g1	0.814281198663545	1.87064674316889	1.33850475741852	-1.34114423308365	-1.34114423308365	-1.34114423308365
TRINITY_GG_5455_c5_g3	2.09270972925878	1.69066139161776	0.0250676452025016	-1.26947958869301	-1.26947958869301	-1.26947958869301
TRINITY_GG_59381_c75_g1	-1.79932439504644	-1.79932439504644	-1.79932439504644	1.67809389758849	1.63763694278717	2.08224234476365
TRINITY_GG_59266_c1_g2	1.87727542224721	0.2334876352813	1.20789655897338	-1.1062198721673	-1.1062198721673	-1.1062198721673
TRINITY_GG_19483_c13_g1	0.126883505417991	0.833971071372728	1.50878018947637	-0.823211588755695	-0.823211588755695	-0.823211588755695
TRINITY_GG_87988_c0_g2	-0.80777620452462	-0.80777620452462	-0.80777620452462	1.32874332802594	0.756358038933617	0.338227246614304
TRINITY_GG_76694_c70_g1	-1.18962921745203	-1.18962921745203	-1.18962921745203	1.07730720585076	1.31803858683812	1.17354185966721
TRINITY_GG_6058_c22_g1	-0.822899561935036	-0.822899561935036	-0.822899561935036	0.941786290587097	0.173489184512585	1.35342321070543
TRINITY_GG_34927_c0_g1	0.80612534907934	0.67043974857608	1.31292491714335	-0.929830004932924	-0.929830004932924	-0.929830004932924
TRINITY_GG_12079_c0_g2	0.713437779221851	1.20942901087748	0.847563613302751	-0.923476801134027	-0.923476801134027	-0.923476801134027
TRINITY_GG_43382_c0_g1	0.529956880392874	0.907088181789576	1.06512045731477	-0.834055173165741	-0.834055173165741	-0.834055173165741
TRINITY_GG_59282_c10_g1	-1.09450339382799	-1.09450339382799	-1.09450339382799	2.03246946242978	0.104619248185613	1.14642147086857
TRINITY_GG_74097_c2_g1	2.29915507842723	0.751868287569274	1.90235669743343	-1.65112668780998	-1.65112668780998	-1.65112668780998
TRINITY_GG_64044_c8_g2	1.13851207260029	0.653584361519058	0.841856307768364	-0.877984247295904	-0.877984247295904	-0.877984247295904
TRINITY_GG_5643_c16_g4	-1.13721584797016	-1.13721584797016	-1.13721584797016	1.69931427335924	1.50756337129279	0.204769899258454
TRINITY_GG_7803_c1_g1	-1.37696683337572	-1.37696683337572	-1.37696683337572	1.31412060757617	2.43203594156337	0.384743950987623
TRINITY_GG_58409_c1_g1	1.35681223706332	0.366985536448415	0.736648491566623	-0.82014875502612	-0.82014875502612	-0.82014875502612
TRINITY_GG_17727_c58_g1	-1.04098241930429	-1.04098241930429	-1.04098241930429	3.21731035993419	0.130224408113851	-0.22458751013517
TRINITY_GG_28308_c0_g2	-0.858292829557543	-0.858292829557543	-0.858292829557543	1.35271936392797	0.937058535609016	0.285100589135645
TRINITY_GG_6414_c24_g1	0.0987039209173524	2.19390486682317	2.84692543816342	-1.71317807530132	-1.71317807530132	-1.71317807530132
TRINITY_GG_37334_c0_g1	1.7529861190865	0.749083528482545	0.200215823901355	-0.900761823823466	-0.900761823823466	-0.900761823823466
TRINITY_GG_20420_c1_g1	-0.939703380112745	-0.939703380112745	-0.939703380112745	1.00777576585393	1.38366668894852	0.427667685535784
TRINITY_GG_106415_c1_g1	1.91323639383728	0.358903447141651	1.40459438421607	-1.225578075065	-1.225578075065	-1.225578075065
TRINITY_GG_35755_c0_g1	0.493221638919166	1.71184320259028	1.08456070268799	-1.09654184806581	-1.09654184806581	-1.09654184806581
TRINITY_GG_33682_c1_g1	0.22070657472906	1.47786441422619	0.91593160114884	-0.871500863368028	-0.871500863368028	-0.871500863368028
TRINITY_GG_59522_c3_g1	0.939441706286878	0.358503462124517	1.61477645887076	-0.970907209094051	-0.970907209094051	-0.970907209094051
TRINITY_GG_84808_c0_g1	0.934809022470505	0.941300349691363	1.76626587400564	-1.21412508205583	-1.21412508205583	-1.21412508205583
TRINITY_GG_4281_c0_g1	-0.974445531402212	-0.974445531402212	-0.974445531402212	1.3621235103669	1.01360286608098	0.547610217758752
TRINITY_GG_102243_c1_g1	1.12843677403634	0.692708865983517	0.668401740640906	-0.82984912688692	-0.82984912688692	-0.82984912688692
TRINITY_GG_64803_c1_g1	-1.03991789547722	-1.03991789547722	-1.03991789547722	1.08275482334692	0.704243200093192	1.33275566299154
TRINITY_GG_76952_c23_g1	0.740508252664794	0.59987003753652	1.3807312609312	-0.907036517044173	-0.907036517044173	-0.907036517044173
TRINITY_GG_48048_c0_g1	0.890242763158868	1.56044050525427	0.798871236123184	-1.08318483484544	-1.08318483484544	-1.08318483484544
TRINITY_GG_48297_c0_g1	3.09332498667751	3.008590417997	-1.13167890710997	-1.65674549918818	-1.65674549918818	-1.65674549918818
TRINITY_GG_1292_c0_g1	-1.48917218885184	-1.48917218885184	-1.48917218885184	1.84539608681429	1.74364203797112	0.87847844177012
TRINITY_GG_66477_c1_g1	0.352053562696337	1.33949341573452	1.28336854101719	-0.991638506482682	-0.991638506482682	-0.991638506482682
TRINITY_GG_54967_c39_g1	-0.917544144682119	-0.917544144682119	-0.917544144682119	1.21008913504375	0.893515803057961	0.649027495944641
TRINITY_GG_75555_c0_g2	1.54144750303203	1.91934613332583	3.26271858575435	-2.24117074070407	-2.24117074070407	-2.24117074070407
TRINITY_GG_13695_c4_g1	1.35893201007309	0.836113484016869	0.875330224311176	-1.02345857280038	-1.02345857280038	-1.02345857280038
TRINITY_GG_96956_c0_g1	-1.117654623023	-1.117654623023	-1.117654623023	1.46730787769815	1.06408403666565	0.821571954705205
TRINITY_GG_104518_c0_g1	2.59994025568399	3.00085612239866	1.88954136644399	-2.57342707387696	-2.47177699778253	-2.44513367286715
TRINITY_GG_18195_c22_g2	0.766137970293265	0.96812949923773	0.694707745576455	-0.809658405035817	-0.809658405035817	-0.809658405035817
TRINITY_GG_100588_c4_g1	0.475273001070888	1.08214624386658	0.798645476229962	-0.785354907055811	-0.785354907055811	-0.785354907055811
TRINITY_GG_16200_c1_g1	-0.796637035397227	-0.796637035397227	-0.796637035397227	0.913094724023464	0.469399858598091	1.00741652357013
TRINITY_GG_30585_c6_g1	0.207704831159229	2.6849766343544	0.160028830617393	-1.01757009871034	-1.01757009871034	-1.01757009871034
TRINITY_GG_20867_c2_g1	0.965420413396669	1.34628582572248	0.137999868284959	-0.816568702468035	-0.816568702468035	-0.816568702468035
TRINITY_GG_77802_c3_g1	0.20901253705148	1.47268199543559	0.865178062270483	-0.84895753158585	-0.84895753158585	-0.84895753158585
TRINITY_GG_61831_c2_g1	1.23042097267168	1.06631743051655	0.41466149807863	-0.903799967088953	-0.903799967088953	-0.903799967088953
TRINITY_GG_18422_c2_g2	-1.66822535234095	-1.66822535234095	-1.66822535234095	2.1711296273137	1.83002551518688	1.00352091452227
TRINITY_GG_54070_c80_g1	0.428111160842022	1.11836672049824	1.48726017155645	-1.01124601763223	-1.01124601763223	-1.01124601763223
TRINITY_GG_106262_c1_g1	-1.02941387183729	-1.02941387183729	-1.02941387183729	1.5608288362253	0.0375363720873363	1.48987640719924
TRINITY_GG_104844_c2_g1	-1.26385268006586	-1.26385268006586	-1.26385268006586	1.73596697178204	1.50591905918359	0.549672009231952
TRINITY_GG_27103_c0_g1	-0.819890247435205	-0.819890247435205	-0.819890247435205	0.772267754690155	0.744731805001776	0.942671182613684
TRINITY_GG_64505_c27_g1	0.71299345885537	0.482096705283758	1.08962696291019	-0.761572375683105	-0.761572375683105	-0.761572375683105
TRINITY_GG_48596_c0_g1	0.783636602165185	2.20294578345782	2.6154906158956	-1.86735766717287	-1.86735766717287	-1.86735766717287
TRINITY_GG_41798_c155_g1	1.79765830655264	0.574900636716581	0.391359144351491	-0.921306029206903	-0.921306029206903	-0.921306029206903
TRINITY_GG_1514_c9_g1	-0.87282953968672	-0.87282953968672	-0.87282953968672	1.38809940027016	0.538596706039745	0.69179251275026
TRINITY_GG_75640_c0_g1	-0.915141684375787	-0.915141684375787	-0.915141684375787	1.35867256021125	-0.160681710750308	1.54743420366642
TRINITY_GG_32984_c0_g1	-1.3195534609162	-1.3195534609162	-1.3195534609162	1.40705980989019	0.534442186260189	2.01715838659823
TRINITY_GG_54908_c51_g2	0.726678941512694	0.64760055411879	1.17307280581768	-0.849117433816387	-0.849117433816387	-0.849117433816387
TRINITY_GG_1427_c9_g1	-1.27447070484754	-1.32189920740765	-1.41086960857941	0.38156308787173	3.59775029970584	0.0279261332570295
TRINITY_GG_53014_c0_g2	-1.12207576611629	-1.12207576611629	-1.12207576611629	1.27161499807116	1.12888580741693	0.965726492860794
TRINITY_GG_59381_c5_g3	-1.02625845977738	-1.02625845977738	-1.02625845977738	1.03205803581344	1.0296312984189	1.01708604509979
TRINITY_GG_13027_c0_g1	0.103357466103547	1.3802439799634	1.15845343391348	-0.880684959993476	-0.880684959993476	-0.880684959993476
TRINITY_GG_66235_c1_g1	-1.2205886928399	-1.2205886928399	-1.2205886928399	0.400935750831563	1.30973180183814	1.95109852584998
TRINITY_GG_87029_c0_g1	0.196978287550341	0.583766310025011	2.64059753262169	-1.14044737673235	-1.14044737673235	-1.14044737673235
TRINITY_GG_14381_c0_g1	2.47392392460701	1.72770121496011	0.305419011433031	-1.50234805033339	-1.50234805033339	-1.50234805033339
TRINITY_GG_31381_c2_g1	-1.01757208967656	-1.01757208967656	-1.01757208967656	-0.14651701458993	1.14367066866595	2.05556261495366
TRINITY_GG_18808_c4_g1	-1.55331325898958	-1.55331325898958	-1.55331325898958	1.1802580119368	1.59350485987718	1.88617690515476
TRINITY_GG_2033_c2_g2	-1.21689443865213	-1.21689443865213	-1.21689443865213	0.878692469345595	1.23015571680506	1.54183512980573
TRINITY_GG_79785_c0_g1	-0.963310744812881	-0.963310744812881	-0.963310744812881	0.824121719703987	0.374685718702135	1.69112479603252
TRINITY_GG_54350_c0_g2	-1.28675119885524	-1.28675119885524	-1.28675119885524	1.69071191238423	1.01746776986112	1.15207391432038
TRINITY_GG_5275_c126_g1	-0.812968984529675	-0.812968984529675	-0.812968984529675	1.375748424673	0.237358569028749	0.825799959887274
TRINITY_GG_24461_c0_g1	1.28036094518865	1.00933214774043	1.62987851006153	-1.30652386766354	-1.30652386766354	-1.30652386766354
TRINITY_GG_9707_c18_g1	1.02466571781648	0.480508135134083	1.79843905141607	-1.09168078940358	-1.1216636556193	-1.09026845934376
TRINITY_GG_42699_c1_g1	-0.973236197082168	-0.973236197082168	-0.973236197082168	0.189618331108342	1.3639039828737	1.36618627726447
TRINITY_GG_1062_c37_g1	-0.955485591470283	-0.955485591470283	-0.955485591470283	0.770473643038904	1.847328006062	0.248655125309942
TRINITY_GG_8126_c0_g1	1.11178690372608	1.16559995016028	0.152703854475261	-0.810030236120541	-0.810030236120541	-0.810030236120541
TRINITY_GG_99855_c0_g2	-0.958383693837578	-1.00801446156218	-1.00801446156218	1.50041419096968	0.564390185828153	0.909608240164104
TRINITY_GG_26681_c0_g1	1.4439600420486	1.2465174976796	0.32830682181755	-1.00626145384858	-1.00626145384858	-1.00626145384858
TRINITY_GG_86526_c0_g1	-0.827718884235339	-0.827718884235339	-0.827718884235339	1.52898836870004	0.477376126431359	0.476792157574614
TRINITY_GG_64053_c7_g1	1.21096921350608	0.774593986847611	0.377198908519083	-0.787587369624256	-0.787587369624256	-0.787587369624256
TRINITY_GG_82407_c4_g1	-0.851959323957599	-0.851959323957599	-0.851959323957599	1.46852535406009	0.858654278425077	0.228698339387626
TRINITY_GG_6852_c2_g5	1.42971393333039	1.54511043828054	0.114328684309799	-1.02971768530691	-1.02971768530691	-1.02971768530691
TRINITY_GG_14340_c3_g1	2.21338349978448	2.34135890562365	-0.99123031828092	-1.18783736237574	-1.18783736237574	-1.18783736237574
TRINITY_GG_2124_c64_g1	-0.810759475674047	-0.810759475674047	-0.810759475674047	1.05674167524835	1.08531857972302	0.290218172050774
TRINITY_GG_6798_c2_g1	0.635078964386263	1.98919284298577	0.444782915523298	-1.02301824096511	-1.02301824096511	-1.02301824096511
TRINITY_GG_79004_c8_g1	-0.967838479804558	-0.967838479804558	-0.967838479804558	1.85346356008497	0.518618475964173	0.53143340336453
TRINITY_GG_63599_c89_g1	-0.9074797750036	-0.9074797750036	-0.9074797750036	1.05080612591966	1.07984109092565	0.591792108165488
TRINITY_GG_97865_c0_g1	-0.877882975140663	-0.877882975140663	-0.877882975140663	0.968911184332629	0.935231216205626	0.729506524883735
TRINITY_GG_103665_c3_g2	0.91374218136496	0.82122735728012	1.01700344907526	-0.917324329240112	-0.917324329240112	-0.917324329240112
TRINITY_GG_20129_c0_g1	1.70954183698063	0.663133221015187	0.255029387870881	-0.875901481955567	-0.875901481955567	-0.875901481955567
TRINITY_GG_15279_c0_g1	-0.874921898795923	-0.874921898795923	-0.874921898795923	1.69675491117501	0.395308008442075	0.532702776770686
TRINITY_GG_10784_c4_g1	0.516603060151084	0.697913068550424	1.80636055901628	-1.00695889590593	-1.00695889590593	-1.00695889590593
TRINITY_GG_57403_c5_g1	0.515554786964652	1.56647483132378	1.42576223347728	-1.16926395058857	-1.16926395058857	-1.16926395058857
TRINITY_GG_70531_c2_g1	-0.976878729636447	-0.976878729636447	-0.976878729636447	1.36823373449918	1.67296662266956	-0.1105641682594
TRINITY_GG_890_c13_g2	0.431934172432534	2.43848067238472	1.34519037965469	-1.40520174149065	-1.40520174149065	-1.40520174149065
TRINITY_GG_99855_c3_g1	-1.15337300816389	-1.15337300816389	-1.15337300816389	0.904597060473438	1.07128472595685	1.48423723806139
TRINITY_GG_105602_c0_g1	-1.11872189979239	-1.11872189979239	-1.11872189979239	1.53273168029163	1.63531041856365	0.188123600521893
TRINITY_GG_2725_c55_g1	-1.26584233731046	-1.26584233731046	-1.26584233731046	1.3424938130372	1.54870808615135	0.906325112742815
TRINITY_GG_24405_c7_g1	0.595002369287987	1.04281778728409	0.872843780422498	-0.836887978998193	-0.836887978998193	-0.836887978998193
TRINITY_GG_1514_c12_g1	0.219888695273385	2.55089517899288	1.60376575525149	-1.45818320983925	-1.45818320983925	-1.45818320983925
TRINITY_GG_18183_c13_g1	1.33962851163263	1.10240092958047	0.672122200906472	-1.03805054737319	-1.03805054737319	-1.03805054737319
TRINITY_GG_4588_c0_g1	1.42545576801665	1.99727567207007	0.699793557978369	-1.13245100317096	-1.54232095883899	-1.44775303605514
TRINITY_GG_65499_c0_g1	-0.771694050528724	-0.771694050528724	-0.771694050528724	1.27270006882973	0.628843879055005	0.413538203701437
TRINITY_GG_8804_c0_g1	-1.16977856155712	-1.16977856155712	-1.16977856155712	1.28334388503869	0.950573378808098	1.27541842082459
TRINITY_GG_104260_c1_g1	-1.34153982926978	-1.34153982926978	-1.34153982926978	1.46787461496612	1.49256457473173	1.06418029811147
TRINITY_GG_23884_c1_g1	-0.950841044776837	-0.950841044776837	-0.950841044776837	0.563154934590176	1.03356602053378	1.25580217920656
TRINITY_GG_11350_c0_g2	-0.82806228255547	-0.82806228255547	-0.82806228255547	1.15816659767193	0.668655705379707	0.657364544614772
TRINITY_GG_22750_c6_g1	0.934753316858343	0.879028512331608	1.0386813133493	-0.950821047513083	-0.950821047513083	-0.950821047513083
TRINITY_GG_63864_c27_g1	-0.784932772216816	-0.784932772216816	-0.784932772216816	0.673449231939197	1.35191483197607	0.329434252735184
TRINITY_GG_29077_c7_g1	-1.04711169834159	-1.04711169834159	-1.04711169834159	1.09432109258771	0.782331983025002	1.26468201941206
TRINITY_GG_32087_c1_g1	0.524520619715855	0.63673012330188	1.37400560793021	-0.845085450315983	-0.845085450315983	-0.845085450315983
TRINITY_GG_12122_c16_g1	0.837180218796599	1.27672713105573	1.29262995577066	-1.13551243520767	-1.13551243520767	-1.13551243520767
TRINITY_GG_47822_c0_g1	3.50829529048031	1.32208587668274	1.71531337086043	-2.09373298047553	-2.22598077877397	-2.22598077877397
TRINITY_GG_15717_c0_g2	-0.975774186800009	-0.975774186800009	-0.975774186800009	1.36848620818541	1.35764954692518	0.201186805289433
TRINITY_GG_11768_c20_g1	0.187371347121182	1.12394193662667	1.1503119198184	-0.820541734522083	-0.820541734522083	-0.820541734522083
TRINITY_GG_74742_c0_g1	1.51221226451511	1.07432589001637	0.446758144177459	-1.01109876623631	-1.01109876623631	-1.01109876623631
TRINITY_GG_148_c3_g1	0.887020288145824	2.86502049926426	0.571684433980681	-1.44124174046359	-1.44124174046359	-1.44124174046359
TRINITY_GG_2522_c4_g4	0.967658895283944	0.97458938919256	0.861574736920877	-0.934607673799127	-0.934607673799127	-0.934607673799127
TRINITY_GG_87231_c0_g1	0.45905947989046	1.02124794625403	0.940624816170086	-0.806977414104858	-0.806977414104858	-0.806977414104858
TRINITY_GG_77668_c10_g1	-0.928184404817086	-0.928184404817086	-0.928184404817086	0.55001085312208	0.54378338284443	1.69075897848475
TRINITY_GG_1918_c34_g2	2.0870873775535	1.01348047113962	1.91101048214443	-1.91263558067111	-1.62524590448823	-1.47369684567821
TRINITY_GG_56169_c5_g2	0.588915729789388	2.09190627513431	1.3395312416457	-1.34011774885647	-1.34011774885647	-1.34011774885647
TRINITY_GG_105649_c2_g1	-1.00735546246029	-1.00735546246029	-1.00735546246029	1.53984756229664	0.857771532620403	0.624447292463836
TRINITY_GG_58011_c7_g3	-0.806747991963745	-0.806747991963745	-0.806747991963745	0.999369804071884	0.352235259196641	1.06863891262271
TRINITY_GG_101074_c0_g1	-1.04611325304855	-1.04611325304855	-1.04611325304855	1.13562540664011	0.360423417156624	1.64229093534891
TRINITY_GG_54584_c18_g3	-0.116910044851877	1.95878534694443	1.19708899865427	-1.01298810024894	-1.01298810024894	-1.01298810024894
TRINITY_GG_58481_c0_g1	-0.595442900054651	4.57223950222816	0.85411990557723	-1.75881656666705	-1.60863550052315	-1.46346444056053
TRINITY_GG_18055_c0_g1	-1.10054886873722	-1.10054886873722	-1.10054886873722	1.87929356883052	0.007139000577155	1.41521403680398
TRINITY_GG_3224_c99_g1	1.23555522358766	1.11924540187921	0.564085483186776	-0.972962036217882	-0.972962036217882	-0.972962036217882
TRINITY_GG_80848_c0_g1	0.190031764584049	0.564976772817587	1.728661892838	-0.827890143413213	-0.827890143413213	-0.827890143413213
TRINITY_GG_26274_c1_g1	0.703355412100083	0.791126410782388	1.19197667521714	-0.895486166033203	-0.895486166033203	-0.895486166033203
TRINITY_GG_1855_c122_g1	0.810228460017578	1.48813938898504	0.517618398882388	-0.938662082628337	-0.938662082628337	-0.938662082628337
TRINITY_GG_41939_c0_g4	1.2239791976253	1.04786432226033	1.30916893872054	-1.19367081953539	-1.19367081953539	-1.19367081953539
TRINITY_GG_56774_c41_g1	-1.0443979039308	-1.0443979039308	-1.0443979039308	1.14115153069877	1.53309134985692	0.458950831236706
TRINITY_GG_34091_c0_g1	0.2765625989251	1.57388872057938	1.2578564043954	-1.03610257463329	-1.03610257463329	-1.03610257463329
TRINITY_GG_56619_c9_g3	1.0762310557933	1.09968061354515	1.51155588271471	-1.22915585068439	-1.22915585068439	-1.22915585068439
TRINITY_GG_405_c202_g2	0.806528789864046	1.19115323565988	1.46760158974477	-1.1550945384229	-1.1550945384229	-1.1550945384229
TRINITY_GG_94550_c0_g1	0.901717152893277	1.46555073721934	0.686172980369419	-1.01781362349401	-1.01781362349401	-1.01781362349401
TRINITY_GG_24893_c6_g1	0.217875596674555	0.958665072400189	1.40156153769897	-0.859367402257905	-0.859367402257905	-0.859367402257905
TRINITY_GG_90832_c0_g3	0.226379407001934	1.49351502904892	1.11842988947375	-0.9461081085082	-0.9461081085082	-0.9461081085082
TRINITY_GG_61122_c55_g1	0.134591630458978	3.32969358449174	-0.0591651535063331	-1.13504002048146	-1.13504002048146	-1.13504002048146
TRINITY_GG_3496_c10_g1	1.14656143151465	0.742760110307778	0.859431640848688	-0.916251060890372	-0.916251060890372	-0.916251060890372
TRINITY_GG_20089_c3_g2	-1.32188942044773	-1.32188942044773	-1.32188942044773	2.06409373885008	-1.11274802260913	3.01432254510223
TRINITY_GG_79232_c0_g1	-0.858381883025292	-0.858381883025292	-0.858381883025292	1.62446640004317	0.18566244968073	0.765016799351972
TRINITY_GG_56792_c13_g1	0.235605991127171	1.58152541039078	1.06209342006719	-0.959741607195048	-0.959741607195048	-0.959741607195048
TRINITY_GG_28648_c1_g1	-1.26690151549294	-1.26690151549294	-1.26690151549294	2.01864866450383	0.55684784481533	1.22520803715967
TRINITY_GG_11148_c10_g1	1.19234608573507	-0.379824861540715	2.32313167355347	-1.04521763258261	-1.04521763258261	-1.04521763258261
TRINITY_GG_73570_c5_g1	1.45197523785535	1.51146308542725	0.0863859141718439	-1.01660807915148	-1.01660807915148	-1.01660807915148
TRINITY_GG_5813_c1_g1	1.26617335854316	0.806914731145669	1.27390308639984	-1.11566372536289	-1.11566372536289	-1.11566372536289
TRINITY_GG_3476_c53_g1	-1.13840339811573	-1.13840339811573	-1.13840339811573	0.861957230567789	1.86627775800218	0.686975205777206
TRINITY_GG_50609_c0_g1	4.50653997894704	3.28031002081198	0.896757361504399	-2.89453578708781	-2.89453578708781	-2.89453578708781
TRINITY_GG_55274_c65_g3	1.94561652455508	0.352880863645348	0.552887204325521	-0.950461530841983	-0.950461530841983	-0.950461530841983
TRINITY_GG_55648_c13_g2	-1.41634708136289	-1.74119583994831	-1.5887430285941	1.2319909232647	1.22510111194483	2.28919391469576
TRINITY_GG_72000_c1_g1	-1.08698110250957	-1.08698110250957	-1.08698110250957	1.4685896753866	-0.268948627851479	2.0613022599936
TRINITY_GG_105027_c0_g1	-1.35423590277078	-1.35423590277078	-1.35423590277078	1.29445961681247	0.679275199590547	2.08897289190932
TRINITY_GG_59786_c7_g1	2.00860738292261	3.28964369653195	2.19626705215806	-2.32747309139265	-2.67108073259371	-2.49596430762627
TRINITY_GG_90205_c2_g1	0.371491929481613	1.33928491515233	1.04602057851711	-0.918932474383686	-0.918932474383686	-0.918932474383686
TRINITY_GG_15379_c0_g1	1.2302790389836	1.97807169582692	3.00567821540306	-1.49067214608763	-2.47992471125363	-2.24343209287232
TRINITY_GG_69890_c0_g1	-0.940320264684844	-0.940320264684844	-0.940320264684844	0.526959215775138	0.508580686460284	1.78542089181911
TRINITY_GG_92440_c0_g1	-0.00490523998805337	0.589765533874669	2.15283490963741	-0.912565067841343	-0.912565067841343	-0.912565067841343
TRINITY_GG_14680_c0_g2	-1.03741306672744	-1.03741306672744	-1.03741306672744	1.46542669152849	0.667016285349038	0.979796223304784
TRINITY_GG_78954_c0_g1	0.487030608225518	1.8215105052809	0.77992555480032	-1.02948888943558	-1.02948888943558	-1.02948888943558
TRINITY_GG_90354_c0_g1	1.0891491903562	1.12551997123593	0.204954438730339	-0.80654120010749	-0.80654120010749	-0.80654120010749
TRINITY_GG_3621_c49_g1	-2.08152850401148	-2.1480027818995	-2.13787309646461	2.48958421803882	2.84896398111435	1.02885618322242
TRINITY_GG_54744_c95_g1	-1.17276721681094	-1.17276721681094	-1.17276721681094	0.684019329477142	0.696709417154463	2.13757290380121
TRINITY_GG_56612_c11_g1	0.626365365319673	1.12208219019407	0.880975623295031	-0.876474392936259	-0.876474392936259	-0.876474392936259
TRINITY_GG_75289_c0_g1	-1.68810511197656	-1.68810511197656	-1.68810511197656	1.32660723954481	1.79680637493427	1.94090172145061
TRINITY_GG_54224_c0_g1	1.6858987596782	0.814900969401223	0.210075442103689	-0.903625057061039	-0.903625057061039	-0.903625057061039
TRINITY_GG_102185_c0_g3	-1.04823377704531	-1.04823377704531	-1.04823377704531	0.770207798718858	0.932157179016165	1.4423363534009
TRINITY_GG_56958_c37_g1	-1.0906472209663	-1.0906472209663	-1.0906472209663	2.03219112497942	0.437423943612438	0.802326594307037
TRINITY_GG_65118_c25_g2	-1.03053116122139	-1.03053116122139	-1.03053116122139	1.35185942165208	0.600340221791183	1.13939384022092
TRINITY_GG_4446_c26_g1	1.42168316525461	0.25867620949632	1.05915393748013	-0.913171104077021	-0.913171104077021	-0.913171104077021
TRINITY_GG_60728_c1_g1	1.16669004554136	2.47109377077658	-0.559377742284856	-1.02613535801103	-1.02613535801103	-1.02613535801103
TRINITY_GG_42277_c11_g2	-0.938729818090877	-0.938729818090877	-0.938729818090877	0.904450072166297	0.781110736973391	1.13062864513295
TRINITY_GG_42253_c2_g1	-0.848780041879831	-0.848780041879831	-0.848780041879831	0.642816552530617	1.72798393579329	0.175539637315582
TRINITY_GG_90531_c0_g1	1.78456503531433	0.640997177422332	0.821466615749858	-1.08234294282884	-1.08234294282884	-1.08234294282884
TRINITY_GG_45003_c0_g1	1.58950491097672	0.635558084308591	1.11106944261375	-1.11204414596635	-1.11204414596635	-1.11204414596635
TRINITY_GG_54928_c62_g2	-0.815103225159741	-0.815103225159741	-0.815103225159741	1.10137341927798	0.329595799994398	1.01434045620685
TRINITY_GG_29866_c1_g1	-0.850834185104296	-0.850834185104296	-0.850834185104296	1.1900582455426	1.03122188586433	0.331222423905954
TRINITY_GG_57848_c2_g1	0.927762480430731	1.78442314098789	0.852622917630522	-1.18826951301638	-1.18826951301638	-1.18826951301638
TRINITY_GG_43822_c0_g1	-1.08281905655408	-1.08281905655408	-1.08281905655408	3.38106492391692	0.437225967485734	-0.569833721740407
TRINITY_GG_38151_c2_g1	-0.708746149792281	2.26048313009074	2.23900465676097	-1.26358054568647	-1.26358054568647	-1.26358054568647
TRINITY_GG_66760_c3_g3	0.922369182624114	1.52213047098039	2.16353881099119	-1.5360128215319	-1.5360128215319	-1.5360128215319
TRINITY_GG_7696_c0_g1	0.089144018479	1.25101868020129	2.31643918953925	-1.21886729607318	-1.21886729607318	-1.21886729607318
TRINITY_GG_897_c85_g1	0.108175774314161	1.65213572194171	1.03889012749729	-0.93306720791772	-0.93306720791772	-0.93306720791772
TRINITY_GG_72777_c0_g1	1.93690597526898	0.776233747363983	0.782604926882021	-1.165248216505	-1.165248216505	-1.165248216505
TRINITY_GG_62755_c4_g2	-2.23233012568103	-1.940883587137	-1.06810072990272	3.05504411735039	0.821161707198534	1.36510861817181
TRINITY_GG_8202_c0_g1	1.19568176328705	0.288910749512986	1.46115898532199	-0.981917166040679	-0.981917166040679	-0.981917166040679
TRINITY_GG_5455_c5_g1	1.79137857135551	1.51032189532468	0.996284641907064	-1.43266170286242	-1.43266170286242	-1.43266170286242
TRINITY_GG_43434_c0_g1	-0.282402516433677	0.97957756296741	2.17612544101473	-0.957766829182822	-0.957766829182822	-0.957766829182822
TRINITY_GG_80548_c0_g2	-0.856795989170704	-0.856795989170704	-0.856795989170704	0.787983230092249	1.58123065795324	0.201174079466626
TRINITY_GG_58306_c26_g1	0.924595089791575	1.31525068240074	0.57818430970487	-0.939343360632396	-0.939343360632396	-0.939343360632396
TRINITY_GG_27669_c1_g2	0.469260945407793	2.33876631860448	0.36990385637662	-1.05931037346296	-1.05931037346296	-1.05931037346296
TRINITY_GG_76275_c0_g1	0.86820331821073	0.286871382578605	1.24058512023288	-0.798553273674073	-0.798553273674073	-0.798553273674073
TRINITY_GG_104316_c0_g1	-1.16136782631901	-1.16136782631901	-1.16136782631901	1.07098594142002	1.97564378572273	0.437473751814277
TRINITY_GG_79007_c1_g2	-0.837234834074769	-0.837234834074769	-0.837234834074769	0.572020312610069	1.23589987055545	0.70378431905879
TRINITY_GG_50913_c0_g1	-0.916577076677101	-0.916577076677101	-0.916577076677101	1.15312508995297	1.29037865571018	0.30622748436816
TRINITY_GG_7324_c25_g1	-0.899178739777174	-0.899178739777174	-0.899178739777174	1.0377889204109	0.929452841910845	0.730294457009775
TRINITY_GG_97005_c0_g1	-1.1702797023374	-1.1702797023374	-1.1702797023374	2.70530379488285	0.0867309158686194	0.718804396260745
TRINITY_GG_57751_c67_g2	0.552825631594086	0.888786001980307	1.26559718499477	-0.902402939523053	-0.902402939523053	-0.902402939523053
TRINITY_GG_105723_c2_g1	-1.11729582359789	-1.11729582359789	-1.11729582359789	1.96216762631827	1.34867864090618	0.041041203569212
TRINITY_GG_1590_c23_g1	0.865389739724665	0.846045611634804	1.3303364583992	-1.01392393658622	-1.01392393658622	-1.01392393658622
TRINITY_GG_65370_c0_g1	1.21485568083351	1.27048966766519	1.36625247250839	-1.12537323079679	-1.4105014074812	-1.3157231827291
TRINITY_GG_39337_c0_g1	1.14118904988783	0.0624601053229302	1.34347007540377	-0.849039743538178	-0.849039743538178	-0.849039743538178
TRINITY_GG_54603_c32_g3	0.304793629201508	2.65854955818074	0.317327036051124	-1.09355674114446	-1.09355674114446	-1.09355674114446
TRINITY_GG_4813_c11_g2	-0.851110081917056	-0.851110081917056	-0.851110081917056	0.625530826752465	0.710582639481253	1.21721677951745
TRINITY_GG_30202_c0_g2	2.7264150794075	1.79195255921742	2.90440936134222	-2.34570873095412	-2.53853413450651	-2.53853413450651
TRINITY_GG_3110_c8_g1	2.42945702273384	0.618074010668859	1.45432279296615	-1.50061794212295	-1.50061794212295	-1.50061794212295
TRINITY_GG_4405_c55_g1	1.34031990494928	0.870647465256682	1.0161599489249	-1.07570910637695	-1.07570910637695	-1.07570910637695
TRINITY_GG_76856_c184_g1	0.714034907694944	1.10481604582696	0.454947686377813	-0.757932879966572	-0.757932879966572	-0.757932879966572
TRINITY_GG_12800_c9_g1	0.819545636178868	2.79870670354591	2.7795811460754	-2.26025911845639	-1.8773152488874	-2.26025911845639
TRINITY_GG_83743_c0_g1	2.00002317698054	1.39577178134809	1.55036083650958	-2.51068960228881	-1.5719913694348	-0.863474823114599
TRINITY_GG_59325_c47_g1	0.58510250038868	1.20842300033419	0.958158803259125	-0.917228101327331	-0.917228101327331	-0.917228101327331
TRINITY_GG_275_c57_g1	0.0321833932688605	1.44259197319814	1.05365537052532	-0.842810245664107	-0.842810245664107	-0.842810245664107
TRINITY_GG_6205_c57_g1	-1.18211677205564	-1.18211677205564	-1.18211677205564	0.953418097705553	2.10239736118861	0.490534857272748
TRINITY_GG_15039_c0_g2	-0.945188469726948	-0.945188469726948	-0.945188469726948	0.807560121680185	0.905210927043306	1.12279436045735
TRINITY_GG_6734_c19_g1	-0.789003577783216	-0.789003577783216	-0.789003577783216	0.72246446149265	0.854852611991509	0.789693659865488
TRINITY_GG_104518_c2_g1	2.19116604623859	3.00041875850279	1.44533380272052	-2.2123062024873	-2.2123062024873	-2.2123062024873
TRINITY_GG_31429_c0_g1	-0.0634004322384744	1.89518339755154	1.05362391137894	-0.961802292230667	-0.961802292230667	-0.961802292230667
TRINITY_GG_62853_c25_g1	0.387795366395265	1.39979143242817	1.79162913755596	-1.2229046957395	-1.1334065449004	-1.2229046957395
TRINITY_GG_105902_c1_g1	0.935010266411033	0.646430403872068	1.58857021691317	-1.05667029573209	-1.05667029573209	-1.05667029573209
TRINITY_GG_872_c8_g2	0.153578313352264	1.62894788170501	1.5566487924279	-1.11305832916173	-1.11305832916173	-1.11305832916173
TRINITY_GG_56871_c10_g2	0.128061375221643	0.600163555741173	1.86372077188722	-0.863981900950013	-0.863981900950013	-0.863981900950013
TRINITY_GG_60163_c11_g1	-1.01123829075921	-1.01123829075921	-1.01123829075921	0.579483479250631	0.857843462940721	1.59638793008628
TRINITY_GG_85795_c0_g1	2.21600738972682	1.25136213010891	1.61536719938166	-1.69424557307246	-1.69424557307246	-1.69424557307246
TRINITY_GG_33391_c0_g1	0.433721189231145	1.33814352924891	0.678037529115647	-0.816634082531902	-0.816634082531902	-0.816634082531902
TRINITY_GG_57726_c39_g1	-0.93758416037957	-0.93758416037957	-0.93758416037957	0.21557262768185	1.95558386570928	0.64159598774758
TRINITY_GG_4238_c32_g1	0.477025777558792	0.577172471306628	1.51155926762899	-0.855252505498137	-0.855252505498137	-0.855252505498137
TRINITY_GG_7385_c63_g1	0.292244763341661	0.991811109810674	1.65527940400583	-0.979778425719387	-0.979778425719387	-0.979778425719387
TRINITY_GG_10662_c18_g1	-0.881281125560772	-0.881281125560772	-0.881281125560772	1.72705502478689	0.860725085305965	0.0560632665894608
TRINITY_GG_210_c137_g1	-1.0214052094893	-1.0214052094893	-1.0214052094893	1.70280847726806	0.941328881106502	0.420078270093344
TRINITY_GG_14216_c3_g1	0.572064486248738	1.41767134041877	0.568836979218342	-0.85285760196195	-0.85285760196195	-0.85285760196195
TRINITY_GG_54716_c0_g1	1.13726275574892	1.21809563697251	1.30043935901969	-1.21859925058037	-1.21859925058037	-1.21859925058037
TRINITY_GG_101043_c0_g1	0.349620337628651	1.16032954959427	1.64116315188367	-1.05037101303553	-1.05037101303553	-1.05037101303553
TRINITY_GG_40736_c1_g1	-1.47176190966036	-1.47176190966036	-1.47176190966036	0.384227787648124	0.384626267153734	3.64643167417921
TRINITY_GG_86569_c0_g1	0.158576802884838	2.82975526633049	1.28505039352015	-1.42446082091183	-1.42446082091183	-1.42446082091183
TRINITY_GG_71330_c0_g2	-0.921846060393188	-0.921846060393188	-0.921846060393188	0.95314757853978	0.852572043712625	0.959818558927158
TRINITY_GG_27193_c0_g1	-1.60407349012783	-1.75645029035929	-1.24736930116531	0.515536786637053	1.72166089480712	2.37069540020826
TRINITY_GG_54159_c32_g1	-0.800500402671878	-0.800500402671878	-0.800500402671878	1.09247341260146	1.19190549635977	0.117122299054405
TRINITY_GG_19420_c0_g1	1.05467301134035	0.209470092458	1.12903312304026	-0.797725408946204	-0.797725408946204	-0.797725408946204
TRINITY_GG_68340_c0_g1	1.16559315627053	0.605336185686402	0.663581326722355	-0.811503556226428	-0.811503556226428	-0.811503556226428
TRINITY_GG_3224_c70_g1	0.200432776769395	1.08548327808029	1.21965734403429	-0.835191132961327	-0.835191132961327	-0.835191132961327
TRINITY_GG_6641_c4_g1	-0.807151634329382	-0.807151634329382	-0.807151634329382	0.204344004508447	0.675180386417994	1.54193051206171
TRINITY_GG_37120_c1_g1	1.99898642273128	2.0792645157286	1.59817231561162	-1.8921410846905	-1.8921410846905	-1.8921410846905
TRINITY_GG_84039_c0_g1	1.48275051410242	0.0451685921149065	1.86937190542116	-1.13243033721283	-1.13243033721283	-1.13243033721283
TRINITY_GG_69133_c0_g1	0.765952816973615	0.436980153369561	2.09577745615587	-1.09957014216635	-1.09957014216635	-1.09957014216635
TRINITY_GG_17821_c0_g1	-0.986199637548234	-0.986199637548234	-0.986199637548234	0.452093214030913	0.0585441836761634	2.44796151493763
TRINITY_GG_77733_c33_g1	0.71827591475188	0.202445894790801	1.84492491109152	-0.921882240211401	-0.921882240211401	-0.921882240211401
TRINITY_GG_63575_c37_g1	0.131387762217905	1.37829832913536	0.968780224264336	-0.8261554385392	-0.8261554385392	-0.8261554385392
TRINITY_GG_80448_c2_g1	2.51506757651884	3.75668665656546	-1.06385784052005	-1.62831148244078	-1.77796682102941	-1.80161808909406
TRINITY_GG_105498_c16_g1	0.605328272305269	1.13695275447484	0.575604057734426	-0.772628361504845	-0.772628361504845	-0.772628361504845
TRINITY_GG_105628_c0_g1	1.12171932343693	0.894832733520789	1.84034822615161	-1.28563342770311	-1.28563342770311	-1.28563342770311
TRINITY_GG_97049_c1_g1	0.56386788809163	1.81956493369195	0.568793447812583	-0.98407542319872	-0.98407542319872	-0.98407542319872
TRINITY_GG_80226_c0_g2	0.75981108024022	0.425486056399572	2.5385144698159	-1.24127053548523	-1.24127053548523	-1.24127053548523
TRINITY_GG_1978_c78_g2	0.0675650175828342	1.35854689095578	1.0710399972819	-0.832383968606838	-0.832383968606838	-0.832383968606838
TRINITY_GG_1176_c33_g1	1.30297192198566	1.31999311354864	1.56144065717428	-1.39480189756953	-1.39480189756953	-1.39480189756953
TRINITY_GG_77370_c15_g1	0.212769919988549	0.69070700747792	1.48840436260198	-0.797293763356148	-0.797293763356148	-0.797293763356148
TRINITY_GG_24051_c0_g3	-0.841492430201289	-0.841492430201289	-0.841492430201289	1.03035121830803	1.08829856751731	0.40582750477853
TRINITY_GG_61235_c19_g1	-1.1803800458711	-1.1845557218423	-1.2341864895669	1.31425013512915	1.46247508335168	0.822397038799471
TRINITY_GG_6641_c60_g1	1.08523725493789	0.305078791468397	0.944598342318764	-0.778304796241685	-0.778304796241685	-0.778304796241685
TRINITY_GG_4426_c31_g2	0.761951686752697	0.707566107970856	1.74997399079301	-1.07316392850552	-1.07316392850552	-1.07316392850552
TRINITY_GG_100120_c0_g1	-1.07781966116896	-1.07781966116896	-1.07781966116896	0.950749491027806	1.53311657924919	0.749592913229893
TRINITY_GG_67415_c1_g1	0.47407377433773	0.996309553182162	0.834745570500024	-0.768376299339972	-0.768376299339972	-0.768376299339972
TRINITY_GG_43676_c0_g1	0.363915578801687	1.29878055847898	0.697236156040411	-0.786644097773694	-0.786644097773694	-0.786644097773694
TRINITY_GG_1776_c2_g1	0.225466739747884	1.09916687142926	2.06570661171128	-1.13011340762948	-1.13011340762948	-1.13011340762948
TRINITY_GG_64131_c0_g1	0.634781469539798	2.11088049455492	1.19243106518591	-1.31269767642688	-1.31269767642688	-1.31269767642688
TRINITY_GG_42379_c0_g1	-0.80578424718886	-0.80578424718886	-0.80578424718886	0.726782076078652	0.783979239796117	0.906591425691812
TRINITY_GG_10666_c0_g1	0.480140081387663	2.32295333015666	2.06997303056678	-1.37425763762301	-1.50586224317899	-1.99294656130911
TRINITY_GG_3331_c7_g1	-1.3558069175907	-1.3558069175907	-1.3558069175907	1.50296982771749	0.442451015053801	2.12199991000081
TRINITY_GG_19845_c0_g1	1.17070912048679	1.33899843058627	1.111202264484	-1.20696993851902	-1.20696993851902	-1.20696993851902
TRINITY_GG_59703_c0_g1	0.619322799405712	0.918947119928585	1.0847036843742	-0.874324534569498	-0.874324534569498	-0.874324534569498
TRINITY_GG_54584_c340_g1	1.35247904747252	0.440822035855381	0.595088084870198	-0.7961297227327	-0.7961297227327	-0.7961297227327
TRINITY_GG_68532_c0_g2	0.932022547339562	0.94827062367354	0.891608278893654	-0.923967149968919	-0.923967149968919	-0.923967149968919
TRINITY_GG_40528_c0_g1	-1.5832567724331	-1.5832567724331	-1.5832567724331	2.08054324309867	0.614294134986778	2.05493293921384
TRINITY_GG_47791_c1_g1	-0.532856433472932	3.23073311828786	1.70141053038694	-1.46642907173396	-1.46642907173396	-1.46642907173396
TRINITY_GG_77907_c0_g1	1.42919218267112	0.947104811721321	0.865973896507121	-1.08075696363319	-1.08075696363319	-1.08075696363319
TRINITY_GG_31036_c0_g1	1.67372351205292	0.420812764092862	1.43669145707191	-1.17707591107256	-1.17707591107256	-1.17707591107256
TRINITY_GG_70097_c0_g1	0.411992502481578	0.91243172497964	1.28424794519397	-0.869557390885064	-0.869557390885064	-0.869557390885064
TRINITY_GG_15015_c0_g1	0.372428882116499	1.65871601907739	2.12903595385743	-1.38672695168377	-1.38672695168377	-1.38672695168377
TRINITY_GG_5643_c44_g2	-0.910901908471433	-0.910901908471433	-0.910901908471433	1.21309529522048	0.237055972915668	1.28255445727815
TRINITY_GG_44653_c0_g1	-1.086061579678	-1.086061579678	-1.086061579678	1.52274766299752	1.23846103191781	0.496976044118663
TRINITY_GG_1466_c4_g3	0.346966018752641	1.6930722291553	0.626244875348312	-0.888761041085417	-0.888761041085417	-0.888761041085417
TRINITY_GG_1119_c19_g1	0.571521078950801	1.62920002836216	0.397996836454421	-0.866239314589127	-0.866239314589127	-0.866239314589127
TRINITY_GG_5343_c38_g1	0.397271559642372	1.24919724974793	0.958027199829876	-0.868165336406726	-0.868165336406726	-0.868165336406726
TRINITY_GG_45519_c0_g1	2.7984404129002	1.05852185347876	-0.0434347597153935	-1.27117583555452	-1.27117583555452	-1.27117583555452
TRINITY_GG_54476_c5_g2	-1.14474385234323	-1.14474385234323	-1.14474385234323	2.64331537130632	-0.235546789351542	1.02646297507491
TRINITY_GG_15176_c0_g1	0.571763371317116	2.70683179953373	0.994196085473031	-1.42426375210796	-1.42426375210796	-1.42426375210796
TRINITY_GG_66139_c1_g2	0.644971549432564	0.989096170111026	0.925770234742197	-0.853279318095262	-0.853279318095262	-0.853279318095262
TRINITY_GG_55397_c66_g1	0.86502511252855	0.839906393831333	1.30368254803243	-1.0028713514641	-1.0028713514641	-1.0028713514641
TRINITY_GG_24866_c1_g1	0.684656240651694	0.451308825766132	1.1599386625111	-0.765301242976309	-0.765301242976309	-0.765301242976309
TRINITY_GG_55463_c1_g1	1.59741533915629	3.13967338892321	1.2249217669963	-1.82280239922824	-2.15514711006094	-1.98406098578662
TRINITY_GG_26988_c0_g1	-0.864749711930364	-0.864749711930364	-0.864749711930364	1.57114552939	0.796999887880341	0.22610371852075
TRINITY_GG_53863_c28_g1	0.491565218704762	2.00196616582715	2.14850329820927	-1.59317940216371	-1.59317940216371	-1.45567587841377
TRINITY_GG_96978_c0_g1	-0.843665203306112	-0.843665203306112	-0.843665203306112	0.550848938649847	0.670330776060901	1.30981589520759
TRINITY_GG_9138_c0_g2	0.744880328148629	0.9128249654627	1.30250689046465	-0.986737394691993	-0.986737394691993	-0.986737394691993
TRINITY_GG_31419_c0_g1	-0.819987761806334	-0.819987761806334	-0.819987761806334	0.218448419849774	1.50568647231392	0.735828393255305
TRINITY_GG_9070_c2_g1	0.754487327069992	1.16033737604675	1.84006869982342	-1.25163113431339	-1.25163113431339	-1.25163113431339
TRINITY_GG_105057_c0_g1	-0.783833369472887	-0.783833369472887	-0.783833369472887	1.13950600215926	0.690732465065588	0.52126164119381
TRINITY_GG_105714_c0_g1	0.624613671267188	1.14097125377513	0.859920421598053	-0.875168448880123	-0.875168448880123	-0.875168448880123
TRINITY_GG_39231_c1_g1	-1.09691300284245	-1.09691300284245	-1.09691300284245	1.85299539511087	0.932009707753563	0.505733905662922
TRINITY_GG_8805_c0_g3	0.576835824427974	0.700932473327911	0.9851199956118	-0.754296097789228	-0.754296097789228	-0.754296097789228
TRINITY_GG_101156_c0_g1	-1.0732421605505	-1.0732421605505	-1.0732421605505	2.30637880150521	0.361319351322106	0.552028328824192
TRINITY_GG_635_c4_g1	-0.758478325645533	-0.758478325645533	-0.758478325645533	1.03977960699897	0.590320633966575	0.645334735971057
TRINITY_GG_33189_c0_g1	0.861521786228706	1.67092485996212	1.41674137171059	-1.31639600596714	-1.31639600596714	-1.31639600596714
TRINITY_GG_7814_c15_g1	-0.876852254344216	-0.876852254344216	-0.876852254344216	0.953808720055548	0.646709701712797	1.0300383412643
TRINITY_GG_9468_c39_g1	1.376521339751	1.38913940973024	1.04395453492249	-1.26987176146791	-1.26987176146791	-1.26987176146791
TRINITY_GG_19714_c0_g1	-0.811687799309048	-0.811687799309048	-0.811687799309048	1.00593545820238	1.01369080458388	0.415437135140878
TRINITY_GG_9619_c0_g1	0.686581929950931	0.555110721776556	1.49794311478645	-0.913211922171311	-0.913211922171311	-0.913211922171311
TRINITY_GG_54381_c111_g1	-1.04285731616044	-1.04285731616044	-1.04285731616044	1.96182383995747	0.451302247552402	0.715445860971459
TRINITY_GG_62464_c18_g2	1.03648900948459	0.852461157084975	1.7843696248473	-1.22443993047229	-1.22443993047229	-1.22443993047229
TRINITY_GG_3224_c22_g3	1.41874865512885	1.22879768635572	-0.101184912664937	-0.84878714293988	-0.84878714293988	-0.84878714293988
TRINITY_GG_8127_c1_g1	1.1025061389457	1.28656845143944	0.284973431884062	-0.891349340756401	-0.891349340756401	-0.891349340756401
TRINITY_GG_4467_c4_g2	1.14314633252002	0.356283935444737	0.996920699510662	-0.832116989158473	-0.832116989158473	-0.832116989158473
TRINITY_GG_28308_c0_g1	-1.06827184410386	-1.06827184410386	-1.06827184410386	-0.0130761898617331	1.31991769305223	1.89797402912108
TRINITY_GG_25560_c0_g1	0.887714851078989	1.23980295208811	1.26524016601309	-1.13091932306006	-1.13091932306006	-1.13091932306006
TRINITY_GG_56707_c9_g1	1.070831249108	2.04889603604922	-0.181238371805928	-0.979496304450428	-0.979496304450428	-0.979496304450428
TRINITY_GG_6621_c39_g1	1.6687845324964	1.3397660382102	0.58403951593533	-1.19753002888064	-1.19753002888064	-1.19753002888064
TRINITY_GG_58683_c31_g1	-1.09769557197015	-1.09769557197015	-1.09769557197015	-0.208611473371997	1.78279405471767	1.71890413456477
TRINITY_GG_6540_c0_g1	0.382988824989154	1.19901065753725	2.03976216669391	-1.20725388307344	-1.20725388307344	-1.20725388307344
TRINITY_GG_8485_c13_g2	-0.809938380622066	-0.809938380622066	-0.809938380622066	0.826976199733811	0.222162462544958	1.38067647958743
TRINITY_GG_58232_c2_g1	0.465971653375025	1.33264923045648	0.765784586881032	-0.854801823570846	-0.854801823570846	-0.854801823570846
TRINITY_GG_105882_c0_g1	1.6180466105424	0.00332322959142317	1.731706673976	-1.11769217136994	-1.11769217136994	-1.11769217136994
TRINITY_GG_6202_c1_g1	0.687315848115726	1.50794572318996	0.775653861707894	-0.990305144337861	-0.990305144337861	-0.990305144337861
TRINITY_GG_64814_c23_g1	-0.825826325204636	-0.825826325204636	-0.825826325204636	1.05270285133657	1.34217379931318	0.0826023249641511
TRINITY_GG_55706_c16_g2	0.468217339602128	1.2294947173251	1.18849174319973	-0.962067933375653	-0.962067933375653	-0.962067933375653
TRINITY_GG_18183_c1_g1	2.44834409327655	3.26354194223671	1.88587973484073	-1.99427551776459	-2.61138040204293	-2.99210985054648
TRINITY_GG_11515_c14_g1	-0.991028881228852	-0.991028881228852	-0.991028881228852	1.43657729155305	1.07178361117617	0.464725740957339
TRINITY_GG_103923_c14_g1	-1.03531266620397	-1.03531266620397	-1.03531266620397	1.54676155519236	1.34292148901527	0.216254954404278
TRINITY_GG_80505_c2_g1	0.796885984769152	0.635987897278969	1.62933793617871	-1.02073727274228	-1.02073727274228	-1.02073727274228
TRINITY_GG_94203_c0_g1	-1.23274931403427	-1.23274931403427	-1.23274931403427	2.02380850455275	-0.586586656876377	2.26102609442643
TRINITY_GG_62747_c68_g1	1.39521209552815	0.194150499332792	1.00417442527637	-0.864512340045768	-0.864512340045768	-0.864512340045768
TRINITY_GG_103509_c3_g2	-0.782785518966174	-0.782785518966174	-0.782785518966174	0.81795997899591	0.411301533150129	1.11909504475248
TRINITY_GG_7040_c1_g1	-2.08088390764691	-2.08088390764691	-2.08088390764691	3.00458324017608	0.503838123861105	2.73423035890355
TRINITY_GG_3224_c10_g1	-1.55338265217798	-1.55338265217798	-1.55338265217798	0.560984372774022	-0.846741594868569	4.94590517862848
TRINITY_GG_57896_c0_g3	2.19752182750976	0.597987055187543	1.98142632661985	-1.59231173643905	-1.59231173643905	-1.59231173643905
TRINITY_GG_99621_c9_g1	2.48054955039915	0.49199481304705	0.747627417313521	-1.24005726025324	-1.24005726025324	-1.24005726025324
TRINITY_GG_6034_c66_g1	0.461412809597212	1.02932962162583	1.0367996494274	-0.842514026883483	-0.842514026883483	-0.842514026883483
TRINITY_GG_19496_c1_g1	0.414504853738091	1.16042436363331	1.26686129967179	-0.947263505681062	-0.947263505681062	-0.947263505681062
TRINITY_GG_16619_c0_g1	-1.12672225652507	-1.12672225652507	-1.12672225652507	0.527254922111266	2.3913092360771	0.461602611386845
TRINITY_GG_47387_c0_g1	-1.00326677367619	-1.00326677367619	-1.00326677367619	1.03587162023077	1.18892739160715	0.785001309190647
TRINITY_GG_3095_c5_g1	0.941039294795211	0.76699850224942	0.566166472441741	-0.75806808982879	-0.75806808982879	-0.75806808982879
TRINITY_GG_79831_c0_g1	0.77646424167918	1.70223214373954	0.332998334073819	-0.937231573164179	-0.937231573164179	-0.937231573164179
TRINITY_GG_5395_c37_g1	1.69965995711069	-0.246540340743377	1.33422129790555	-0.929113638090955	-0.929113638090955	-0.929113638090955
TRINITY_GG_23686_c0_g1	-0.826312187300619	-0.826312187300619	-0.826312187300619	1.12974446511178	0.259792183942671	1.0893999128474
TRINITY_GG_46344_c0_g1	-1.17226606683717	-1.17226606683717	-1.17226606683717	1.99685721463959	1.11254415569306	0.407396830178842
TRINITY_GG_54330_c11_g2	0.271045952199305	1.52138140212365	0.628214525134334	-0.806880626485763	-0.806880626485763	-0.806880626485763
TRINITY_GG_33128_c0_g1	-1.06919183889638	-1.06919183889638	-1.06919183889638	1.53582831416603	0.852244491909923	0.819502710613168
TRINITY_GG_1441_c77_g1	-1.19533756720496	-1.19533756720496	-1.19533756720496	2.58801431246909	1.60933557306498	-0.611337183919186
TRINITY_GG_43453_c0_g1	2.85675868336912	0.36329011015269	0.768701398412113	-1.32958339731131	-1.32958339731131	-1.32958339731131
TRINITY_GG_27367_c0_g1	-0.850627253041585	-0.850627253041585	-0.850627253041585	1.17475596843634	0.399121462041984	0.978004328646434
TRINITY_GG_62228_c44_g1	-0.785748780623114	-0.785748780623114	-0.785748780623114	0.945868942217508	0.82306046205241	0.588316937599424
TRINITY_GG_2082_c1_g1	0.660527331579175	1.97584194234163	2.06064941743634	-1.56567289711905	-1.56567289711905	-1.56567289711905
TRINITY_GG_3720_c67_g2	0.958453108782334	0.837590787033896	0.792502897505358	-0.862848931107196	-0.862848931107196	-0.862848931107196
TRINITY_GG_30916_c0_g1	-1.3277028444528	-1.3277028444528	-1.3277028444528	2.24336715371491	1.33062290664811	0.409118472995366
