bleached_44_01	bleached_44_02	bleached_k4_01	bleached_k4_02	bleached_k4_03	bleached_44_03	non-bleached_k4_01	non-bleached_k4_02	non-bleached_44_01	non-bleached_k4_03	non-bleached_44_02	non-bleached_44_03
TRINITY_GG_58762_c0_g1	-0.776453799328728	-0.776453799328728	-0.776453799328728	-0.776453799328728	-0.776453799328728	-0.776453799328728	0.838020483508973	0.940756499690868	0.559829588535705	0.0407601249295987	0.946449339231721	1.3329067600755
TRINITY_GG_36426_c1_g1	-0.498282160660318	-0.498282160660318	-0.498282160660318	-0.498282160660318	-0.498282160660318	-0.498282160660318	0.523908078973748	0.929860230318013	-0.026314372998802	1.26172582617175	-0.126444543329897	0.426957744827093
TRINITY_GG_57259_c55_g1	-0.734677183241565	-0.734677183241565	-0.734677183241565	-0.734677183241565	-0.734677183241565	-0.734677183241565	0.814745562505098	1.25227977928284	0.677291327118568	0.777802563678067	1.62062105010639	-0.734677183241565
TRINITY_GG_55862_c80_g1	-0.61984499302694	-0.61984499302694	-0.61984499302694	-0.61984499302694	-0.61984499302694	-0.61984499302694	1.12646777339852	0.390934845726302	1.02123855968513	-0.61984499302694	1.35248004853021	0.447793723848423
TRINITY_GG_28245_c0_g1	-0.991478710534942	-1.09312878662938	-1.09312878662938	-1.09312878662938	-1.09312878662938	-1.09312878662938	2.23742961340143	1.19404796510222	1.84459223913242	-1.09312878662938	1.1012735053092	1.17290810736594
TRINITY_GG_6657_c22_g2	-0.852216681029872	-0.852216681029872	-0.852216681029872	-0.852216681029872	-0.852216681029872	-0.852216681029872	1.544764778462	0.731783702255901	-0.852216681029872	0.963768546171172	2.23999075706722	0.485208983252816
TRINITY_GG_104518_c0_g1	-1.28760974978058	-1.28760974978058	-1.28760974978058	-1.28760974978058	-1.28760974978058	-1.28760974978058	-1.28760974978058	-1.18461575645725	3.89377113314398	-1.15799701165011	4.27762183202492	3.18448805140249
TRINITY_GG_81462_c1_g1	-0.77691838319688	-0.77691838319688	-0.77691838319688	-0.77691838319688	-0.77691838319688	-0.77691838319688	1.54904361297497	2.01447896495775	-0.77691838319688	-0.0413962059003421	1.59157061744822	0.324731692897555
TRINITY_GG_91700_c0_g1	-0.809564070369585	-0.809564070369585	-0.809564070369585	-0.809564070369585	-0.809564070369585	-0.809564070369585	0.791181427592499	0.767683465223566	-0.360663119224457	1.46514486884513	1.73936569910681	0.454672080673962
TRINITY_GG_102123_c0_g1	-0.810032850253783	-0.810032850253783	-0.810032850253783	-0.810032850253783	-0.810032850253783	-0.810032850253783	-0.810032850253783	0.848978320944367	1.73420522389789	0.958045584762672	0.531952896974833	1.59704792519672
TRINITY_GG_56707_c89_g1	-0.632436433258576	0.0402151960698084	-0.247281536374232	1.19619514842944	0.820159001444293	2.61776722324072	-0.632436433258576	-0.632436433258576	-0.632436433258576	-0.632436433258576	-0.632436433258576	-0.632436433258576
TRINITY_GG_26042_c0_g1	1.65194384419164	0.342778603638758	0.951576143773807	0.90495681751426	0.85477961743377	-0.672290718078891	-0.672290718078891	-0.672290718078891	-0.672290718078891	-0.672290718078891	-0.672290718078891	-0.672290718078891
TRINITY_GG_90575_c0_g2	-0.615744414843703	-0.615744414843703	-0.615744414843703	-0.615744414843703	-0.615744414843703	-0.615744414843703	2.41229423724013	0.931211763297708	0.809177673366985	0.232252491711247	-0.615744414843703	-0.0747252617101439
TRINITY_GG_27572_c0_g8	-0.802083894946093	-0.802083894946093	-0.802083894946093	-0.802083894946093	-0.802083894946093	-0.802083894946093	-0.802083894946093	1.39200315717021	0.380608402570097	0.535341769336595	1.91337023216962	1.39326370337613
TRINITY_GG_70323_c0_g1	-1.00568772455422	-1.00568772455422	-1.00568772455422	-1.00568772455422	-1.00568772455422	-1.00568772455422	1.36308062453611	1.22942659582214	0.462113431934185	1.54052766022514	2.44466575936198	-1.00568772455422
TRINITY_GG_63983_c3_g3	-0.850599608857129	-0.850599608857129	-0.850599608857129	-0.850599608857129	-0.850599608857129	-0.850599608857129	1.50667086682243	0.443947625038386	0.82386104270313	-0.850599608857129	1.30741419773264	1.87230352970332
TRINITY_GG_3307_c27_g1	-0.646712751683372	-0.646712751683372	-0.646712751683372	-0.646712751683372	-0.646712751683372	-0.646712751683372	1.31602133891243	0.500593947096921	-0.646712751683372	0.307111202257795	1.3015142921958	1.10174848132066
TRINITY_GG_57141_c51_g1	-0.785149910753781	-0.785149910753781	-0.785149910753781	-0.785149910753781	-0.785149910753781	-0.785149910753781	0.771647335838963	1.38797752272688	0.148422727507244	0.704906713710531	0.853155666053312	0.844789498685759
TRINITY_GG_15204_c5_g1	1.94813092126274	0.932409280305599	1.9086025570761	0.0205075819135943	-0.917589979160499	1.61347951356546	-0.917589979160499	-0.917589979160499	-0.917589979160499	-0.917589979160499	-0.917589979160499	-0.917589979160499
TRINITY_GG_93260_c0_g1	-0.490218186457658	-0.490218186457658	-0.490218186457658	-0.490218186457658	-0.490218186457658	-0.490218186457658	0.687380742870076	0.265951141681641	1.05179216907895	0.152252350858164	0.293028910920459	0.490903803336653
TRINITY_GG_66030_c0_g1	1.88935487951733	-0.882466129693078	3.68703133015422	-0.925954911288292	-0.928554362515674	2.97798928544712	-0.986960297564183	-0.984253551852959	-0.988315577176194	-0.984253551852959	-1.01984365937797	-0.853773453797367
TRINITY_GG_64408_c2_g2	-0.604824767314183	-0.604824767314183	-0.604824767314183	-0.604824767314183	-0.604824767314183	-0.604824767314183	1.55318903927559	1.02790875863635	-0.0314502408682383	0.122877905523056	1.56124790863252	-0.604824767314183
TRINITY_GG_104888_c0_g1	-0.600386838765527	-0.600386838765527	-0.600386838765527	-0.600386838765527	-0.600386838765527	-0.600386838765527	1.15876899503475	-0.600386838765527	0.784768058118817	0.926182821732257	1.23027413563424	0.102713860838633
TRINITY_GG_77014_c0_g1	-1.20820452087424	-1.20820452087424	-1.20820452087424	-1.20820452087424	-1.20820452087424	-1.20820452087424	3.08266217875076	2.8216900287891	-1.20820452087424	-1.20820452087424	1.43841898760234	2.32286497185171
TRINITY_GG_53997_c141_g1	-0.661443281531074	-0.661443281531074	-0.661443281531074	-0.661443281531074	-0.661443281531074	-0.661443281531074	0.828099654111399	0.670261934967818	-0.661443281531074	0.747811865153763	1.59435955507164	0.789569961412899
TRINITY_GG_56719_c17_g2	-0.540926895222533	-0.540926895222533	-0.540926895222533	-0.540926895222533	-0.540926895222533	-0.540926895222533	0.238963144117514	0.801627850254787	0.837584728031197	1.04979487478731	0.858517669366925	-0.540926895222533
TRINITY_GG_61790_c2_g1	0.0679570901369719	0.473063246786041	2.16282046135092	0.593718978063186	-0.0650421732397917	0.247770934943798	-0.580048089673521	-0.580048089673521	-0.580048089673521	-0.580048089673521	-0.580048089673521	-0.580048089673521
TRINITY_GG_3559_c77_g1	-0.652514416135116	-0.652514416135116	-0.652514416135116	-0.652514416135116	-0.652514416135116	-0.652514416135116	0.636139447470054	-0.652514416135116	1.06425704028311	1.86954133302585	0.944420726252116	0.0532423659146818
TRINITY_GG_36378_c1_g1	-0.60700388498786	-0.60700388498786	-0.60700388498786	-0.60700388498786	-0.60700388498786	-0.60700388498786	0.594002581068233	1.15342998968225	0.904970096793941	1.32392264607617	0.272701881294428	-0.60700388498786
TRINITY_GG_72867_c0_g1	-0.682306471236282	-0.682306471236282	-0.682306471236282	-0.682306471236282	-0.682306471236282	-0.682306471236282	1.52745879473782	0.702295986414473	0.0110132075752923	1.78419014131579	0.751187168610598	-0.682306471236282
TRINITY_GG_54896_c40_g4	-0.694986936695935	-0.694986936695935	-0.694986936695935	-0.694986936695935	-0.694986936695935	-0.694986936695935	-0.694986936695935	0.776980850965581	0.98353574018756	0.82102821030773	1.21919485830634	1.06416889710434
TRINITY_GG_21549_c0_g3	-0.909081677295329	-0.909081677295329	-0.909081677295329	-0.909081677295329	-0.909081677295329	-0.909081677295329	0.0131161711010381	1.05328225421162	2.45982632573644	-0.909081677295329	1.86554727007588	0.971799719942322
TRINITY_GG_11961_c1_g1	-1.11222442590222	-1.11222442590222	-1.11222442590222	-1.11222442590222	-1.11222442590222	-1.11222442590222	0.829633093101223	-1.11222442590222	1.49705775401435	0.191702410578478	3.36862231077044	1.89855541285103
TRINITY_GG_90813_c0_g2	-0.656509266370769	-0.656509266370769	-0.656509266370769	-0.656509266370769	-0.656509266370769	-0.656509266370769	0.391029122392591	1.4865575660073	0.260349498328985	0.261876968075579	0.939948873188216	0.599293570231949
TRINITY_GG_57924_c29_g1	-0.360487076606668	-0.360487076606668	-0.360487076606668	-0.360487076606668	-0.360487076606668	-0.360487076606668	0.885008586213253	-0.00998982952253458	0.26337978524603	0.114597806342115	0.803655572241639	0.106270539119504
TRINITY_GG_87357_c4_g1	-0.65709954421392	-0.65709954421392	-0.65709954421392	-0.65709954421392	-0.65709954421392	-0.65709954421392	0.203664658414907	1.03085694983056	1.55702526113893	-0.65709954421392	1.46092787837687	0.347222061736173
TRINITY_GG_62221_c34_g1	-1.46386449761602	-1.46386449761602	-1.46386449761602	-1.46386449761602	-1.46386449761602	-1.46386449761602	2.62901946806247	2.21780964417682	1.20130084455477	-1.46386449761602	3.07950765022574	1.11941387629233
TRINITY_GG_98604_c1_g1	-1.01191454438923	-1.01191454438923	-1.01191454438923	-1.01191454438923	-1.01191454438923	-1.01191454438923	0.48939720485443	0.353218049063301	2.42291381203068	0.310013550498133	1.40654529319176	1.08939935669707
TRINITY_GG_103730_c11_g1	-0.554733441151587	-0.554733441151587	-0.554733441151587	-0.554733441151587	-0.554733441151587	-0.554733441151587	1.09511191115442	0.3544636218401	0.733920422453582	-0.0549513210042757	-0.171789571582597	1.37164558404829
TRINITY_GG_67130_c1_g1	2.46489931300102	2.42604779687382	2.09130108756885	2.16335366650318	-1.14320023299336	-1.14320023299336	-1.14320023299336	-1.14320023299336	-1.14320023299336	-1.14320023299336	-1.14320023299336	-1.14320023299336
TRINITY_GG_546_c214_g1	-0.600720408662299	-0.600720408662299	-0.600720408662299	-0.600720408662299	-0.600720408662299	-0.600720408662299	-0.600720408662299	0.825812729454374	-0.233349343013769	1.94771621603374	0.633780911899912	1.03108234626183
TRINITY_GG_18252_c0_g1	-0.521613747854285	-0.521613747854285	-0.521613747854285	-0.521613747854285	-0.521613747854285	-0.521613747854285	0.339944671717743	0.270825182210352	0.34707301746785	1.02336613540152	1.34470081352276	-0.196227333194512
TRINITY_GG_12888_c0_g1	1.69665347188065	0.755092172859445	-0.548572040312359	2.277634589158	0.384814677871162	-0.545944179766321	-0.682135566053465	-0.682135566053465	-0.682135566053465	-0.60900086142325	-0.682135566053465	-0.682135566053465
TRINITY_GG_99443_c76_g1	0.707047697781036	-0.552375454500379	0.637923337126216	0.682125866061832	0.419214081029683	1.42031719950389	-0.552375454500379	-0.552375454500379	-0.552375454500379	-0.552375454500379	-0.552375454500379	-0.552375454500379
TRINITY_GG_5256_c24_g1	-0.643049919364792	-0.643049919364792	-0.643049919364792	-0.643049919364792	-0.643049919364792	-0.643049919364792	2.14291904741246	0.573560149377649	1.80796332357918	0.0829093151443951	-0.106002399960135	-0.643049919364792
TRINITY_GG_32543_c0_g2	-1.61429156349078	-1.46763634137131	-1.49261300690252	-1.61429156349078	-1.41642617213704	-1.1033296442134	-1.45337137530967	1.81505659023295	2.60022184658924	3.24000336696454	0.971872682440134	1.53480518068862
TRINITY_GG_58395_c15_g1	-1.11882453892449	-0.975645979069222	-0.221804612061783	-0.703647843828967	-1.7818668884597	-1.88100376945143	1.16420095187555	0.11938966779797	1.21460214088302	0.957359868593406	1.98640101665513	1.24083998599052
TRINITY_GG_57531_c140_g1	0.768396724442131	-1.16819410538181	2.04996708171335	0.195257351689905	2.61735644635745	2.54638113346982	-1.16819410538181	-1.16819410538181	-1.16819410538181	-1.16819410538181	-1.16819410538181	-1.16819410538181
TRINITY_GG_55255_c27_g1	-0.568599623494877	-0.568599623494877	-0.568599623494877	-0.568599623494877	-0.568599623494877	-0.568599623494877	0.63177917448915	1.26124993634981	-0.568599623494877	0.775660771490542	1.17081646990615	0.140691012228481
TRINITY_GG_99785_c3_g2	-0.58556770616708	-0.58556770616708	-0.58556770616708	-0.58556770616708	-0.58556770616708	-0.58556770616708	0.0834590593425506	1.30779450459679	0.375685177891128	-0.58556770616708	1.73173636219483	0.600298839144254
TRINITY_GG_54597_c5_g1	0.779669058505709	1.21734680874053	1.47993410988619	0.561433282557502	-0.166404632770317	1.25310972888443	-0.685108198075554	-0.887996031545697	-0.887996031545697	-0.887996031545697	-0.887996031545697	-0.887996031545697
TRINITY_GG_1939_c9_g2	-0.564459726069507	-0.564459726069507	-0.564459726069507	-0.564459726069507	-0.564459726069507	-0.564459726069507	-0.00276700467119761	0.792247526865875	-0.121914269964202	1.11901216678572	1.14173926136027	0.458440676040572
TRINITY_GG_62535_c0_g2	0.928177342721392	0.578929534166995	1.43227585801224	-0.643256773155118	1.31836655513183	0.245048122053369	-0.643256773155118	-0.643256773155118	-0.643256773155118	-0.643256773155118	-0.643256773155118	-0.643256773155118
TRINITY_GG_54339_c68_g1	-0.958971459066003	-0.958971459066003	-0.958971459066003	-0.958971459066003	-0.958971459066003	-0.958971459066003	2.20259379733103	2.15072340575993	-0.958971459066003	-0.550803088357897	1.2862199339983	1.62406616473066
TRINITY_GG_684_c21_g1	-0.629155055274505	-0.629155055274505	-0.629155055274505	-0.629155055274505	-0.629155055274505	-0.629155055274505	0.509004089954966	0.324668898666662	-0.629155055274505	0.855240907228162	1.22364283754427	1.49152865352748
TRINITY_GG_57206_c48_g1	0.450746228063485	1.28446715992598	0.718855418677273	1.05568829592987	-0.701761720301418	1.40257493951332	-0.701761720301418	-0.701761720301418	-0.701761720301418	-0.701761720301418	-0.701761720301418	-0.701761720301418
TRINITY_GG_53997_c48_g1	-0.88398998783707	-0.88398998783707	-0.88398998783707	-0.88398998783707	-0.88398998783707	-0.88398998783707	0.606580142609131	0.958385500369217	1.83409759612345	-0.88398998783707	1.78299378222959	1.00587289352811
TRINITY_GG_55266_c14_g5	-0.553327598644793	-0.553327598644793	-0.553327598644793	-0.553327598644793	-0.553327598644793	-0.553327598644793	0.91186328928119	-0.553327598644793	0.550337884120904	1.22193369370296	0.65706126580061	0.532097057607885
TRINITY_GG_66356_c1_g1	-0.298794734475919	3.02159258255909	3.43559521541684	-1.13067197566759	2.88698274184073	-1.13067197566759	-1.13067197566759	-1.13067197566759	-1.13067197566759	-1.13067197566759	-1.13067197566759	-1.13067197566759
TRINITY_GG_54734_c43_g3	-0.798843713586546	-0.798843713586546	-0.798843713586546	-0.798843713586546	-0.798843713586546	-0.798843713586546	1.22583056682508	2.63184299566175	0.0459436364925139	1.24834565012591	-0.798843713586546	0.439943146000571
TRINITY_GG_33444_c0_g1	-0.807964796686068	-0.807964796686068	-0.807964796686068	-0.807964796686068	-0.807964796686068	-0.807964796686068	0.381069027703949	0.896021807177363	0.16141596825554	1.658009667818	0.172426159375404	1.57884614978615
TRINITY_GG_1214_c12_g1	-0.639812015626564	-0.639812015626564	-0.639812015626564	-0.639812015626564	-0.639812015626564	-0.639812015626564	-0.639812015626564	1.87266773129307	1.20577839322129	-0.248044295670568	1.6354930785722	0.0127892019699551
TRINITY_GG_95492_c0_g3	-0.639405858951416	-0.639405858951416	-0.639405858951416	-0.639405858951416	-0.639405858951416	-0.639405858951416	0.873579475862261	-0.639405858951416	0.912971212143453	1.07472973490492	0.824216597900478	0.7903439918488
TRINITY_GG_8429_c2_g1	-0.987617927667416	-0.929647859030086	-0.950587196722449	-0.956222731391882	-0.946374945435535	-0.909008092971049	1.96527471448562	-0.899476330798398	-0.904915338337167	1.28440526139363	2.16277927410168	2.07139117237305
TRINITY_GG_14287_c0_g1	0.169523079874356	-0.526406696195859	2.55393386840512	-0.868481364194998	3.60872878985736	2.89099075700784	-1.1761564647858	-1.2623846503845	-1.48765958025407	-1.48765958025407	-1.12589122083491	-1.28853693824047
TRINITY_GG_67672_c0_g1	-0.808869974728772	-0.808869974728772	-0.808869974728772	-0.808869974728772	-0.808869974728772	-0.808869974728772	0.322060895097677	1.14904462390421	1.08953188526342	-0.808869974728772	2.96396582193123	0.137486596904862
TRINITY_GG_54881_c7_g1	-1.127909155051	-0.955058846247554	-1.07860287505831	-1.43146410129428	-1.64966568441613	-0.74554433435896	2.61537615290869	2.70788632020195	-1.25305365960747	-0.860912853715865	1.98144056817306	1.79750846846588
TRINITY_GG_19558_c26_g1	-0.554449604434415	-0.554449604434415	-0.554449604434415	-0.554449604434415	-0.554449604434415	-0.554449604434415	1.37836749830744	0.731840153699682	-0.554449604434415	0.0759558670479084	0.759376691955983	0.935607020029896
TRINITY_GG_198_c0_g2	-0.671857263894813	-0.671857263894813	-0.671857263894813	-0.671857263894813	-0.671857263894813	-0.671857263894813	0.631485130592518	0.150261010834531	0.636736604689463	1.64283926176147	1.64167883938571	-0.671857263894813
TRINITY_GG_5601_c10_g1	-0.504684726364289	-0.504684726364289	-0.504684726364289	-0.504684726364289	-0.504684726364289	-0.504684726364289	1.30349435740718	0.508956184305097	-0.0856852609330233	0.272682383086124	0.933075667175638	0.0955850271447157
TRINITY_GG_42479_c0_g1	-0.582612132917502	-0.582612132917502	-0.582612132917502	-0.582612132917502	-0.582612132917502	-0.582612132917502	0.734691935444412	1.20272916578768	1.34680015498375	0.489150536382589	0.304913137824085	-0.582612132917502
TRINITY_GG_35607_c0_g3	-0.400300451623632	-0.400300451623632	-0.400300451623632	-0.400300451623632	-0.400300451623632	-0.400300451623632	0.213231201294295	0.120750285277331	0.888353411981537	0.65558930657265	-0.0206794895679242	0.544557994183907
TRINITY_GG_43517_c5_g3	-1.30509575360573	-1.30509575360573	-1.30509575360573	-1.30509575360573	-1.30509575360573	-1.30509575360573	-1.30509575360573	3.54979755721523	2.19034358934555	-1.30509575360573	2.52455088127331	2.17607400101174
TRINITY_GG_21537_c2_g1	-0.728237785235643	-0.728237785235643	-0.728237785235643	-0.728237785235643	-0.728237785235643	-0.728237785235643	-0.0903957249115378	-0.728237785235643	0.59484400426809	0.404010013062797	1.86607188774477	2.32313431648538
TRINITY_GG_11159_c30_g1	-0.718398050328263	-0.718398050328263	-0.718398050328263	-0.718398050328263	-0.718398050328263	-0.718398050328263	0.727328653021721	0.921760104635017	-0.718398050328263	1.43346076639874	0.965971878684743	0.980264949557621
TRINITY_GG_20301_c8_g1	-0.658059126521624	-0.658059126521624	-0.658059126521624	-0.658059126521624	-0.658059126521624	-0.658059126521624	1.90509900388118	0.947435207330885	0.337606283214485	0.557308845681856	-0.658059126521624	0.858964545542957
TRINITY_GG_88717_c0_g1	-0.810030733259423	1.97447324967014	-0.443778469559859	1.27539392299325	1.40782036355171	1.45630606616071	-0.810030733259423	-0.810030733259423	-0.810030733259423	-0.810030733259423	-0.810030733259423	-0.810030733259423
TRINITY_GG_86307_c0_g1	-0.657920528612295	-0.657920528612295	-0.657920528612295	-0.657920528612295	-0.657920528612295	-0.657920528612295	0.629551766506772	-0.657920528612295	1.39623334315041	0.383322453619587	0.219431097836968	1.97690503917232
TRINITY_GG_89631_c1_g2	-1.14151876621344	-1.14151876621344	1.95878613958225	2.87078172343517	2.03974283807019	2.26283942861988	-1.14151876621344	-1.14151876621344	-1.14151876621344	-1.14151876621344	-1.14151876621344	-1.14151876621344
TRINITY_GG_1597_c4_g3	-1.82485457933739	-1.51784538129266	-1.77905088972426	-1.61020939944132	-1.46396254031736	-2.02271997069112	3.34265762489172	3.9791272991753	-2.02271997069112	3.82018345694685	2.99382092016267	-1.89442656968131
TRINITY_GG_3388_c36_g1	-0.434813763533958	-0.434813763533958	-0.434813763533958	-0.434813763533958	-0.434813763533958	-0.434813763533958	0.754220060856059	0.0731077014233701	0.589505915661455	0.127856062568744	0.504788956822086	0.559403883872036
TRINITY_GG_48039_c1_g3	-1.06573423945647	-1.06573423945647	-1.06573423945647	-1.06573423945647	-1.06573423945647	-1.06573423945647	2.22498504331448	1.53857435006949	0.861024292529991	1.77200721279287	1.06354877748849	-1.06573423945647
TRINITY_GG_68897_c0_g2	-0.789166470261344	-0.789166470261344	-0.789166470261344	-0.789166470261344	-0.789166470261344	-0.789166470261344	2.0921065911679	0.907272550394409	0.325200554690656	-0.789166470261344	0.9328623076415	1.26672328793494
TRINITY_GG_55204_c0_g1	-0.63573827346046	-0.63573827346046	-0.63573827346046	-0.63573827346046	-0.63573827346046	-0.63573827346046	-0.63573827346046	0.272690376708327	0.705678251018262	1.00395695993912	1.87522364581692	0.592618680740588
TRINITY_GG_11198_c1_g1	-0.926662575553448	-0.926662575553448	-0.926662575553448	-0.926662575553448	-0.926662575553448	-0.926662575553448	1.95539349541518	0.732348595644702	1.12087581320991	0.976375694559464	-0.926662575553448	1.70164443004488
TRINITY_GG_2400_c0_g1	-1.02647702041003	-1.02647702041003	-1.02647702041003	-1.02647702041003	-1.02647702041003	-1.02647702041003	2.08605631714395	1.85518759891031	-0.850154247769568	1.76387799330081	1.9551930016951	-0.651298540820418
TRINITY_GG_64163_c0_g1	-0.508823983690246	2.47238229547991	1.61954034291989	1.84211809344162	0.662570905847521	0.325027705612925	-1.11857894586269	-1.11857894586269	-1.11857894586269	-1.11857894586269	-1.11857894586269	-0.819920630298174
TRINITY_GG_57849_c9_g2	-0.664006751675372	-0.664006751675372	-0.664006751675372	-0.664006751675372	-0.664006751675372	-0.664006751675372	0.951880322240685	0.437643324419063	0.844421900856485	-0.664006751675372	0.691573395701988	1.72252831850938
TRINITY_GG_21294_c0_g2	1.7077637378764	-0.161029630171807	1.14148396907645	2.58810217389267	0.0749755105179575	1.60740503355864	-1.85005876548094	-1.06152427839899	-0.259120343708174	-0.877261029835462	-1.95379061007845	-0.956945767248297
TRINITY_GG_22529_c0_g1	-0.518712917664081	-0.518712917664081	-0.518712917664081	-0.518712917664081	-0.518712917664081	-0.518712917664081	0.375813852593313	-0.025065583688871	1.19410293677329	1.01932853566958	0.511976286407059	0.0361214782301115
TRINITY_GG_7971_c6_g2	-0.98600082444164	-0.98600082444164	-0.98600082444164	-0.98600082444164	-0.98600082444164	-0.98600082444164	2.048038769912	0.26131911053818	1.54980331382867	0.39251079881209	2.65033377800054	-0.98600082444164
TRINITY_GG_37381_c0_g1	-1.22522440804928	-1.22522440804928	-1.22522440804928	-1.22522440804928	-1.22522440804928	-1.22522440804928	1.64444962552523	-1.22522440804928	-0.637379398795	3.35576521609695	2.38133626308891	1.83239915042885
TRINITY_GG_55681_c1_g1	-0.64786155918095	-0.64786155918095	-0.64786155918095	-0.64786155918095	-0.64786155918095	-0.64786155918095	1.51595916730947	0.796275397406642	-0.64786155918095	0.524625956329184	0.502048108353975	1.19612228486738
TRINITY_GG_88673_c0_g1	-0.606828977815732	-0.606828977815732	-0.606828977815732	-0.606828977815732	-0.606828977815732	-0.606828977815732	1.87266029316282	-0.047092453382749	-0.606828977815732	0.726022144256423	0.437914843408666	1.25829801726496
TRINITY_GG_1607_c57_g1	2.68373166560709	3.19318824981136	2.41155814081391	2.19178800745944	-1.31003325796147	-1.31003325796147	-1.31003325796147	-1.31003325796147	-1.31003325796147	-1.31003325796147	-1.31003325796147	-1.31003325796147
TRINITY_GG_41321_c3_g1	-0.68332113709545	-0.68332113709545	-0.68332113709545	-0.68332113709545	-0.68332113709545	-0.68332113709545	1.58750677845821	0.629344036462944	1.11286127362455	0.937734366204289	0.515801504918151	-0.68332113709545
TRINITY_GG_1861_c0_g1	-0.644146565501767	-0.644146565501767	-0.644146565501767	-0.644146565501767	-0.644146565501767	-0.644146565501767	0.415900818168172	-0.644146565501767	1.20104236983831	0.438556023828483	0.765108581183071	1.68841816549433
TRINITY_GG_3071_c26_g2	-0.503507077049638	-0.503507077049638	-0.503507077049638	-0.503507077049638	-0.503507077049638	-0.503507077049638	0.557232080808041	-0.1294413588271	0.74684819471341	1.16461204763679	-0.232081400956703	0.913872898923385
TRINITY_GG_77415_c4_g2	-0.837888333501565	-0.837888333501565	-0.837888333501565	-0.837888333501565	-0.837888333501565	-0.837888333501565	1.28677065691795	0.405780747465298	0.00770207534628975	1.5092103371207	1.42002745782265	0.397838726336493
TRINITY_GG_1785_c39_g1	-0.665513293880829	-0.665513293880829	-0.665513293880829	-0.665513293880829	-0.665513293880829	-0.665513293880829	1.06523533553538	1.32979031145441	0.905435311292498	1.24291535628796	0.115216742595547	-0.665513293880829
TRINITY_GG_22227_c11_g1	-1.04308303896579	-1.04308303896579	-1.04308303896579	-1.04308303896579	-1.04308303896579	-1.04308303896579	1.13164294874034	-0.0825713288467657	0.956195433116751	0.216942616995665	1.38237626579957	2.65391229798918
TRINITY_GG_92300_c0_g1	-0.614710987921147	-0.614710987921147	-0.614710987921147	-0.614710987921147	-0.614710987921147	-0.614710987921147	0.743685274035507	1.38564964076237	0.731820474106873	0.0963433338909196	0.0615564203447428	0.669210784386471
TRINITY_GG_50051_c1_g2	-0.711373517959367	2.59255331852133	-0.236288635010584	-0.0670557396217893	1.18547955493734	1.50492612688927	-0.711373517959367	-0.711373517959367	-0.711373517959367	-0.711373517959367	-0.711373517959367	-0.711373517959367
TRINITY_GG_100561_c0_g1	4.76594811751716	5.14010922448028	4.93519320177839	4.43652974667321	-2.6179345252668	-2.59736098530428	-1.48325935407944	-2.59736098530428	-2.43568729442973	-2.47385299612237	-2.54717522813606	-2.52514892180606
TRINITY_GG_78466_c2_g1	0.0142696537056157	1.08364335674628	-0.685281978817474	0.513840663196127	0.905918694114902	2.27930148395939	-0.685281978817474	-0.685281978817474	-0.685281978817474	-0.685281978817474	-0.685281978817474	-0.685281978817474
TRINITY_GG_66702_c0_g2	2.77296185067148	-0.316714246899804	-0.740023484142191	-0.179308529667712	0.429901517300121	2.47332379759125	-0.740023484142191	-0.740023484142191	-0.740023484142191	-0.740023484142191	-0.740023484142191	-0.740023484142191
TRINITY_GG_10183_c3_g1	-0.578072444950991	-0.578072444950991	-0.578072444950991	-0.578072444950991	-0.578072444950991	-0.578072444950991	-0.578072444950991	1.26188714253854	0.363785074052449	0.962450851487229	1.13033553853261	0.328048508046109
TRINITY_GG_39164_c1_g1	-0.796059646718952	-0.796059646718952	-0.796059646718952	-0.796059646718952	-0.796059646718952	-0.796059646718952	0.961390369512338	1.0595314609915	1.82006275792773	-0.796059646718952	0.681099564467689	1.05033337413341
TRINITY_GG_105078_c0_g1	-0.439513707654249	-0.439513707654249	-0.439513707654249	-0.439513707654249	-0.439513707654249	-0.439513707654249	1.68778939812788	-0.0980971831755265	-0.182503089448225	-0.208081299206284	1.12559598887759	0.31237843075006
TRINITY_GG_26467_c0_g1	-0.642788948987334	-0.642788948987334	-0.642788948987334	-0.642788948987334	-0.642788948987334	-0.642788948987334	-0.642788948987334	1.27254072702568	0.736832013068375	1.04606279487855	0.615428440548684	0.828658667390058
TRINITY_GG_76796_c81_g1	-0.436777828375398	-0.436777828375398	-0.436777828375398	-0.436777828375398	-0.436777828375398	-0.436777828375398	1.21168761465192	0.563943338868256	0.542149948006001	0.281309755585118	-0.121791342906883	0.143367656047982
TRINITY_GG_29299_c0_g1	-1.20304613819325	-1.20304613819325	-1.12717127121813	-0.815683597357259	-1.17872645899784	-1.20304613819325	1.91098766235701	2.1316651413924	-0.0740929178072485	1.49828111921969	-0.501718880780314	1.76559761777146
TRINITY_GG_57158_c64_g1	0.14960942257108	0.571626810028613	0.451537643986842	0.991877153287371	0.712128873892307	0.283168010402642	-0.526657985694809	-0.526657985694809	-0.526657985694809	-0.526657985694809	-0.526657985694809	-0.526657985694809
TRINITY_GG_7884_c25_g1	-0.661966061038174	-0.661966061038174	-0.661966061038174	-0.661966061038174	-0.661966061038174	-0.661966061038174	1.26517187793033	0.469623423289961	1.18923327755512	1.97006944294525	-0.661966061038174	-0.260335594453434
TRINITY_GG_52974_c5_g1	-0.621845012780764	-0.621845012780764	-0.621845012780764	-0.621845012780764	-0.621845012780764	-0.621845012780764	-0.186749861160667	-0.25783295922215	1.45813036393983	0.416591168875344	2.656139734519	-0.355208370266775
TRINITY_GG_23060_c11_g1	-0.86046939237196	-0.86046939237196	-0.86046939237196	-0.86046939237196	-0.86046939237196	-0.86046939237196	0.134472317805011	-0.86046939237196	1.08326443726257	1.50494320011898	2.2275025455281	1.07310324588906
TRINITY_GG_78392_c0_g2	-1.11800865274915	-0.84507238895867	-1.39301570024902	-1.07686995795566	-1.10731757429089	-1.39301570024902	2.83910778282525	2.21437379977538	1.4420999150092	-0.445162556862003	2.01406507520148	-1.13118404149688
TRINITY_GG_88766_c0_g1	-1.05502223952401	2.72885343750571	1.03921383032175	2.13306213103714	2.53904851732752	-1.05502223952401	-1.05502223952401	-1.05502223952401	-1.05502223952401	-1.05502223952401	-1.05502223952401	-1.05502223952401
TRINITY_GG_23548_c3_g1	-2.03988641220076	-2.03988641220076	-2.03988641220076	-2.03988641220076	-2.03988641220076	-2.03988641220076	3.51838122185498	1.86266959314387	3.04999303973059	-2.03988641220076	3.51252140130098	2.3356396293749
TRINITY_GG_27068_c2_g1	-0.597583294138696	-0.597583294138696	-0.597583294138696	-0.597583294138696	-0.597583294138696	-0.597583294138696	-0.597583294138696	0.888358689273723	-0.0645183722690587	0.422474358202557	1.68515302613765	1.25161535762601
TRINITY_GG_55691_c107_g1	-1.09530541013555	-1.09530541013555	-1.09530541013555	-1.09530541013555	-1.09530541013555	-1.09530541013555	2.2067211235696	0.913683373091704	0.919763911582098	-1.09530541013555	1.73677444253611	1.89019502016933
TRINITY_GG_64621_c29_g1	-0.847856316206291	-0.847856316206291	-0.847856316206291	-0.847856316206291	-0.847856316206291	-0.847856316206291	1.09775138697508	1.50207505715382	-0.847856316206291	-0.133281077354665	2.83707460166975	0.631374245000045
TRINITY_GG_4867_c68_g1	-0.545879819579826	-0.545879819579826	-0.545879819579826	-0.545879819579826	-0.545879819579826	-0.545879819579826	0.473466269224986	1.06859446325788	0.114957548116458	1.31964313956014	0.255692749883772	0.0429247474357246
TRINITY_GG_53985_c65_g1	0.0945801049059388	0.77622471635624	0.869718583119321	-0.00763650303442726	-0.0172013670699614	1.00449370402936	-0.453363206384411	-0.453363206384411	-0.453363206384411	-0.453363206384411	-0.453363206384411	-0.453363206384411
TRINITY_GG_4753_c28_g2	-0.676219800209348	-0.676219800209348	-0.676219800209348	-0.676219800209348	-0.496071939050919	-0.676219800209348	0.987807859510799	0.850850535303313	0.0739579053837096	-0.17032887047939	0.545966507112765	1.58891700326646
TRINITY_GG_54886_c82_g1	-0.60808100431706	-0.60808100431706	-0.60808100431706	-0.60808100431706	-0.60808100431706	-0.60808100431706	0.461621162313008	0.550256022850041	1.50595279623321	-0.60808100431706	0.661550646623379	1.07718640219978
TRINITY_GG_57439_c0_g1	-0.609260810543842	-0.609260810543842	-0.609260810543842	-0.609260810543842	-0.609260810543842	-0.609260810543842	0.29377745956907	0.514405385909978	0.534132608149346	-0.609260810543842	1.42776992040113	1.49474029977737
TRINITY_GG_19436_c24_g1	-0.582359568488905	-0.582359568488905	-0.582359568488905	-0.582359568488905	-0.582359568488905	-0.582359568488905	0.858592629540731	-0.582359568488905	0.636111642254356	0.198370467987471	0.787246501542933	1.59619573809685
TRINITY_GG_51208_c0_g2	-0.812326447028237	-0.812326447028237	-0.812326447028237	-0.812326447028237	-0.812326447028237	-0.812326447028237	-0.812326447028237	0.546069814928418	1.30835726177374	0.948958826333383	0.416646122731924	2.46625310343019
TRINITY_GG_68488_c2_g1	0.137633200611181	0.714328085348737	0.189253892845597	0.0461716491011822	0.342846952056633	0.656527979391033	-0.34779362655906	-0.34779362655906	-0.34779362655906	-0.34779362655906	-0.34779362655906	-0.34779362655906
TRINITY_GG_60217_c10_g1	-0.369666433684317	-0.369666433684317	-0.369666433684317	-0.369666433684317	-0.369666433684317	-0.369666433684317	0.480732963085937	0.0395887130005205	0.364988999794688	0.651813293726134	-0.0604902462058029	0.741364878704427
TRINITY_GG_91352_c1_g1	-0.572361395718238	-0.572361395718238	-0.572361395718238	-0.572361395718238	-0.572361395718238	-0.572361395718238	0.594354049248185	0.901165781438521	-0.0725792755709259	0.209208149097736	1.1923244568039	0.609695213292013
TRINITY_GG_8091_c0_g1	-0.744936694976367	-0.744936694976367	-0.744936694976367	-0.744936694976367	-0.744936694976367	-0.744936694976367	-0.744936694976367	0.00866784130362785	-0.404659290210113	2.09038107750784	-0.371984597064538	3.89215183329776
TRINITY_GG_28909_c0_g1	1.43663578380999	-0.7400061338469	-0.0369054342427403	1.04826194901994	0.92584138740865	1.80620925093246	-0.7400061338469	-0.7400061338469	-0.7400061338469	-0.7400061338469	-0.7400061338469	-0.7400061338469
TRINITY_GG_54614_c70_g1	-1.05978500418764	-1.05978500418764	-1.05978500418764	-1.05978500418764	-1.05978500418764	-1.05978500418764	0.667917668649602	2.10821512033018	0.22827819613768	2.00129991641367	1.41062170663169	-0.0576225830370154
TRINITY_GG_1516_c43_g1	-0.811361971346432	-0.811361971346432	-0.811361971346432	-0.811361971346432	-0.811361971346432	-0.811361971346432	0.577103125936723	1.30433718208515	1.42650762952108	-0.811361971346432	0.87435396464422	1.49723189723784
TRINITY_GG_55926_c4_g1	-0.348172200398116	-0.348172200398116	-0.348172200398116	-0.348172200398116	-0.348172200398116	-0.348172200398116	0.719466516477247	0.187880699842093	0.307179628214438	0.733167427053822	-0.135291634053732	0.276630564854831
TRINITY_GG_60753_c0_g1	1.05634409206821	0.6481973639258	-0.591200677640755	0.100333487278445	0.825098627839124	1.5084311723737	-0.591200677640755	-0.591200677640755	-0.591200677640755	-0.591200677640755	-0.591200677640755	-0.591200677640755
TRINITY_GG_7053_c11_g2	-0.880254759412538	-0.727097971351117	-0.880254759412538	-0.880254759412538	-0.880254759412538	-0.880254759412538	1.75573174433309	1.12226775035617	2.0997705408262	-0.567589585854143	1.17944661273376	-0.461255293981272
TRINITY_GG_100763_c1_g1	-0.463598663096156	-0.463598663096156	-0.463598663096156	-0.463598663096156	-0.463598663096156	-0.463598663096156	0.55859157653791	0.965079746852075	0.648767859976408	0.240387940767275	-0.0928763879479884	0.461641242391255
TRINITY_GG_56390_c3_g1	-0.648549121367988	-0.648549121367988	-0.648549121367988	-0.648549121367988	-0.648549121367988	-0.648549121367988	1.35828745602867	-0.648549121367988	0.709284357261502	0.215389329055983	1.57487342856695	0.682009278662814
TRINITY_GG_193_c48_g1	-0.686071664159532	-0.686071664159532	-0.686071664159532	-0.686071664159532	-0.686071664159532	-0.686071664159532	0.8167680940964	0.779119223766451	0.478070984688775	0.585354011933403	1.27925088420772	0.17786678626444
TRINITY_GG_58792_c14_g1	-0.483770865441823	-0.483770865441823	-0.483770865441823	-0.483770865441823	-0.483770865441823	-0.483770865441823	0.517671108732083	1.39043592043598	0.639233088612996	-0.325433838274723	0.67391964814023	0.00679926500437805
TRINITY_GG_54697_c35_g1	-0.766538114384923	-0.766538114384923	-0.766538114384923	-0.766538114384923	-0.766538114384923	-0.766538114384923	0.860134638221071	0.943193645035768	0.519751643749174	-0.766538114384923	1.51144663291484	1.5312402407736
TRINITY_GG_84742_c0_g1	-1.13922048240691	-1.13922048240691	-1.13922048240691	-1.13922048240691	-1.13922048240691	-1.13922048240691	2.67891427840394	1.72094777045473	-1.13922048240691	-1.13922048240691	2.80122820046925	1.91267360992738
TRINITY_GG_84738_c0_g1	-0.563626729579678	-0.563626729579678	-0.563626729579678	-0.563626729579678	-0.563626729579678	-0.563626729579678	0.558051827008575	-0.161996262994937	0.293956225804471	0.0442361732515575	1.01989235427181	1.62762006013659
TRINITY_GG_32562_c0_g1	1.59396367723316	0.0830954537931766	1.45966911504547	1.01714334527586	-0.836053909494498	1.69850577511382	-0.836053909494498	-0.836053909494498	-0.836053909494498	-0.836053909494498	-0.836053909494498	-0.836053909494498
TRINITY_GG_53834_c36_g1	-0.489472506619582	-0.489472506619582	-0.489472506619582	-0.489472506619582	-0.489472506619582	-0.489472506619582	0.891256941883967	0.684933911910167	0.882365110710839	0.268404153128315	0.172277093191123	0.0375978288930789
TRINITY_GG_86317_c0_g1	1.30530421081797	0.19342355837516	1.242551608346	0.281609084127356	-0.622971350793961	1.33791099389124	-0.622971350793961	-0.622971350793961	-0.622971350793961	-0.622971350793961	-0.622971350793961	-0.622971350793961
TRINITY_GG_32543_c0_g1	-1.39444553005607	-1.39444553005607	-1.39444553005607	-1.39444553005607	-1.39444553005607	-1.39444553005607	-1.39444553005607	1.68399352097145	2.64653454647287	3.38218489299498	1.54910077828868	0.499304971664497
TRINITY_GG_25002_c0_g1	0.48560331187087	0.451575908070675	0.733990941740262	-0.615374335853951	1.0495635415878	1.58688664770805	-0.615374335853951	-0.615374335853951	-0.615374335853951	-0.615374335853951	-0.615374335853951	-0.615374335853951
TRINITY_GG_64225_c5_g1	-1.0163830259173	-1.0163830259173	-0.786180012550878	-1.0163830259173	-1.0163830259173	-1.0163830259173	0.935950540452386	1.92397168561599	0.897033007368006	-0.619127680322873	1.15257985808963	1.57768773093424
TRINITY_GG_55358_c7_g1	-1.05958491593675	-1.05958491593675	-1.05958491593675	-1.05958491593675	-1.05958491593675	-1.05958491593675	1.49990689726828	2.6329538724412	0.980606155901541	-1.05958491593675	0.557713566904092	1.74591391904216
TRINITY_GG_1516_c6_g1	-0.841089795259142	-0.841089795259142	-0.570859888021144	-0.841089795259142	-0.841089795259142	-0.841089795259142	1.13710583442251	0.808295733922374	0.949682242602858	-0.227558142341215	1.15493732816593	0.953845867544394
TRINITY_GG_7952_c36_g5	-0.640903267594473	-0.640903267594473	-0.640903267594473	-0.640903267594473	-0.640903267594473	-0.640903267594473	1.21428914036468	0.778635623919312	0.210296070998821	0.309191826579213	0.530303559823669	0.802703383881142
TRINITY_GG_83278_c0_g2	-1.55193690732856	-1.55193690732856	-1.55193690732856	-1.55193690732856	-1.55193690732856	-1.55193690732856	2.90243642148571	-1.29130899920186	2.29033799907821	-1.55193690732856	3.79211039171484	3.16998253822299
TRINITY_GG_55046_c168_g1	-0.730464346545889	-0.730464346545889	-0.730464346545889	-0.730464346545889	-0.730464346545889	-0.730464346545889	1.1243292514478	0.811050492914789	1.00938375615344	0.282461827898381	0.975292435503908	0.180268315357023
TRINITY_GG_85685_c3_g1	-0.722490921759818	-0.722490921759818	-0.722490921759818	-0.722490921759818	-0.722490921759818	-0.722490921759818	0.931027748993782	-0.722490921759818	0.371745148085948	1.74060834558829	1.06661229574156	0.947442913909143
TRINITY_GG_5742_c42_g1	-0.753635278084627	-0.753635278084627	-0.753635278084627	-0.753635278084627	-0.753635278084627	-0.753635278084627	1.808790333876	1.14747296492988	1.42045150046577	-0.753635278084627	0.244199054697258	0.654533092623479
TRINITY_GG_82668_c0_g2	-0.854944156889329	-0.724013287062881	-0.854944156889329	-0.854944156889329	-0.854944156889329	-0.854944156889329	-0.328875345221742	1.00621720886407	1.45975236876696	1.99745426339722	-0.267099147635051	1.13128472333807
TRINITY_GG_29012_c0_g1	-1.13609622057213	-1.13609622057213	-1.13609622057213	-1.13609622057213	-1.13609622057213	-1.13609622057213	-1.13609622057213	0.956787745106351	2.51489804876592	-1.13609622057213	3.13001565562433	2.48706831508046
