male_bleached_K5_01	male_bleached_K5_02	male_bleached_K5_03	female_bleached_K5_04	female_bleached_K5_05	female_bleached_K5_06
TRINITY_DN167872_c7_g1	1.88699994819913	0.891779726312466	1.0891887988124	-1.28932282444133	-1.28932282444133	-1.28932282444133
TRINITY_DN200010_c5_g1	0.46292924543486	1.6210353032831	0.732139114731681	-0.938701221149881	-0.938701221149881	-0.938701221149881
TRINITY_DN183857_c0_g1	2.46575691004002	1.61032120650572	1.75930248492092	-1.94512686715556	-1.94512686715556	-1.94512686715556
TRINITY_DN198636_c6_g1	1.10861682647543	0.602187728300966	2.05538112647314	-1.25539522708318	-1.25539522708318	-1.25539522708318
TRINITY_DN165911_c1_g3	1.97714627419273	1.09767062338861	0.140022215600027	-1.07161303772712	-1.07161303772712	-1.07161303772712
TRINITY_DN187708_c6_g1	1.20572280755327	1.96626719075668	0.0492554659636253	-1.07374848809119	-1.07374848809119	-1.07374848809119
TRINITY_DN199916_c4_g3	0.329451791778208	1.06849451405038	1.06732649749146	-0.821757601106685	-0.821757601106685	-0.821757601106685
TRINITY_DN162161_c0_g1	4.69563818049735	-0.956103806924882	1.87366858124032	-1.66351967361966	-1.96176302700658	-1.98792025418655
TRINITY_DN157585_c2_g11	1.23701088713036	2.45161548995215	2.34258120421349	-2.08549417038852	-1.86021924051895	-2.08549417038852
TRINITY_DN197059_c3_g1	2.76109589925922	1.46711769534574	1.1270214382911	-1.92904179372741	-1.49715144544123	-1.92904179372741
TRINITY_DN151245_c0_g1	3.29634977783954	-1.65912860533123	4.78865133061154	-2.57607749986766	-1.44461537373188	-2.4051796295203
TRINITY_DN193107_c2_g5	-1.25984651168048	-1.25984651168048	-1.25984651168048	0.805381111095136	2.27980862523992	0.694349798706392
TRINITY_DN191472_c1_g2	7.22533648239503	0.729829426665043	-1.7957971209474	-2.06798426194236	-2.08298242623226	-2.00840209993805
TRINITY_DN158606_c2_g1	2.0561735828016	-0.330265928546165	2.83210366023415	-1.84807229155135	-1.51981657669198	-1.19012244624626
TRINITY_DN172252_c1_g2	2.0091156413425	1.10367963369017	0.271384604683925	-1.12805995990553	-1.12805995990553	-1.12805995990553
TRINITY_DN165577_c2_g1	0.252785785284569	0.366907394455163	2.65473064936282	-1.09147460970085	-1.09147460970085	-1.09147460970085
TRINITY_DN176651_c2_g6	3.64179530118918	0.511111379083673	0.0170839115196617	-1.38999686393084	-1.38999686393084	-1.38999686393084
TRINITY_DN178739_c0_g1	5.13976721335323	-0.424568558103387	0.428010414592845	-1.7144030232809	-1.7144030232809	-1.7144030232809
TRINITY_DN181168_c5_g1	-1.89436273362092	-1.89436273362092	-1.35532803065016	1.53739392657353	1.37586717361708	2.23079239770137
TRINITY_DN198807_c3_g1	3.2120554330137	0.19215006466568	1.31722132646085	-1.57380894138007	-1.57380894138007	-1.57380894138007
TRINITY_DN159439_c3_g7	-1.10831012502766	-1.10831012502766	-1.10831012502766	1.5947905745765	1.02656792931545	0.703571871191011
TRINITY_DN164358_c3_g5	-1.21966197505068	-1.21966197505068	-1.21966197505068	2.19542060774376	1.36650227088023	0.0970630465280655
TRINITY_DN183871_c3_g8	-1.67624333779372	-1.67624333779372	-1.67624333779372	1.92640357071165	1.03613233508695	2.06619410758255
TRINITY_DN188072_c3_g4	2.98764877178586	1.91548230475549	-0.453295619473553	-1.48327848568927	-1.48327848568927	-1.48327848568927
TRINITY_DN165679_c4_g2	-1.64094116866948	-1.64094116866948	-1.64094116866948	2.55865266001454	1.54175112884671	0.82241971714718
TRINITY_DN199899_c4_g1	-0.991496831686153	-1.08046038566142	-1.07307694835366	1.62826108553307	0.978923307656314	0.537849772511853
TRINITY_DN188089_c2_g1	5.05992750127818	-1.88788637403157	3.33848093906702	-2.00448413134542	-2.2530189674841	-2.2530189674841
TRINITY_DN163958_c0_g1	2.43087402961089	1.71850869211449	0.13975981480975	-1.23060863513537	-1.52926695069988	-1.52926695069988
TRINITY_DN162970_c2_g1	-1.11635394392729	-1.11635394392729	-1.11635394392729	1.49292823598928	0.884006684756221	0.972126911036383
TRINITY_DN168919_c8_g1	2.87984264295466	0.125406504884878	0.349538580406422	-1.11826257608199	-1.11826257608199	-1.11826257608199
TRINITY_DN212791_c0_g1	0.28395149759943	3.78569630260944	-0.365896876060616	-1.23458364138275	-1.23458364138275	-1.23458364138275
TRINITY_DN183000_c0_g1	-1.06285646261303	-1.06285646261303	-1.06285646261303	1.43667056160207	1.15437425360764	0.597524572629382
TRINITY_DN190838_c3_g2	1.18728083210089	2.32426346462809	0.713124188476588	-1.40822282840185	-1.40822282840185	-1.40822282840185
TRINITY_DN165545_c0_g1	2.54773689120012	0.613757493460215	0.894776013382249	-1.14678090941361	-1.88567367380385	-1.02381581482511
TRINITY_DN165525_c2_g2	2.40082918295652	1.39307842172572	-0.128306769048809	-1.22186694521115	-1.22186694521115	-1.22186694521115
TRINITY_DN166036_c0_g1	-1.03904968894209	-1.00869373180114	-0.740385332289797	1.52838029184594	1.04007814085738	0.219670320329693
TRINITY_DN196431_c0_g1	1.15202384688503	1.00475867244664	0.655640392530543	-0.937474303954072	-0.937474303954072	-0.937474303954072
TRINITY_DN176935_c1_g1	6.15468831436419	-1.49221990448804	1.89619584261155	-2.13652476322639	-1.78454714479103	-2.63759234447028
TRINITY_DN137484_c0_g1	-1.13302667100799	-1.13302667100799	-1.13302667100799	0.648962444856712	1.87954200249506	0.870575565672203
TRINITY_DN172490_c4_g1	3.61147479867459	3.70061969149263	3.80680423222131	-3.70629957412951	-3.70629957412951	-3.70629957412951
TRINITY_DN170364_c2_g3	-1.74894327776021	-1.74894327776021	-1.68130456088485	1.73815713506432	1.83962145964114	1.60141252169982
TRINITY_DN189188_c2_g2	1.13105233814575	3.44792028868855	0.46598108840932	-1.68165123841454	-1.68165123841454	-1.68165123841454
TRINITY_DN169094_c10_g2	0.986497596325762	2.21167433781793	0.291088936353428	-1.16308695683237	-1.16308695683237	-1.16308695683237
TRINITY_DN173465_c0_g2	0.336182390797981	0.979832023905321	2.12243447514488	-1.14614962994939	-1.14614962994939	-1.14614962994939
TRINITY_DN157834_c22_g1	0.668789293347798	3.26411977503873	-0.361753580830618	-1.19038516251864	-1.19038516251864	-1.19038516251864
TRINITY_DN199533_c5_g1	4.02752758959715	0.8804811456364	0.820545328230757	-2.0400843868692	-1.41540145712175	-2.27306821947336
TRINITY_DN186165_c1_g5	0.441475033379713	2.09583229949466	0.574406574311653	-1.03723796906201	-1.03723796906201	-1.03723796906201
TRINITY_DN177744_c0_g1	2.27283383314382	0.505523975950367	1.18096182369795	-1.36314063924135	-1.74361865870801	-0.852560334842773
TRINITY_DN158583_c3_g1	-1.80885335213443	-3.42626314343281	-0.852670835260907	1.8425811117512	3.49758104344362	0.747625175633319
TRINITY_DN167794_c2_g1	-0.767984334434433	-0.767984334434433	-0.767984334434433	0.697728985161531	0.621031725254076	0.985192292887691
TRINITY_DN187744_c2_g1	1.37789249710041	1.08755219306287	1.39910234639756	-1.28818234552028	-1.28818234552028	-1.28818234552028
TRINITY_DN168613_c2_g2	-1.03685776013074	-1.03685776013074	-1.03685776013074	1.24112698716903	0.50713295953411	1.36231333368908
TRINITY_DN182856_c5_g2	-2.02460058390652	-2.02460058390652	-2.02460058390652	4.25059274999569	3.84780958563038	-2.02460058390652
TRINITY_DN172258_c4_g3	1.08522029444113	0.956471773966943	0.474946705190781	-0.838879591199616	-0.838879591199616	-0.838879591199616
TRINITY_DN191360_c2_g1	4.48696469313062	0.22069812124415	0.428078928817522	-1.90818464738617	-1.94056064934084	-1.28699644646528
TRINITY_DN197601_c4_g3	3.02026638472253	1.19938197660558	-0.0708488941959629	-1.38293315571072	-1.38293315571072	-1.38293315571072
TRINITY_DN167520_c0_g3	1.58465966985201	1.42413752949935	-0.0754993730255377	-0.977765942108609	-0.977765942108609	-0.977765942108609
TRINITY_DN164343_c5_g2	1.69725397650284	0.724103914764134	0.512973117471949	-0.978110336246307	-0.978110336246307	-0.978110336246307
TRINITY_DN144910_c2_g1	1.05937455683863	0.161063979698003	1.37145590784392	-0.863964814793519	-0.863964814793519	-0.863964814793519
TRINITY_DN180369_c0_g1	1.71879907404752	4.07148150194487	-0.789556424161151	-1.66690805061041	-1.66690805061041	-1.66690805061041
TRINITY_DN153497_c0_g3	0.899233139745216	2.58366102265617	-0.0684469156277967	-1.13814908225786	-1.13814908225786	-1.13814908225786
TRINITY_DN186354_c0_g1	-1.57870189114696	-0.921937119557708	-0.950782708072247	1.53928135777833	1.05243049107037	0.859709869928226
TRINITY_DN229683_c0_g1	0.16936919934824	3.34365204706866	0.0658599860530831	-1.19296041082333	-1.19296041082333	-1.19296041082333
TRINITY_DN193662_c4_g1	-1.00018713693399	-1.35289960512761	-1.07727083240433	1.01643936781557	0.914762261284253	1.4991559453661
TRINITY_DN180814_c0_g2	1.33313138949784	0.913883278102142	0.844786511539847	-1.03060039304661	-1.03060039304661	-1.03060039304661
TRINITY_DN153993_c1_g1	1.24253039699919	0.84562570472478	2.36147617679031	-1.48321075950476	-1.48321075950476	-1.48321075950476
TRINITY_DN165894_c2_g1	-1.34803202398227	-0.537167830420326	-1.16798917534017	1.35874625269618	0.663271182378919	1.03117159466767
TRINITY_DN196408_c1_g1	0.972100278983333	0.0634451457846765	1.92301144105176	-0.986185621939924	-0.986185621939924	-0.986185621939924
TRINITY_DN180836_c2_g3	1.19723321183327	1.73503971052049	1.53267900620912	-1.31225786243123	-1.64966484953723	-1.50302921659443
TRINITY_DN190114_c4_g6	-0.872095262779899	-0.872095262779899	-0.872095262779899	1.17544312598346	1.09322728558736	0.34761537676888
TRINITY_DN192341_c3_g1	-1.24291471448485	-1.24291471448485	-1.24291471448485	1.75564186864548	2.09036588763241	-0.117263612823333
TRINITY_DN197617_c4_g2	2.86462597631985	1.67423464988141	0.596235807482613	-1.50902845784544	-2.4725925843183	-1.15347539152013
TRINITY_DN174182_c2_g3	-1.07314145747717	-1.07314145747717	-1.07314145747717	0.181452585555974	0.257416942553635	2.78055484432189
TRINITY_DN149028_c1_g1	1.51881947719592	1.35173893647736	0.340116225042244	-1.07022487957184	-1.07022487957184	-1.07022487957184
TRINITY_DN156086_c9_g3	-1.66235177540916	-1.45701023674372	-1.97985102555707	1.28096489065569	1.97425612776517	1.8439920192891
TRINITY_DN173830_c1_g1	1.7192927786565	-0.196042683025675	1.72979263907166	-1.08434757823416	-1.08434757823416	-1.08434757823416
TRINITY_DN190286_c2_g5	-0.95678840025749	-0.95678840025749	-0.95678840025749	1.04609410827563	0.707239259462657	1.11703183303418
TRINITY_DN181056_c2_g5	-1.30806294721177	-1.30806294721177	-1.30806294721177	1.41767820929218	2.49784855797616	0.00866207436697675
TRINITY_DN160346_c3_g1	5.05969646393524	-0.843405443294226	3.2628497971264	-3.33492569960838	-2.04428497729966	-2.09993014085938
TRINITY_DN176896_c2_g1	3.64036310530506	0.00624443050106294	1.23704484526581	-1.62788412702398	-1.62788412702398	-1.62788412702398
TRINITY_DN183745_c6_g2	0.996540994138586	0.32471529713835	2.55508231712281	-1.29211286946658	-1.29211286946658	-1.29211286946658
TRINITY_DN170361_c1_g1	2.18631761597696	0.0785956709775903	2.74065659779176	-2.02077861826297	-1.64450315413565	-1.34028811234769
TRINITY_DN197694_c5_g1	1.19771257832778	1.68447957748561	0.807488627548963	-1.22989359445412	-1.22989359445412	-1.22989359445412
TRINITY_DN165630_c5_g4	-1.44284425139811	-1.61405107881625	-1.61405107881625	3.37035598649436	-1.05823492375461	2.35882534629085
TRINITY_DN177371_c7_g1	1.59645215818471	0.630717622485232	2.67275431944116	-1.82851968070415	-0.949394826465499	-2.12200959294146
TRINITY_DN183145_c2_g1	2.5985543025717	0.987486721829559	0.419013982666715	-1.33501833568932	-1.33501833568932	-1.33501833568932
TRINITY_DN158340_c1_g2	5.36608662857828	-0.772349600379504	2.62660706372409	-1.93350439219408	-2.87836283800162	-2.40847686172716
TRINITY_DN199072_c0_g1	2.5033921888735	0.605252427667967	1.44570851077341	-1.00795565232247	-1.16852566587353	-2.37787180911889
TRINITY_DN167223_c11_g1	6.60002504981496	-1.85164155137263	2.79497573291339	-2.7052002633577	-2.08301844990455	-2.75514051809346
TRINITY_DN196784_c3_g1	-2.24590502144714	-2.24590502144714	-2.24590502144714	4.48782892581035	4.49579115997821	-2.24590502144714
TRINITY_DN175844_c1_g2	-1.3209694205098	-1.3209694205098	-1.14337049118207	1.79139710256276	2.69007888489575	-0.696166655256852
TRINITY_DN146724_c2_g1	0.778756885832827	0.773471538077964	1.6010495981248	-1.05109267401186	-1.05109267401186	-1.05109267401186
TRINITY_DN177830_c2_g4	-1.66135963592947	-1.67697468657135	-0.638638469596594	2.09923428823121	1.23771027588285	0.640028227983352
TRINITY_DN175161_c5_g3	-1.41617342905636	-1.41617342905636	-1.41617342905636	2.07555142201425	2.06357450530986	0.109394359844984
TRINITY_DN184982_c4_g3	-1.65018275397936	-1.65018275397936	-1.65018275397936	1.25632307164664	1.6423045376414	2.05192065265003
TRINITY_DN162578_c3_g1	2.3884915050346	0.574500153347777	1.27656191427457	-1.41318452421898	-1.41318452421898	-1.41318452421898
TRINITY_DN158303_c0_g1	-0.963930797429418	-1.08189413478371	-1.39605041261775	1.24042599680196	1.36552890015931	0.835920447869602
TRINITY_DN151349_c0_g1	-1.10662117461056	-1.10662117461056	-1.10662117461056	2.49685681364345	1.13552398623902	-0.312517276050807
TRINITY_DN165967_c1_g2	-2.00005378201233	-1.71717224130006	-2.02060900119449	3.29249365570144	-0.78258991182249	3.22793128062793
TRINITY_DN156043_c7_g1	-0.91043951846171	-1.14916770660125	-2.15804110960844	1.56091429199069	1.78215589376993	0.874578148910789
TRINITY_DN196324_c2_g3	2.57468738502555	-0.61330830425143	3.08731599380072	-1.54671777266031	-1.87807152400198	-1.62390577791256
TRINITY_DN182799_c0_g3	0.808416289394184	0.288957377347227	2.4469743336749	-1.1814493334721	-1.1814493334721	-1.1814493334721
TRINITY_DN159216_c7_g1	0.378393170986148	1.24422793266144	0.905046396794312	-0.842555833480632	-0.842555833480632	-0.842555833480632
TRINITY_DN175524_c1_g4	-1.99875495737763	-0.741930261060121	-2.05139031020574	1.94860968979426	1.5530336500496	1.29043218879962
TRINITY_DN161602_c1_g5	-1.47608457280478	-1.47608457280478	-1.47608457280478	1.44039207163294	1.92963555457647	1.05822609220494
TRINITY_DN177659_c2_g1	-1.58380915370182	-0.602218953161591	-1.36535943019199	0.95190728732551	1.09048491186835	1.50899533786154
TRINITY_DN167514_c1_g1	-1.18497668237553	-1.18497668237553	-1.18497668237553	1.83116302027973	1.07565122575117	0.648115801095685
TRINITY_DN180126_c0_g1	-1.22426036691454	-1.05010032066571	-0.560254911262657	0.820677164029334	1.03593521988363	0.978003214929934
TRINITY_DN155167_c8_g1	1.43466089370651	0.247061773275554	1.58422774415266	-1.08865013704491	-1.08865013704491	-1.08865013704491
TRINITY_DN195285_c3_g2	-1.72179718557889	-1.72179718557889	-1.72179718557889	2.47756106900621	2.52992190702707	0.157908580703396
TRINITY_DN171321_c0_g1	0.861165160206889	1.27888109649658	1.18347449181204	-1.00814991239917	-0.750494634731138	-1.5648762013852
TRINITY_DN122965_c0_g1	1.86807582503197	1.33191522773835	-0.160399343578503	-1.01319723639727	-1.01319723639727	-1.01319723639727
TRINITY_DN190982_c0_g1	-0.947342289720626	-1.35839062650216	-0.945499767068026	0.487152716466705	1.97833363647685	0.785746330347263
TRINITY_DN159359_c5_g1	2.33455074638993	0.319815719097566	1.66365387862062	-1.43934011470271	-1.43934011470271	-1.43934011470271
TRINITY_DN176782_c4_g4	3.13980222205242	0.615161967582594	1.41610662505276	-1.72369027156259	-1.72369027156259	-1.72369027156259
TRINITY_DN166181_c0_g1	1.81321709228308	1.11623365373056	0.790425756921115	-1.06335960756846	-0.886599260907197	-1.7699176344591
TRINITY_DN166386_c6_g1	3.19674381092356	0.950771964094866	1.65220354544755	-1.93323977348866	-1.93323977348866	-1.93323977348866
TRINITY_DN164343_c3_g1	0.24187596646201	2.27493874610395	0.891427289478356	-1.1360806673481	-1.1360806673481	-1.1360806673481
TRINITY_DN140001_c0_g1	1.25397135233187	1.66568949851444	0.65290879307718	-1.45662514895905	-1.25792445468521	-0.858020040279229
TRINITY_DN177189_c8_g2	-2.29112732371527	-2.21200570346071	-2.35770536780267	2.56844921540219	2.04152161662871	2.25086756294776
TRINITY_DN194302_c2_g5	-1.051356418933	-1.051356418933	-1.051356418933	0.769128924053383	0.578116777853952	1.80682355489166
TRINITY_DN152703_c2_g1	1.73468608448148	-0.195611748888452	2.25686741096253	-1.26531391551852	-1.26531391551852	-1.26531391551852
TRINITY_DN128700_c0_g2	0.616232096610425	1.461059826564	0.507043769690221	-0.861445230954882	-0.861445230954882	-0.861445230954882
TRINITY_DN157719_c1_g1	7.31043866854332	-2.04133498505317	1.66803094897797	-2.36074699454976	-2.16880038916562	-2.40758724875273
TRINITY_DN172831_c3_g2	-0.915997746182764	-0.915997746182764	-0.915997746182764	0.36910850487849	1.20369042833643	1.17519430533337
TRINITY_DN160685_c1_g2	1.56561497957555	1.07484226471238	0.300602924301311	-0.980353389529745	-0.980353389529745	-0.980353389529745
TRINITY_DN173167_c3_g1	-0.569236001352284	3.78147553389279	0.662866544929619	-1.29170202582338	-1.29170202582338	-1.29170202582338
TRINITY_DN181652_c1_g3	-1.07047100507558	-1.26234520667535	-1.14890195976134	1.18163054224021	0.793586068522355	1.50650156074971
TRINITY_DN172423_c1_g1	1.65773366101482	1.62104271756587	1.5537749536577	-1.61085044407946	-1.61085044407946	-1.61085044407946
TRINITY_DN193174_c1_g4	-1.92042531631146	-0.510332701867943	-1.91857796777317	1.07045027382057	2.04748019483556	1.23140551729645
TRINITY_DN184969_c3_g1	0.666018416007681	1.11391276120352	1.9484522979844	-1.24279449173187	-1.24279449173187	-1.24279449173187
TRINITY_DN168592_c1_g4	2.80370056531811	1.31213220731042	1.30710115684174	-2.31861304319798	-1.94652885174654	-1.15779203452575
TRINITY_DN199317_c3_g4	1.18177578928115	2.87413903730202	-0.379183941006525	-1.22557696185888	-1.22557696185888	-1.22557696185888
TRINITY_DN192161_c3_g6	1.58627193970754	1.22476795683607	0.825540246448983	-1.21219338099753	-1.21219338099753	-1.21219338099753
TRINITY_DN163514_c1_g1	4.22769000194551	-0.234235045431414	1.25586944174762	-2.17240170483304	-1.26549567858838	-1.8114270148403
TRINITY_DN156297_c4_g1	-1.51546517116449	-1.51546517116449	-1.51546517116449	1.87589013417889	1.68491362681954	0.985591752495028
TRINITY_DN193670_c0_g1	0.862095438349617	1.28089312614192	0.381356279661062	-0.841448281384199	-0.841448281384199	-0.841448281384199
TRINITY_DN181231_c0_g2	1.79395153853768	1.0895943698866	2.25953598774084	-1.87364049621906	-1.08895540341273	-2.18048599653334
TRINITY_DN194594_c0_g1	5.7059415319675	-1.49176117267957	2.4045694311748	-2.24482715759745	-2.10969107997419	-2.26423155289108
TRINITY_DN184557_c3_g2	2.5592169694019	1.7349924841932	2.02621368171286	-2.34353196119587	-1.63335921291621	-2.34353196119587
TRINITY_DN178778_c7_g3	-1.22383025935383	-1.22383025935383	-1.22383025935383	2.2544944521312	0.418640277961995	0.998356047968286
TRINITY_DN196648_c5_g3	-1.23845214514641	-1.23845214514641	-1.23845214514641	2.48521562453443	0.706031526002338	0.524109284902475
TRINITY_DN174527_c7_g1	0.00150361757503159	5.74251069862863	5.33379661472387	-3.73550774664688	-2.36556540211833	-4.97673778216233
TRINITY_DN155268_c4_g3	4.46327106925121	-1.63401019280743	3.87455224679251	-2.67656467657557	-1.58638244788468	-2.44086599877603
TRINITY_DN192453_c3_g2	-2.09663342475901	-1.05798986037383	-0.972802515322268	0.734061788601596	1.76642628470591	1.62693772714759
TRINITY_DN164726_c5_g1	-1.34346660812313	-1.26643509120335	-0.804646880590023	1.27317241903967	1.18775726884819	0.953618892028649
TRINITY_DN170043_c2_g2	1.37928765656174	0.846702829763593	1.40621874600887	-1.10137271596031	-1.56679344612774	-0.964043070246162
TRINITY_DN182124_c0_g4	0.606424756406422	3.65261911190401	-0.0213476113754345	-1.41256541897833	-1.41256541897833	-1.41256541897833
TRINITY_DN147884_c0_g1	5.17137263262178	-1.04993410565336	2.08487297773638	-2.16586869715089	-2.09168972256868	-1.94875308498525
TRINITY_DN177798_c2_g6	1.45058633225896	1.32412431871068	0.357545187196147	-1.04408527938859	-1.04408527938859	-1.04408527938859
TRINITY_DN194695_c1_g4	0.938754087117738	2.95729134004447	0.00130111408710243	-1.29911551374977	-1.29911551374977	-1.29911551374977
TRINITY_DN175008_c2_g3	1.28756197512924	1.06016397903735	1.26899288736221	-1.20557294717627	-1.20557294717627	-1.20557294717627
TRINITY_DN199961_c6_g2	0.765079067086051	1.78088447972411	2.24249179598278	-1.98384316449704	-0.905178316548143	-1.89943386174775
TRINITY_DN218072_c0_g1	1.09844061872629	2.9136507909449	-0.435255417537203	-1.19227866404466	-1.19227866404466	-1.19227866404466
TRINITY_DN155272_c10_g2	0.746186117379591	1.24977332006747	0.4710380037918	-0.822332480412953	-0.822332480412953	-0.822332480412953
TRINITY_DN164468_c3_g4	2.01939157225853	1.40483281569552	0.142407931872558	-1.27646513352043	-1.05906923667986	-1.23109794962632
TRINITY_DN175153_c5_g1	0.673449731681556	1.7281173884531	0.556487496075031	-0.98601820540323	-0.98601820540323	-0.98601820540323
TRINITY_DN155723_c1_g1	-0.79070303953679	-0.79070303953679	-0.79070303953679	1.04764369698444	0.981604935421613	0.342860486204316
TRINITY_DN180483_c6_g1	1.79940845143887	1.53159781080366	0.231093312625111	-1.18736652495588	-1.18736652495588	-1.18736652495588
TRINITY_DN177614_c1_g3	0.947052639247858	1.94598331612968	0.318503055921997	-1.07051300376651	-1.07051300376651	-1.07051300376651
TRINITY_DN175161_c1_g1	-0.885336329161234	-0.885336329161234	-0.885336329161234	1.20076804208206	1.20110777952408	0.254133165877563
TRINITY_DN173493_c9_g1	1.20160060910379	2.04207964192637	0.335883412114294	-1.19318788771482	-1.19318788771482	-1.19318788771482
TRINITY_DN161175_c5_g1	-1.03388632281534	-1.03388632281534	-1.03388632281534	0.720145995540701	2.11439703968784	0.267115933217476
TRINITY_DN194580_c0_g2	0.637470477145441	1.39094778277331	0.695592941165467	-0.90800373369474	-0.90800373369474	-0.90800373369474
TRINITY_DN155812_c1_g2	-1.34980239501412	-1.34980239501412	-1.34980239501412	1.69354210986305	0.667406895018099	1.68845818016123
TRINITY_DN161602_c1_g2	-1.74537252082595	-1.74537252082595	-1.74537252082595	1.2470333782057	2.62108958433832	1.36799459993385
TRINITY_DN173325_c0_g1	1.89894363435163	2.16124068877201	2.18194369291765	-2.16451427469847	-2.00553644266621	-2.0720772986766
TRINITY_DN199758_c5_g1	2.36509918397902	0.674007113880931	0.633365129383585	-1.47005729597948	-1.12833107568232	-1.07408305558174
TRINITY_DN198754_c2_g5	1.54979009987827	0.0418029163546563	1.23074707547088	-0.940780030567934	-0.940780030567934	-0.940780030567934
TRINITY_DN174719_c5_g1	0.166809589789807	2.33167369801076	0.695385168173911	-1.06462281865816	-1.06462281865816	-1.06462281865816
TRINITY_DN183496_c1_g2	3.30183941116341	-0.726290995492872	2.91038813322273	-2.35698720474296	-0.952484986989176	-2.17646435716113
TRINITY_DN178887_c4_g2	2.79564141474279	1.02517796293753	0.0711619060637489	-1.29732709458135	-1.29732709458135	-1.29732709458135
TRINITY_DN110789_c0_g1	-1.28161229437901	-1.28161229437901	-1.28161229437901	1.13603772278168	0.375112875642239	2.33368628471311
TRINITY_DN199713_c6_g1	3.55997866679263	1.86713170665381	1.68431028352606	-1.98659053619563	-2.54353053895056	-2.5812995818263
TRINITY_DN142898_c0_g2	-0.471754985428056	0.933554256888908	3.18336426848809	-1.21505451331631	-1.21505451331631	-1.21505451331631
TRINITY_DN165418_c3_g1	-1.12970740822899	-1.12970740822899	-1.12970740822899	-0.317414563355721	1.60342996944873	2.10310681859397
TRINITY_DN196608_c3_g1	-1.64345674437247	4.56754689331132	6.17927647621551	-2.83626746211384	-2.72330691002707	-3.54379225301345
TRINITY_DN163660_c1_g1	-1.08367713017458	-1.08367713017458	-1.08367713017458	0.562485526983312	2.19594273609366	0.492603127446773
TRINITY_DN155255_c9_g2	0.898050115508203	0.602947311929018	0.780515007990864	-0.760504145142695	-0.760504145142695	-0.760504145142695
TRINITY_DN170407_c0_g2	0.845480263232192	1.33854320737684	0.461336771899132	-0.88178674750272	-0.88178674750272	-0.88178674750272
TRINITY_DN153067_c0_g1	0.858260277714233	1.38238251094986	0.427383069018039	-0.88934195256071	-0.88934195256071	-0.88934195256071
TRINITY_DN190316_c0_g2	1.33515477844036	1.94415710971421	0.197702467662894	-1.15900478527249	-1.15900478527249	-1.15900478527249
TRINITY_DN176344_c4_g4	1.08099962233243	1.47158936046187	1.38301289890082	-1.31186729389837	-1.31186729389837	-1.31186729389837
TRINITY_DN166565_c1_g1	0.413536860622015	1.94217961595343	1.71470639534258	-1.28278674904685	-1.39381806143559	-1.39381806143559
TRINITY_DN158919_c1_g1	3.52618762931033	1.27622316050486	2.48356041383117	-1.72334368879057	-2.7813137574279	-2.7813137574279
TRINITY_DN163336_c3_g1	3.52771664750051	1.50138691750242	-0.203733543581087	-1.65362710705197	-1.44683784678931	-1.72490506758057
TRINITY_DN166993_c4_g1	2.25487687867187	0.00212470394212949	2.16343553961341	-1.47347904074247	-1.47347904074247	-1.47347904074247
TRINITY_DN159515_c0_g1	0.235772874315768	3.12148708435908	0.291626109049285	-1.21629535590804	-1.21629535590804	-1.21629535590804
TRINITY_DN155220_c4_g2	2.91906951391094	0.976778633367999	-0.206254375432751	-1.2298645906154	-1.2298645906154	-1.2298645906154
TRINITY_DN191134_c1_g1	0.933858679300494	2.33931574661692	1.00802775723572	-1.42706739438438	-1.42706739438438	-1.42706739438438
TRINITY_DN175124_c4_g3	-2.70541582379125	-2.9454962445314	-2.71565985528806	3.14356135506863	2.26573002956808	2.95728053897399
TRINITY_DN132894_c0_g1	-0.0698395388920174	2.14436661099597	2.51643295469213	-1.53032000893203	-1.53032000893203	-1.53032000893203
TRINITY_DN163228_c4_g3	-1.76949005845715	-1.19716773851477	-2.10405833412328	1.31291648527112	1.36060993288016	2.39718971294393
TRINITY_DN180840_c1_g1	-1.03429384776939	-1.03429384776939	-1.03429384776939	1.07439786830303	0.577350695604276	1.45113297940086
TRINITY_DN173525_c2_g1	-1.72360324478324	-1.65890637893557	-0.985771978478304	1.40503486488845	1.68434838443359	1.27889835287507
TRINITY_DN176132_c4_g1	0.555860541671062	1.40311354024961	0.832815160372338	-0.930596414097669	-0.930596414097669	-0.930596414097669
TRINITY_DN138232_c0_g1	-0.785576401247351	-0.785576401247351	-0.785576401247351	1.22126017614931	0.396480207762899	0.738988819829848
TRINITY_DN152270_c4_g1	-1.53662552853798	-1.53662552853798	-1.53662552853798	1.66594891402382	1.65761915209974	1.28630851949039
TRINITY_DN154180_c0_g1	2.26329109657126	-0.0143021990802257	0.741666540517416	-0.996885146002816	-0.996885146002816	-0.996885146002816
TRINITY_DN176231_c3_g1	2.60159769465626	0.818548949954556	-0.220241895513434	-1.06663491636579	-1.06663491636579	-1.06663491636579
TRINITY_DN156699_c3_g1	2.18961186610212	0.896089382595934	0.32550660385714	-1.13706928418506	-1.13706928418506	-1.13706928418506
TRINITY_DN157912_c1_g1	2.78281875014408	-0.773753879698375	3.91799637494826	-2.022377842608	-2.17953737007758	-1.72514603270838
TRINITY_DN184666_c2_g1	1.95903188061246	0.578968972219062	1.74066501147608	-1.30925259210212	-0.894401837376109	-2.07501143482937
TRINITY_DN161900_c1_g1	-1.82180996099109	-1.82180996099109	-1.82180996099109	-1.49067803877389	3.19482006764715	3.76128785410002
TRINITY_DN188315_c2_g4	0.393470470307339	2.06313237308784	0.862332106124744	-1.10631164983997	-1.10631164983997	-1.10631164983997
TRINITY_DN170296_c1_g2	-1.50873323417629	-1.50873323417629	-1.50873323417629	1.70663473802719	0.635313135440416	2.18425182906127
TRINITY_DN163607_c2_g2	0.700346640944333	0.828124227143652	2.82021821168379	-1.44956302659059	-1.44956302659059	-1.44956302659059
TRINITY_DN172497_c3_g3	1.3464606446876	1.00544116639706	0.998798912302526	-1.11690024112906	-1.11690024112906	-1.11690024112906
TRINITY_DN156544_c1_g1	2.23442175934746	0.762781376744599	1.69492754798077	-1.56404356135761	-1.56404356135761	-1.56404356135761
TRINITY_DN155115_c5_g1	6.51587472408297	-2.6623313660419	4.90749420981379	-2.93931788935632	-2.96959347259815	-2.85212620590038
TRINITY_DN162385_c3_g4	-1.71565504659827	-1.71565504659827	-1.71565504659827	1.49192549958868	0.862075884891815	2.7929637553143
TRINITY_DN98698_c0_g1	0.815867043686145	2.52549666496703	0.0478582698325061	-1.12974065949523	-1.12974065949523	-1.12974065949523
TRINITY_DN182519_c3_g1	1.54497495293748	-0.419087612520631	2.42033519178678	-1.18207417740121	-1.18207417740121	-1.18207417740121
TRINITY_DN170648_c3_g1	-1.01211222808693	-1.01211222808693	-1.01211222808693	1.27978596795975	1.24761220748699	0.508938508814037
TRINITY_DN33996_c0_g1	-0.0636204965207012	1.62609974541358	1.94340481495214	-1.16862802128168	-1.16862802128168	-1.16862802128168
TRINITY_DN166641_c7_g1	1.71107811214444	0.121771174226842	1.01300517462239	-0.948618153664556	-0.948618153664556	-0.948618153664556
TRINITY_DN161495_c0_g2	-3.95452113307753	-3.25941814743705	-3.86637953620851	3.24824918677958	3.950679317455	3.88139031248851
TRINITY_DN160531_c2_g1	4.30649292682603	0.100208245512482	1.21461726238719	-1.72455423101614	-1.72802141615257	-2.16874278755699
TRINITY_DN168774_c0_g1	-2.89567318392934	-2.8119959946807	-2.90527746598644	3.13982564567349	2.84440008559838	2.62872091332462
TRINITY_DN155812_c2_g3	-1.61841535556526	-1.61841535556526	-1.61841535556526	1.67245134405974	1.29519215625783	1.88760256637822
TRINITY_DN196585_c1_g1	1.69933217585207	1.28025556845012	2.09606915095027	-1.69188563175082	-1.69188563175082	-1.69188563175082
TRINITY_DN184098_c1_g1	-1.32468363816168	-1.32468363816168	-1.32468363816168	1.32814699742703	1.56459519554386	1.08130872151416
TRINITY_DN189425_c1_g1	1.72398375094155	1.38048948711441	1.36781507716656	-1.49076277174084	-1.49076277174084	-1.49076277174084
TRINITY_DN188090_c4_g8	-1.3681489588607	-1.3681489588607	-1.3681489588607	0.404581288906483	1.21801528707021	2.4818503006054
TRINITY_DN198298_c3_g1	1.02350834921492	0.998406973783716	1.32250381058074	-0.895280829640166	-1.15071855826677	-1.29841974567244
TRINITY_DN191755_c1_g1	-1.14934553203403	-1.14934553203403	-1.14934553203403	0.244070668437511	2.88134367203711	0.322622255627482
TRINITY_DN179441_c0_g4	0.69219238171832	2.1304084092984	0.211453223029765	-1.0113513380155	-1.0113513380155	-1.0113513380155
TRINITY_DN155016_c1_g1	-2.07550778143577	-2.07550778143577	-2.07550778143577	-1.516750351062	5.06154482965512	2.68172886571418
TRINITY_DN173051_c0_g6	2.36893878191648	0.0142938701426116	0.751951570362335	-1.04506140747381	-1.04506140747381	-1.04506140747381
TRINITY_DN156621_c0_g1	-1.12716503010774	-1.12716503010774	-1.12716503010774	0.773943212906774	1.60510416939371	1.00244770802273
TRINITY_DN182434_c2_g4	1.21505284173712	1.57976492399846	2.8351232114635	-1.87664699239969	-1.87664699239969	-1.87664699239969
TRINITY_DN144079_c2_g1	-1.36143700792467	-1.36143700792467	-1.36143700792467	1.66359178656685	2.42432276650234	-0.00360352929518037
TRINITY_DN196102_c4_g1	3.67828535305171	-0.202883904128749	0.783080469690608	-1.41949397287119	-1.41949397287119	-1.41949397287119
TRINITY_DN157595_c4_g1	1.39540359430324	0.827052618969915	0.711024754581123	-0.977826989284758	-0.977826989284758	-0.977826989284758
TRINITY_DN161820_c6_g2	1.2907291227448	0.519300119010372	1.76787647215048	-1.19263523796855	-1.19263523796855	-1.19263523796855
TRINITY_DN175996_c4_g1	-3.2077443203764	-2.41519759152034	-0.465144884406183	2.64751399514299	1.72410186811744	1.71647093304249
TRINITY_DN154191_c0_g2	0.685137401929527	0.821912300566665	2.19384163969067	-1.23363044739562	-1.23363044739562	-1.23363044739562
TRINITY_DN194214_c1_g1	-1.34395963473917	-1.34395963473917	-1.34395963473917	1.21455291826137	1.90487876690108	0.912447219055073
TRINITY_DN171890_c0_g2	1.24675642796631	1.21740408690434	0.509179003832962	-0.991113172901203	-0.991113172901203	-0.991113172901203
TRINITY_DN161602_c1_g1	-1.05177476195357	-1.05177476195357	-1.05177476195357	1.35503398652509	1.15518097043371	0.645109328901889
TRINITY_DN190863_c4_g1	-0.570258455777036	4.58542466378224	0.594900561244801	-1.53668892308333	-1.53668892308333	-1.53668892308333
TRINITY_DN182517_c9_g1	1.21867926407741	1.01786943012499	1.95224961437599	-1.39626610285946	-1.39626610285946	-1.39626610285946
TRINITY_DN197601_c4_g7	5.24500005559547	2.81215337717141	-1.72459400234171	-2.11085314347506	-2.11085314347506	-2.11085314347506
TRINITY_DN199512_c6_g4	1.26568739296422	2.05453893034976	-0.230119428586735	-1.03003563157575	-1.03003563157575	-1.03003563157575
TRINITY_DN157905_c8_g1	-1.84028153776508	-1.84028153776508	-1.84028153776508	2.75778585465557	2.92121650678502	-0.158157748145357
TRINITY_DN182665_c7_g1	2.25424754389941	-0.766001139944399	3.76844365656039	-1.7522300201718	-1.7522300201718	-1.7522300201718
TRINITY_DN173178_c1_g2	-1.36433711123032	-1.36433711123032	-1.36433711123032	1.58948684271085	0.878722594842206	1.62480189613791
TRINITY_DN164618_c5_g1	3.12054256401882	-0.825858468419953	2.10681674636364	-1.51391446210521	-1.16516445399072	-1.72242192586658
TRINITY_DN203922_c0_g1	-0.896310176390454	-0.896310176390454	-0.896310176390454	0.587054184322896	1.57487728399653	0.526999060851933
TRINITY_DN171476_c8_g3	1.68837806094413	0.881913563158764	0.172514918580826	-0.914268847561241	-0.914268847561241	-0.914268847561241
TRINITY_DN174515_c7_g2	1.46468018500001	0.53087692770147	1.36961575698367	-1.12172428989505	-1.12172428989505	-1.12172428989505
TRINITY_DN158370_c7_g1	2.15737168977452	0.964905973433754	1.18370691907703	-1.1875488881739	-1.62796960893067	-1.49046608518073
TRINITY_DN184873_c8_g1	-0.570671399110018	-1.46830469810625	-3.55428249435227	1.87626372285415	1.70935585918577	2.00763900952861
TRINITY_DN165411_c0_g1	-1.34333309389307	-1.34333309389307	-1.34333309389307	0.477152249093309	1.52100164688936	2.03184538569654
TRINITY_DN199606_c1_g1	1.280502197268	0.444780121566387	1.30448430095752	-1.0099222065973	-1.0099222065973	-1.0099222065973
TRINITY_DN186626_c1_g2	2.23783037341377	1.7658579099505	0.571780291036151	-1.52515619146681	-1.52515619146681	-1.52515619146681
TRINITY_DN171561_c2_g3	-2.60162700676563	-1.06653351066669	-0.889232001421838	0.582903148684942	2.30639628548219	1.66809308468702
TRINITY_DN199800_c8_g3	1.99969821877049	1.76222792795474	0.688432928845824	-0.582026992458627	-2.31042714612546	-1.55790493698696
TRINITY_DN191460_c6_g6	3.39107768268466	0.429268890624946	1.16742003876952	-2.14347138111216	-1.07015470346924	-1.77414052749772
TRINITY_DN159980_c2_g2	-0.687156384537665	2.2434072954494	3.59728585491468	-1.71784558860881	-1.71784558860881	-1.71784558860881
TRINITY_DN145487_c2_g3	1.14684065283733	1.44567415849686	1.00825924202061	-1.20025801778493	-1.20025801778493	-1.20025801778493
TRINITY_DN156089_c5_g1	0.921392871478441	1.91611379330044	0.213736715201093	-1.01708112665999	-1.01708112665999	-1.01708112665999
TRINITY_DN178168_c3_g1	2.17060214819842	0.430981402688263	0.339750978227923	-0.980444843038202	-0.980444843038202	-0.980444843038202
TRINITY_DN169315_c3_g1	2.45852150003649	1.34211200792118	3.42066779146193	-2.40710043313987	-2.40710043313987	-2.40710043313987
TRINITY_DN188348_c7_g1	2.14797976376198	-0.29251924888927	2.1966853439667	-0.825393238461972	-1.55792390997838	-1.66882871039906
TRINITY_DN159261_c8_g1	0.820416978572799	0.931693508658165	1.45389087284509	-1.06866712002535	-1.06866712002535	-1.06866712002535
TRINITY_DN193325_c2_g3	1.05277745151541	2.04749223573499	1.81639397104942	-1.49839302580587	-1.55181751508647	-1.86645311740748
TRINITY_DN187612_c0_g3	-1.39685344009792	-1.39685344009792	-1.0554369156192	1.08625290486925	1.73374800969264	1.02914288125316
TRINITY_DN251496_c0_g1	0.0347710533827668	2.93076858410683	0.817316275982013	-1.2609519711572	-1.2609519711572	-1.2609519711572
TRINITY_DN155292_c7_g2	1.363293993938	0.81710758325606	0.720531101242031	-0.966977559478697	-0.966977559478697	-0.966977559478697
TRINITY_DN161756_c4_g1	2.7498427137448	2.28301705335273	0.130784186059953	-1.72121465105249	-1.72121465105249	-1.72121465105249
TRINITY_DN172258_c4_g2	-1.15244802968799	-1.20028508192461	-1.86757130834731	1.02445892109124	2.02378743164887	1.17205806721979
TRINITY_DN186185_c5_g2	-1.12789070674822	-1.12789070674822	-1.12789070674822	1.20753537988812	1.09738422312135	1.07875251723518
TRINITY_DN156626_c6_g3	-1.1796550813192	-1.1796550813192	-1.1796550813192	1.17845981641601	0.658691655202032	1.70181377233955
TRINITY_DN164406_c3_g3	2.27577856285301	3.14056373724645	3.63811459878427	-3.04871877432139	-2.93710147693641	-3.06863664762593
TRINITY_DN183357_c1_g1	1.52586600107388	0.554927731733144	2.25211211903328	-1.34073090482212	-1.24466125747903	-1.74751368953916
TRINITY_DN173392_c0_g3	-0.82291877121332	-0.82291877121332	-0.82291877121332	0.43227979520637	1.02387538825997	1.01260113017362
TRINITY_DN167741_c2_g3	1.29555247233693	0.936849719267645	0.749578396357057	-1.04244399117808	-0.897092605605464	-1.04244399117808
TRINITY_DN199763_c2_g2	2.92637917146654	-0.279384227853886	1.54224789897956	-1.39641428086407	-1.39641428086407	-1.39641428086407
TRINITY_DN183385_c6_g1	1.58912307934675	1.36829782933747	1.50386091812669	-1.4870939422703	-1.4870939422703	-1.4870939422703
TRINITY_DN158489_c6_g3	1.31076824059166	1.5335860246622	0.464935512264994	-1.10309659250629	-1.10309659250629	-1.10309659250629
TRINITY_DN171731_c0_g1	0.545134025002784	2.01882118508007	0.31526648310419	-0.95974056439568	-0.95974056439568	-0.95974056439568
TRINITY_DN184460_c1_g3	-0.484880897794255	-2.04493382003915	-1.4409969623445	1.67701784802523	1.06825354971282	1.22554028243986
TRINITY_DN162630_c0_g1	2.09697169574698	0.721739428428679	1.78438522096584	-1.5343654483805	-1.5343654483805	-1.5343654483805
TRINITY_DN192426_c0_g1	1.88630752291765	1.63513013916413	0.0925798011266883	-1.10745539153502	-1.11577751208679	-1.39078455958666
TRINITY_DN187009_c5_g4	1.85782309932796	1.94895969361124	-0.478192840139189	-1.10952998426667	-1.10952998426667	-1.10952998426667
TRINITY_DN168706_c0_g1	5.57839784233434	-1.04859370337808	1.69106335465253	-2.0736224978696	-2.0736224978696	-2.0736224978696
TRINITY_DN152168_c0_g1	2.05012534921687	1.11196224032167	-0.0297554276518304	-1.0441107206289	-1.0441107206289	-1.0441107206289
TRINITY_DN155147_c2_g1	-2.29218413851683	-1.90578307391828	-3.28260445497269	3.29635822766713	-0.756263817599059	4.94047725733974
TRINITY_DN129777_c0_g1	0.893757677114438	1.67840853278211	0.383325198009691	-0.985163802635413	-0.985163802635413	-0.985163802635413
TRINITY_DN176468_c8_g5	-2.8914393388872	-3.4003750007516	-3.4003750007516	2.95441212296531	4.17204480601438	2.56573241141072
TRINITY_DN166594_c4_g1	1.19230711199492	1.64563201762137	0.35436009578167	-1.06409974179932	-1.06409974179932	-1.06409974179932
TRINITY_DN174083_c5_g3	-1.41528234784413	-1.41528234784413	-1.41528234784413	-1.03123254104897	3.10463691277837	2.17244267180299
TRINITY_DN172187_c1_g1	-1.72189747740784	-1.72189747740784	-1.72189747740784	1.47218957470846	2.14352650090529	1.54997635660976
TRINITY_DN168832_c0_g1	-1.1693604317018	-1.1693604317018	-1.1693604317018	1.60273636049389	0.515458305851418	1.38988662876011
TRINITY_DN162038_c4_g1	0.995272255607462	1.1718047282985	0.86653894148526	-1.01120530846374	-1.01120530846374	-1.01120530846374
TRINITY_DN185412_c4_g1	-1.05779531256487	-2.10558214334236	-0.569014952602667	1.13521693793288	1.72487572060472	0.872299749972306
TRINITY_DN196962_c1_g4	1.1412106206698	3.94367596720611	-0.186529474551806	-1.63278570444137	-1.63278570444137	-1.63278570444137
TRINITY_DN199621_c8_g1	1.03232104417109	1.07047104750604	1.02889584066074	-1.04389597744596	-1.04389597744596	-1.04389597744596
TRINITY_DN144774_c0_g1	-1.14774848752261	-1.14774848752261	-1.14774848752261	0.7552897825903	1.00443493153243	1.68352074844511
TRINITY_DN191620_c1_g7	-0.0700231769918169	2.36754768976588	1.47774779201102	-1.25842410159503	-1.25842410159503	-1.25842410159503
TRINITY_DN188833_c4_g1	5.48410927345592	-0.822980842620322	0.850397105696918	-1.87817649686245	-1.75517254280763	-1.87817649686245
TRINITY_DN191812_c2_g1	2.25266421058716	0.413749877843637	1.09669365209759	-1.2543692468428	-1.2543692468428	-1.2543692468428
TRINITY_DN168912_c6_g1	-0.0436371415078525	4.31771091702633	-0.14632750182413	-1.37591542456478	-1.37591542456478	-1.37591542456478
TRINITY_DN159165_c0_g1	-1.17253013906488	-1.17253013906488	-1.17253013906488	-0.237447615746214	2.79795543387525	0.957082599065594
TRINITY_DN181320_c3_g5	0.888436232286897	1.31475066195176	0.398730946936825	-0.867305947058493	-0.867305947058493	-0.867305947058493
TRINITY_DN179582_c7_g1	1.3445887696872	0.184596701046963	1.10546190334001	-0.878215791358058	-0.878215791358058	-0.878215791358058
TRINITY_DN147243_c2_g1	1.48531996258915	0.781139506238573	1.54736969490997	-1.27127638791257	-1.27127638791257	-1.27127638791257
TRINITY_DN195651_c2_g1	1.42107951088981	1.28758074878026	0.720878615061448	-1.09914806670288	-0.692932071963536	-1.6374587360651
TRINITY_DN163691_c1_g1	0.381777410747834	0.38065162447074	2.16742751840789	-0.97661885120882	-0.97661885120882	-0.97661885120882
TRINITY_DN171056_c2_g5	1.79071209214375	1.77506970743409	-0.374135621024293	-1.06388205951785	-1.06388205951785	-1.06388205951785
TRINITY_DN188922_c0_g5	-1.27007277683703	-1.27007277683703	-1.27007277683703	1.5213245713176	0.291131143932893	1.99776261526059
TRINITY_DN179071_c0_g3	1.68013310712618	1.15241515881454	2.06044039470245	-1.33596591614419	-1.77851137224949	-1.77851137224949
TRINITY_DN190817_c2_g1	0.61554089426546	1.33733686660693	0.958271487207033	-0.970383082693142	-0.970383082693142	-0.970383082693142
TRINITY_DN196055_c8_g1	-1.80955251832039	-1.8479886999765	-1.79696469695203	1.56058730766606	2.10406524723525	1.78985336034761
TRINITY_DN178942_c8_g1	2.02024154208408	0.70497773210883	0.71184985568381	-0.98301170739268	-1.2058867161365	-1.24817070634754
TRINITY_DN195432_c2_g3	0.942248143813001	1.35992293551659	1.64164414917884	-1.19810822107272	-1.87285350371786	-0.872853503717856
TRINITY_DN143628_c2_g1	-1.12739689938364	-1.12739689938364	-1.12739689938364	0.3518336618227	1.58123179779134	1.44912523853687
TRINITY_DN181359_c1_g2	1.45197502482374	0.6730108921901	0.875293699186382	-1.00009320540007	-1.00009320540007	-1.00009320540007
TRINITY_DN167598_c1_g1	1.9437086849399	0.944285109682558	0.00558959954851057	-0.964527798056989	-0.964527798056989	-0.964527798056989
TRINITY_DN159665_c10_g2	1.56677932266296	0.654989279465251	1.67744043893559	-1.22725546641241	-1.14838754753089	-1.5235660271205
TRINITY_DN179494_c4_g2	0.845957191542274	1.25532725067427	0.464825755395458	-0.855370065870667	-0.855370065870667	-0.855370065870667
TRINITY_DN175396_c4_g3	0.0503748489930289	1.06511171597555	3.0878699738855	-1.56029909260245	-1.4417570020551	-1.20130044419652
TRINITY_DN192739_c0_g1	3.37166526653456	-0.306166808963882	1.88407817685803	-1.6498588781429	-1.6498588781429	-1.6498588781429
TRINITY_DN182474_c7_g1	1.72915377168888	0.239522505074563	2.41000030397501	-1.55563518678543	-1.37365703389489	-1.44938436005814
TRINITY_DN199361_c3_g2	1.75929268827814	0.299199341287296	1.31278643709961	-1.28184810943048	-0.978809908514035	-1.11062044872053
TRINITY_DN193662_c4_g2	-1.07007303813549	-1.41102186590545	-1.14436574618132	0.69510411096793	1.08512428356474	1.84523225568959
TRINITY_DN155790_c0_g3	-0.836041220793499	-0.836041220793499	-0.836041220793499	0.520102589431777	0.99259036089452	0.9954307120542
TRINITY_DN187182_c1_g2	1.61593389515465	-0.535781780211776	2.29935853572198	-1.12650355022162	-1.12650355022162	-1.12650355022162
TRINITY_DN178486_c5_g3	-0.236299771126741	3.15001953767014	1.47150658644848	-1.79280459210228	-1.2445347157827	-1.3478870451069
TRINITY_DN173305_c3_g1	2.06234828474415	0.939378038123608	2.27145928619235	-1.75772853635337	-1.75772853635337	-1.75772853635337
TRINITY_DN189733_c0_g1	-1.08847232496492	-1.08847232496492	-1.08847232496492	1.29003929828881	1.37410356307729	0.601274113528641
TRINITY_DN189350_c1_g2	-1.4426973861245	-1.53044402693136	-0.993725753663839	0.824398690428741	1.50808963939682	1.63437883689414
TRINITY_DN162434_c2_g3	0.337428429716855	2.24150242056623	0.921882312403168	-1.16693772089542	-1.16693772089542	-1.16693772089542
TRINITY_DN192828_c1_g4	2.18221768665007	0.570095045039292	0.913647491717906	-1.17461628787757	-1.42114928344043	-1.07019465208927
TRINITY_DN169646_c6_g1	1.19524090623004	1.06467066508711	0.547158319472061	-0.935689963596405	-0.935689963596405	-0.935689963596405
TRINITY_DN199950_c4_g1	1.79739483997331	1.16683147461291	1.28183410177703	-0.698893136648818	-1.32013834205296	-2.22702893766148
TRINITY_DN143075_c1_g1	-3.57795704054853	-3.57795704054853	-3.57795704054853	3.31171118453343	3.99255142937497	3.42960850773718
TRINITY_DN161271_c1_g1	-0.661847727865971	1.3813619219131	4.17196025744493	-1.63049148383069	-1.63049148383069	-1.63049148383069
TRINITY_DN197125_c2_g2	2.11265722567948	0.89103512609989	1.01149731642357	-1.08733756009299	-0.71392623992622	-2.21392586818373
TRINITY_DN157198_c1_g2	0.19225015471885	2.13207261307312	0.716980780114167	-1.01376784930205	-1.01376784930205	-1.01376784930205
TRINITY_DN163259_c3_g3	-0.735789625910226	-0.735789625910226	-0.735789625910226	0.868281697758635	0.915893554721883	0.42319362525016
TRINITY_DN198870_c1_g4	0.337861288060965	1.63737919691037	3.27967010336308	-1.75163686277814	-1.75163686277814	-1.75163686277814
TRINITY_DN192397_c2_g1	-1.60429076706512	-1.21346857647841	-1.02281955513388	1.88466409714014	1.09826889552703	0.857645906010251
TRINITY_DN172630_c2_g1	1.522644402152	2.01999647888617	-0.277056947362166	-1.088527977892	-1.088527977892	-1.088527977892
TRINITY_DN254407_c0_g1	1.29090499348288	1.77271897120003	-0.0979250581981447	-0.988566302161588	-0.988566302161588	-0.988566302161588
TRINITY_DN174848_c6_g1	-1.72356446371813	-1.72356446371813	-1.72356446371813	0.00108580801483482	4.61459249639927	0.555015086740291
TRINITY_DN185984_c4_g2	-1.72495021752329	-1.80735197726139	-1.19546269562824	2.62640246690633	0.727838414708318	1.37352400879827
TRINITY_DN169011_c6_g4	0.902911916865402	0.713331365603876	1.3317440600488	-0.982662447506024	-0.982662447506024	-0.982662447506024
TRINITY_DN194613_c0_g1	0.989581496225377	2.80468190966574	-0.166582598416408	-1.2092269358249	-1.2092269358249	-1.2092269358249
TRINITY_DN157191_c4_g1	-2.30217629989682	-0.487391172363727	-1.59635783667335	1.96264566249571	2.13095623288141	0.292323413556764
TRINITY_DN200008_c11_g3	1.40861048645264	1.65026490645147	0.22152101587536	-1.09346546959316	-1.09346546959316	-1.09346546959316
TRINITY_DN129773_c0_g1	1.04705494850429	1.86891634184926	0.712084425516338	-1.20935190528996	-1.20935190528996	-1.20935190528996
TRINITY_DN182872_c0_g4	1.53578821802467	1.86834078239953	1.72531877275234	-1.44160232887299	-1.51854044259332	-2.16930500171023
TRINITY_DN162594_c2_g2	1.99738249234482	0.328937287091543	1.33611966270498	-0.549072188529846	-1.36763266375042	-1.74573458986107
TRINITY_DN170142_c4_g2	1.91255875812018	0.85648651073707	2.23443860959799	-1.66782795948508	-1.66782795948508	-1.66782795948508
TRINITY_DN190964_c0_g1	0.00714046962999748	2.7636734326437	0.504640129100814	-1.09181801045817	-1.09181801045817	-1.09181801045817
TRINITY_DN158746_c7_g1	-2.55130658598333	-1.58080439291721	-1.70522422755232	3.21805178641497	3.18715557993626	-0.567872159898366
TRINITY_DN199965_c7_g3	-1.86032225109964	-1.86032225109964	-1.86032225109964	2.57230316033265	2.52075342482665	0.487910168139628
TRINITY_DN211355_c0_g1	0.186596802964585	3.14070014481527	0.0838875164051196	-1.13706148806166	-1.13706148806166	-1.13706148806166
TRINITY_DN170256_c0_g1	2.6501566897113	0.765066529874677	0.645653049165412	-1.35362542291713	-1.35362542291713	-1.35362542291713
TRINITY_DN175161_c5_g4	-0.911779843981735	-0.911779843981735	-0.911779843981735	0.287971012734102	1.27440374232437	1.17296477688673
TRINITY_DN182150_c5_g1	1.59101900472625	2.96363065823723	-0.135829845353385	-1.80828835005986	-0.825729369393935	-1.78480209815631
TRINITY_DN173051_c0_g3	-1.56633659499566	-1.56633659499566	-1.56633659499566	2.07728874510405	1.79711486207605	0.824606177806881
TRINITY_DN198387_c1_g2	3.48934197977475	0.873499911608224	-0.526791369042512	-1.27868350744682	-1.27868350744682	-1.27868350744682
TRINITY_DN181003_c0_g2	-0.959269376496211	-0.959269376496211	-0.959269376496211	1.89072988296989	0.314544868090826	0.672533378427918
TRINITY_DN184498_c1_g2	1.75117071804629	0.842601341960145	0.361880987965094	-0.985217682657175	-0.985217682657175	-0.985217682657175
TRINITY_DN192706_c2_g1	1.49812129068602	-0.0690383875153842	2.03022505374094	-1.15310265230386	-1.15310265230386	-1.15310265230386
TRINITY_DN157498_c5_g6	2.91086519413482	0.970525352153708	0.593975778761603	-1.49178877501671	-1.49178877501671	-1.49178877501671
TRINITY_DN173779_c1_g9	-0.993777171359586	-0.993777171359586	-0.993777171359586	-0.115640404732639	2.03902897372366	1.05794294508774
TRINITY_DN190744_c3_g1	5.29143022636876	-2.14410752807287	4.93863001022933	-2.74575287354818	-2.42532501875534	-2.9148748162217
TRINITY_DN193856_c0_g1	0.541238537970016	2.29382388420097	0.645203736157788	-1.16008871944292	-1.16008871944292	-1.16008871944292
TRINITY_DN12296_c0_g1	0.591925370435855	0.976054678278126	0.861135239732676	-0.809705096148886	-0.809705096148886	-0.809705096148886
TRINITY_DN164057_c1_g2	2.36613188405759	1.67004904187474	-0.267190975956907	-1.25632998332514	-1.25632998332514	-1.25632998332514
TRINITY_DN173292_c2_g1	-1.11340738403089	-1.11340738403089	-1.11340738403089	0.98487741169253	1.45511121376165	0.900233526638494
TRINITY_DN173691_c2_g4	-1.26776863280355	-1.00493399089155	-0.98474847857382	1.29871904560124	0.544090748409716	1.41464130825796
TRINITY_DN183318_c1_g1	1.54368488784586	0.968360618222552	0.641978382591578	-1.05134129622	-1.05134129622	-1.05134129622
TRINITY_DN167841_c2_g1	-0.989298984058273	-1.86511317580022	-1.69658055397463	1.21872817172027	1.72963707770021	1.60262746441265
TRINITY_DN160018_c2_g1	-1.53812638463242	-1.53812638463242	-1.53812638463242	2.17853534027475	2.95462410945012	-0.518780295827608
TRINITY_DN160667_c4_g4	-1.21869561749082	-1.21869561749082	-1.21869561749082	1.86723885502521	0.321827678947403	1.46702031849983
