bleached_44_01	bleached_44_02	bleached_k4_01	bleached_k4_02	bleached_k4_03	bleached_44_03	non-bleached_k4_01	non-bleached_k4_02	non-bleached_44_01	non-bleached_k4_03	non-bleached_44_02	non-bleached_44_03
TRINITY_GG_1560_c1_g1	-0.590830315410561	-0.590830315410561	-0.590830315410561	-0.590830315410561	-0.590830315410561	-0.590830315410561	0.566860198171492	1.18443097693719	0.979146777914008	1.34085274164924	0.064521513201993	-0.590830315410561
TRINITY_GG_46212_c0_g1	-1.26056699765276	-1.26056699765276	-1.26056699765276	-1.26056699765276	-1.26056699765276	-1.26056699765276	2.5796947987631	-1.26056699765276	1.77417695167197	0.750212841100478	2.7716220271127	0.948262364921091
TRINITY_GG_79577_c4_g1	-0.637669615027748	-0.637669615027748	-0.637669615027748	-0.637669615027748	-0.637669615027748	-0.637669615027748	0.0395003237904974	1.04759779148909	1.53609745270896	-0.637669615027748	1.46095206220121	0.379539675004475
TRINITY_GG_96127_c0_g1	-0.67083433392248	-0.67083433392248	-0.67083433392248	-0.67083433392248	-0.67083433392248	-0.67083433392248	1.15820335474666	-0.67083433392248	0.586176284283544	1.1927077172571	0.766926059617447	0.991826921552614
TRINITY_GG_76480_c0_g1	-0.661008791076151	-0.661008791076151	-0.661008791076151	-0.661008791076151	-0.661008791076151	-0.661008791076151	-0.661008791076151	0.160293248813379	0.914303539611286	1.41623420785631	1.57073080251955	0.565499738732529
TRINITY_GG_20414_c0_g1	-0.587531972736855	-0.587531972736855	-0.587531972736855	-0.587531972736855	-0.587531972736855	-0.587531972736855	0.621609425101737	-0.587531972736855	-0.0238857032527914	0.575322555453655	0.843288523782916	2.09638900807247
TRINITY_GG_55963_c2_g1	0.137030222789766	0.711650779289463	0.189644848953188	0.0444703118503244	0.353817646629965	0.653765816770145	-0.348396604380475	-0.348396604380475	-0.348396604380475	-0.348396604380475	-0.348396604380475	-0.348396604380475
TRINITY_GG_21516_c3_g1	-2.0392505649389	-2.0392505649389	-2.0392505649389	-2.0392505649389	-2.0392505649389	-2.0392505649389	3.5067178041664	1.8602151225156	3.04272811122234	-2.0392505649389	3.52402961571912	2.34106330094882
TRINITY_GG_57798_c0_g1	-1.00808857585315	-1.00808857585315	-1.00808857585315	-1.00808857585315	-1.00808857585315	-1.00808857585315	1.36067977323719	1.236189622725	0.463879211808369	1.55017905820259	2.44569236499888	-1.00808857585315
TRINITY_GG_13422_c39_g1	-0.67754147782323	-0.67754147782323	-0.67754147782323	-0.67754147782323	-0.67754147782323	-0.67754147782323	1.14212670567323	1.34642351297682	0.894377985422327	1.24579789380892	0.114064246881321	-0.67754147782323
TRINITY_GG_12835_c43_g1	-0.804196002598431	-0.804196002598431	-0.804196002598431	-0.804196002598431	-0.804196002598431	-0.804196002598431	0.474383547859993	1.28020848033592	1.44585602270194	-0.804196002598431	0.93651573080067	1.4924082364905
TRINITY_GG_34748_c0_g1	-0.415197405412373	-0.415197405412373	-0.415197405412373	-0.415197405412373	-0.415197405412373	-0.415197405412373	0.577571025356551	0.626045576819508	-0.177633687094697	1.31902446080841	0.214275791374576	-0.0680987347901048
TRINITY_GG_24169_c25_g1	-0.654395351591792	-0.654395351591792	-0.654395351591792	-0.654395351591792	-0.654395351591792	-0.654395351591792	1.23935515012877	0.492259870527674	1.18475803579803	1.91825182669613	-0.654395351591792	-0.253857422008063
TRINITY_GG_789_c0_g3	-0.399364264937335	-0.399364264937335	-0.399364264937335	-0.399364264937335	-0.399364264937335	-0.399364264937335	0.209444977738188	0.121686471963628	0.884557507370282	0.655136951245225	-0.0186348164337868	0.543994497740475
TRINITY_GG_48843_c0_g1	-1.20147347959832	-1.20147347959832	-1.1255986126232	-0.814110938762328	-1.17715380040291	-1.20147347959832	1.89933601205184	2.13380967395811	-0.0758223779368037	1.49807815292477	-0.499259228587883	1.76514155817338
TRINITY_GG_106464_c0_g1	1.8855541381813	-0.887004633786626	3.70147107374233	-0.873210834270254	-0.93049341538184	2.97136734149564	-0.992854081269743	-0.988792055946508	-1.01196290421745	-0.990144794011757	-1.02438216347152	-0.859547671063584
TRINITY_GG_99246_c0_g1	-0.444647737320253	-0.444647737320253	-0.444647737320253	-0.444647737320253	-0.444647737320253	-0.444647737320253	1.74943931479605	-0.0964153180809819	-0.187637119114229	-0.213215328872288	1.11361989673548	0.302094978457483
TRINITY_GG_40488_c0_g5	2.26228601943798	-1.02074675517844	2.16194554233775	1.55553350244292	2.18620897720884	-1.02074675517844	-1.02074675517844	-1.02074675517844	-1.02074675517844	-1.02074675517844	-1.02074675517844	-1.02074675517844
TRINITY_GG_19112_c0_g1	-0.555367826947369	-0.555367826947369	-0.555367826947369	-0.555367826947369	-0.555367826947369	-0.555367826947369	-0.555367826947369	1.36797154468478	0.582135696802566	0.716057849145565	0.238736071612379	0.982673626386294
TRINITY_GG_22437_c11_g2	-0.87841825218247	-0.725261464121049	-0.87841825218247	-0.87841825218247	-0.87841825218247	-0.87841825218247	1.74521453892405	1.12410425758624	2.08967249986279	-0.5669151367142	1.18577480974502	-0.460498244370505
TRINITY_GG_10988_c48_g1	-0.687867735575467	-0.687867735575467	-0.687867735575467	-0.687867735575467	-0.687867735575467	-0.687867735575467	0.80116132827497	0.778889880150705	0.480774299983372	0.587139311924403	1.29763269472942	0.181608898389935
TRINITY_GG_76531_c27_g1	-0.565811157395456	-0.565811157395456	-0.565811157395456	-0.565811157395456	-0.565811157395456	-0.565811157395456	0.627014246156935	1.26119485224352	-0.565811157395456	0.771043481730009	1.15971188813357	0.141713633504152
TRINITY_GG_14445_c6_g2	-0.742783901255019	-0.742783901255019	-0.742783901255019	-0.742783901255019	-0.742783901255019	-0.742783901255019	0.828164703918309	0.782282690823192	0.330350803375197	-0.742783901255019	1.51090288147725	1.74778622919118
TRINITY_GG_50277_c1_g1	-0.588116417179649	-0.588116417179649	-0.588116417179649	-0.588116417179649	-0.588116417179649	-0.588116417179649	0.427666580061279	-0.0293589868058871	0.28293865790698	1.94917964991119	-0.588116417179649	1.48638901918398
TRINITY_GG_97630_c12_g1	-0.590779168503092	-0.590779168503092	-0.590779168503092	-0.590779168503092	-0.590779168503092	-0.590779168503092	0.803186107157151	-0.590779168503092	0.0899952569893689	0.592548537541709	1.56107964822391	1.0886446296095
TRINITY_GG_74680_c7_g1	-1.12576287920364	-0.954516814775929	-1.0764851467483	-1.43121733393858	-1.64227940311477	-0.744247952521971	2.60251021455802	2.70989699592202	-1.25640065172059	-0.862445286590864	1.98460744778321	1.79634081035139
TRINITY_GG_101598_c0_g1	4.75740681928125	5.12709155849038	4.92690871861015	4.42383140349858	-2.62381048810967	-2.60710202916586	-1.45964245775789	-2.60582474263631	-2.44529287615131	-2.4823167534544	-2.47763647346682	-2.53361267913809
TRINITY_GG_16370_c77_g1	-0.651443492396378	-0.651443492396378	-0.651443492396378	-0.651443492396378	-0.651443492396378	-0.651443492396378	0.628324929197217	-0.651443492396378	1.07407955313265	1.86834999384472	0.935921498540083	0.0534284720599748
TRINITY_GG_25417_c13_g6	-0.864452139736535	-0.864452139736535	-0.864452139736535	-0.864452139736535	-0.864452139736535	-0.864452139736535	-0.864452139736535	0.293884887430566	1.17011575308168	2.90161291173842	0.268453672274972	1.41709775363011
TRINITY_GG_19826_c42_g1	-0.751508718786959	-0.751508718786959	-0.751508718786959	-0.751508718786959	-0.751508718786959	-0.751508718786959	1.80037638468477	1.0940816900609	1.45137911468318	-0.751508718786959	0.249933255386947	0.66479058669292
TRINITY_GG_67907_c0_g1	-0.542392859648402	-0.542392859648402	-0.542392859648402	-0.542392859648402	-0.542392859648402	-0.542392859648402	0.881991811889695	-0.109433452372296	1.99117048856611	0.232446900178924	-0.359700562132212	0.617881971760191
TRINITY_GG_83397_c64_g1	0.149196567783551	0.56828848202371	0.450954405346705	0.989554299302572	0.729640759014847	0.280205712736777	-0.527973371034694	-0.527973371034694	-0.527973371034694	-0.527973371034694	-0.527973371034694	-0.527973371034694
TRINITY_GG_77817_c2_g1	0.0786378150682726	0.480736258639618	2.09237351109025	0.604757741726065	-0.0452211523066377	0.210442292091528	-0.570287744384849	-0.570287744384849	-0.570287744384849	-0.570287744384849	-0.570287744384849	-0.570287744384849
TRINITY_GG_20986_c17_g1	-0.555894331764783	-0.555894331764783	-0.555894331764783	-0.555894331764783	-0.555894331764783	-0.555894331764783	0.923336229441553	0.825942752141264	0.418634980719098	-0.555894331764783	0.397184620847724	1.32616173920384
TRINITY_GG_100415_c34_g1	-1.45696973060813	-1.45696973060813	-1.45696973060813	-1.45696973060813	-1.45696973060813	-1.45696973060813	2.62129851653108	2.22267925989404	1.20386763708815	-1.45696973060813	3.06590207581517	1.08504062492848
TRINITY_GG_26510_c0_g1	-1.14433322750852	-1.14433322750852	-1.14433322750852	-1.14433322750852	-1.14433322750852	-1.14433322750852	-1.14433322750852	1.01916550477436	2.50263582287405	-1.14433322750852	3.1557904970605	2.47707399535923
TRINITY_GG_64489_c0_g1	-1.2057108121741	-1.2057108121741	-1.2057108121741	-1.2057108121741	-1.2057108121741	-1.2057108121741	3.05694784289812	2.82312351694482	-1.2057108121741	-1.2057108121741	1.44275463085321	2.32286050669666
TRINITY_GG_63494_c0_g1	-0.508847634556134	-0.508847634556134	-0.508847634556134	-0.508847634556134	-0.508847634556134	-0.508847634556134	0.561541693335264	0.115955130696813	1.06694874077295	-0.04627174651393	1.21667541097289	0.138236578072819
TRINITY_GG_45586_c0_g1	0.484841343083645	0.448074118574064	0.733122640349325	-0.61680873301079	1.0702519553291	1.5813710737394	-0.61680873301079	-0.61680873301079	-0.61680873301079	-0.61680873301079	-0.61680873301079	-0.61680873301079
TRINITY_GG_16701_c0_g1	-0.520401995433055	-0.520401995433055	-0.520401995433055	-0.520401995433055	-0.520401995433055	-0.520401995433055	0.343536454990916	0.270370042428945	0.333194510769457	1.02358872423179	1.34788967333974	-0.196167433162524
TRINITY_GG_29873_c0_g1	-1.39498604792604	-1.39498604792604	-1.39498604792604	-1.39498604792604	-1.39498604792604	-1.39498604792604	-1.39498604792604	1.68652402019488	2.64940807143242	3.380749321333	1.55062165525534	0.497599267266617
TRINITY_GG_42164_c0_g1	-0.755982786990464	-0.755982786990464	-0.755982786990464	-0.755982786990464	-0.755982786990464	-0.755982786990464	2.38135678482556	0.0521962967810067	-0.386376716958626	-0.755982786990464	1.6799124543299	1.56479068995541
TRINITY_GG_12916_c4_g3	-1.82511078355912	-1.51810158551439	-1.77930709394599	-1.61046560366305	-1.45445757712031	-2.02297617491286	3.33794989877202	3.97857839281943	-2.02297617491286	3.81794019041858	2.99360928552159	-1.89468277390304
TRINITY_GG_87378_c5_g1	-1.10621160531386	-1.10621160531386	-0.876008591947439	-1.10621160531386	-1.10621160531386	-1.10621160531386	1.72870182438718	1.83320305598686	0.806055022752589	-0.50879961775921	1.06435445147821	1.48355188167112
TRINITY_GG_51830_c0_g1	-0.631451199360071	-0.631451199360071	-0.631451199360071	-0.631451199360071	-0.631451199360071	-0.631451199360071	-0.631451199360071	1.67888892125208	0.737037801285033	1.9494178636328	-0.40864663831481	0.463460447665396
TRINITY_GG_98559_c1_g1	-1.01055995539928	-1.01055995539928	-1.01055995539928	-1.01055995539928	-1.01055995539928	-1.01055995539928	0.482062373175166	0.352891501672433	2.42186502140548	0.309635865866846	1.40816972133725	1.0887352489385
TRINITY_GG_28378_c3_g1	-0.557046830744118	-0.557046830744118	-0.557046830744118	-0.557046830744118	-0.557046830744118	-0.557046830744118	-0.557046830744118	1.24700672822324	0.305305368787902	0.901335173411895	1.13404061020778	0.311639934578017
TRINITY_GG_62060_c1_g1	-0.607588152033076	-0.607588152033076	-0.607588152033076	-0.607588152033076	-0.607588152033076	-0.607588152033076	0.841312799112052	-0.607588152033076	0.705077021525318	1.14943509447438	0.943312512614447	0.613979636505333
TRINITY_GG_11652_c21_g1	-0.629062615406315	-0.629062615406315	-0.629062615406315	-0.629062615406315	-0.629062615406315	-0.629062615406315	0.501868254420133	0.333671475189487	-0.629062615406315	0.853269405341061	1.22533206234679	1.48929711054674
TRINITY_GG_19685_c10_g1	-0.472561550329793	-0.472561550329793	-0.472561550329793	-0.472561550329793	-0.472561550329793	-0.472561550329793	1.08079895300553	0.515850475394995	-0.0557218084169637	0.303963601092119	0.863721837534639	0.126756243368433
TRINITY_GG_20900_c0_g1	-0.531704890457609	-0.531704890457609	-0.531704890457609	-0.531704890457609	-0.531704890457609	-0.531704890457609	0.724097946145108	-0.531704890457609	0.321093002361162	0.783281595010906	0.851792053697756	1.04166963598834
TRINITY_GG_84837_c140_g1	0.800715543432262	-1.13775845470617	1.87355826740285	0.218948798229213	2.67217041101526	2.39891616286359	-1.13775845470617	-1.13775845470617	-1.13775845470617	-1.13775845470617	-1.13775845470617	-1.13775845470617
TRINITY_GG_25361_c2_g1	-0.983884910091476	-0.925914841454146	-0.946854179146509	-0.952489713815942	-0.941240572682982	-0.90527507539511	1.94723078966631	-0.895743313222459	-0.902545282639537	1.28933256301202	2.16195555228369	2.05542898348614
TRINITY_GG_73603_c70_g1	-0.990321015688132	-0.990321015688132	-0.990321015688132	-0.990321015688132	-0.990321015688132	-0.990321015688132	0.718528361417047	2.08195631978338	0.208173137950951	1.70967472797926	1.21319339544263	0.0104001515555221
TRINITY_GG_91538_c3_g1	-0.56187492660491	-0.56187492660491	-0.56187492660491	-0.56187492660491	-0.56187492660491	-0.56187492660491	-0.00409725520998427	0.555820116064844	1.25370050225766	-0.56187492660491	0.833187872912668	1.29451325020918
TRINITY_GG_54177_c0_g2	2.77297868577545	-0.318784292908519	-0.741017293591566	-0.182259863217804	0.446750453454458	2.46843607203738	-0.741017293591566	-0.741017293591566	-0.741017293591566	-0.741017293591566	-0.741017293591566	-0.741017293591566
TRINITY_GG_73754_c51_g1	-0.565662243417768	-0.565662243417768	-0.565662243417768	-0.565662243417768	-0.565662243417768	-0.565662243417768	0.293512212448667	0.104271592251192	0.606185070155573	0.550702513274016	1.0818825262912	0.757419546085964
TRINITY_GG_25164_c0_g8	-0.802076359480217	-0.802076359480217	-0.802076359480217	-0.802076359480217	-0.802076359480217	-0.802076359480217	-0.802076359480217	1.39011780580313	0.378708031598482	0.535920104034799	1.9155726486931	1.39421592623201
TRINITY_GG_84075_c55_g1	-0.733700552275487	-0.733700552275487	-0.733700552275487	-0.733700552275487	-0.733700552275487	-0.733700552275487	0.805830519198663	1.25325641024891	0.674467818432619	0.778779194644145	1.62356992340407	-0.733700552275487
TRINITY_GG_11514_c214_g1	-0.590906947196722	-0.590906947196722	-0.590906947196722	-0.590906947196722	-0.590906947196722	-0.590906947196722	-0.590906947196722	0.794800177461212	-0.224654683497158	1.91422179441607	0.633133327021209	1.01884801497572
TRINITY_GG_64890_c4_g2	-0.845186703160721	-0.845186703160721	-0.845186703160721	-0.845186703160721	-0.845186703160721	-0.845186703160721	1.30537297341466	0.435175786813058	0.0274450879745294	1.49537556586569	1.41904944788283	0.388701357013557
TRINITY_GG_55147_c0_g1	-0.807966208264257	-0.807966208264257	-0.807966208264257	-0.807966208264257	-0.807966208264257	-0.807966208264257	0.315699988189563	1.14994839036873	1.08423050220123	-0.807966208264257	2.96824308217317	0.137641494917115
TRINITY_GG_16650_c4_g1	0.75319549763718	2.68120415878213	-0.929377799710399	1.05794306621885	0.40290048334653	1.61040139198809	-0.929377799710399	-0.929377799710399	-0.929377799710399	-0.929377799710399	-0.929377799710399	-0.929377799710399
TRINITY_GG_82184_c0_g1	-0.605348968961547	-0.605348968961547	-0.605348968961547	-0.605348968961547	-0.605348968961547	-0.605348968961547	1.86297367498632	-0.0456124445285646	-0.605348968961547	0.725782953255655	0.437295368446946	1.25700323057047
TRINITY_GG_80827_c3_g1	-0.647778260559114	-0.647778260559114	-0.647778260559114	-0.647778260559114	-0.647778260559114	-0.647778260559114	1.34933346011606	-0.647778260559114	0.71061800139754	0.215367282430286	1.57749666931046	0.681632410659455
TRINITY_GG_30449_c30_g1	-0.717425629359728	-0.717425629359728	-0.717425629359728	-0.717425629359728	-0.717425629359728	-0.717425629359728	0.719802109553182	0.922269604039854	-0.717425629359728	1.43215892379841	0.968290306630924	0.979458461495727
TRINITY_GG_1608_c1_g1	-0.497307260102075	-0.497307260102075	-0.497307260102075	-0.497307260102075	-0.497307260102075	-0.497307260102075	0.517762061615573	0.929762495108711	-0.0263800026269486	1.26099591702983	-0.125469642771655	0.427172732256947
TRINITY_GG_54605_c1_g1	2.58495306129493	2.40916711584876	2.04431606768398	2.21885151744558	-1.15716097028416	-1.15716097028416	-1.15716097028416	-1.15716097028416	-1.15716097028416	-1.15716097028416	-1.15716097028416	-1.15716097028416
TRINITY_GG_91140_c5_g1	-0.67317388210109	-0.67317388210109	-0.67317388210109	-0.67317388210109	-0.67317388210109	-0.67317388210109	0.971605337161864	1.44585022104118	0.637747853129254	0.948350561570368	-0.67317388210109	0.708663201804958
TRINITY_GG_78359_c107_g1	-1.09115199746932	-1.09115199746932	-1.09115199746932	-1.09115199746932	-1.09115199746932	-1.09115199746932	2.19720656472434	0.908126474613219	0.919269808017189	-1.09115199746932	1.72093543770176	1.89252569722875
TRINITY_GG_88746_c29_g1	-0.848874004998308	-0.848874004998308	-0.848874004998308	-0.848874004998308	-0.848874004998308	-0.848874004998308	1.07864324120017	1.48311777323375	-0.848874004998308	-0.12291477048912	2.8513437429845	0.65192804805885
TRINITY_GG_15863_c27_g1	-0.645711011204103	-0.645711011204103	-0.645711011204103	-0.645711011204103	-0.645711011204103	-0.645711011204103	1.3073679414084	0.500944210915362	-0.645711011204103	0.306622555165582	1.30401066636574	1.10103170457363
TRINITY_GG_47216_c2_g1	-0.597273795901573	-0.597273795901573	-0.597273795901573	-0.597273795901573	-0.597273795901573	-0.597273795901573	-0.597273795901573	0.885058224845803	-0.0642088740319349	0.422783856439681	1.68575897871484	1.25152438534262
TRINITY_GG_13898_c27_g1	-0.413439033106198	-0.413439033106198	-0.413439033106198	-0.413439033106198	-0.413439033106198	-0.413439033106198	0.209491317813978	0.119625888763439	0.738419783620807	0.029106422999106	-0.0238722213434726	1.40786300678333
TRINITY_GG_24256_c6_g2	-0.944994695624659	-0.944994695624659	-0.944994695624659	-0.944994695624659	-0.944994695624659	-0.944994695624659	2.0770179487558	-0.115551014258068	1.49303195149928	0.428514319893348	2.73194966348225	-0.944994695624659
TRINITY_GG_12926_c57_g1	2.69054844512061	3.20130686475809	2.47511328833698	2.23062603041092	-1.32469932857833	-1.32469932857833	-1.32469932857833	-1.32469932857833	-1.32469932857833	-1.32469932857833	-1.32469932857833	-1.32469932857833
TRINITY_GG_84255_c0_g1	-0.608455508563364	-0.608455508563364	-0.608455508563364	-0.608455508563364	-0.608455508563364	-0.608455508563364	0.289172165716187	0.514548445491456	0.532323147219432	-0.608455508563364	1.42927811888315	1.49386668263332
TRINITY_GG_99145_c48_g1	-0.541903326892414	-0.541903326892414	-0.541903326892414	-0.541903326892414	-0.541903326892414	-0.541903326892414	1.04305917382874	-0.541903326892414	0.920148991904019	0.648395464734181	0.746159873432902	0.435559784347053
TRINITY_GG_104025_c0_g1	-0.817434944348895	-0.817434944348895	-0.817434944348895	-0.817434944348895	-0.817434944348895	-0.817434944348895	-0.817434944348895	0.901091082113367	1.72135151031343	0.983723711744803	0.525688575052957	1.59018973121771
TRINITY_GG_34935_c5_g1	1.94927850029787	0.929758098394111	1.91037651331968	0.0195547687447567	-0.917036061079182	1.61028454679787	-0.917036061079182	-0.917036061079182	-0.917036061079182	-0.917036061079182	-0.917036061079182	-0.917036061079182
TRINITY_GG_18182_c68_g1	-0.552309948071293	-0.552309948071293	-0.552309948071293	-0.552309948071293	-0.552309948071293	-0.552309948071293	0.460616226372977	1.06169309679361	0.192712200965971	1.31321301106867	0.250090092043546	0.0355350611829843
TRINITY_GG_88648_c35_g1	-0.969080766911214	-0.969080766911214	-0.969080766911214	-0.969080766911214	-0.969080766911214	-0.969080766911214	2.4101242930494	1.9718376808875	0.557989568601446	-0.969080766911214	0.555985825166997	1.28762800067316
TRINITY_GG_64222_c10_g1	-0.596774572617816	-0.596774572617816	-0.596774572617816	-0.596774572617816	-0.596774572617816	-0.596774572617816	1.4462198910006	0.682399535871231	0.992988914367162	0.00919378622364275	1.04661988086208	-0.596774572617816
TRINITY_GG_97193_c0_g1	-1.28666193014004	-1.28666193014004	-1.28666193014004	-1.28666193014004	-1.28666193014004	-1.28666193014004	-1.28666193014004	-1.18366793681671	3.8849452344455	-1.15836852913022	4.28030539886608	3.18341934361561
TRINITY_GG_21734_c22_g2	-0.849498165528824	-0.849498165528824	-0.849498165528824	-0.849498165528824	-0.849498165528824	-0.849498165528824	1.52428922819379	0.717560460770371	-0.849498165528824	0.969352395366609	2.24507573245123	0.490209341919773
TRINITY_GG_76116_c3_g1	-0.717280735255178	-0.717280735255178	-0.717280735255178	-0.717280735255178	-0.717280735255178	-0.717280735255178	0.910792918940958	-0.717280735255178	0.342766648414761	1.74031355660123	1.07807062991138	0.949021392917917
TRINITY_GG_46949_c0_g1	-0.64450105280505	-0.64450105280505	-0.64450105280505	-0.64450105280505	-0.64450105280505	-0.64450105280505	-0.64450105280505	1.27006347068889	0.736228395698498	1.06655326900702	0.614319344071361	0.824342890169587
TRINITY_GG_71942_c68_g1	-0.965186924103361	-0.965186924103361	-0.965186924103361	-0.965186924103361	-0.965186924103361	-0.965186924103361	2.18537275247202	2.19218022400813	-0.965186924103361	-0.55810614865286	1.32021529475889	1.61664634613735
TRINITY_GG_76542_c14_g5	-0.552362746423952	-0.552362746423952	-0.552362746423952	-0.552362746423952	-0.552362746423952	-0.552362746423952	0.904443402806522	-0.552362746423952	0.549287329670483	1.22121167634736	0.659895297778783	0.531701518364523
TRINITY_GG_20698_c11_g1	-1.05197320984853	-1.05197320984853	-1.05197320984853	-1.05197320984853	-1.05197320984853	-1.05197320984853	1.17822980351789	-0.0319155575072785	0.942244437557462	0.202620833184609	1.37697313492095	2.64368660741756
TRINITY_GG_88868_c0_g1	-0.596090843541527	-0.596090843541527	-0.596090843541527	-0.596090843541527	-0.596090843541527	-0.596090843541527	0.682488706916897	1.33142640265695	0.749305531849741	0.126375180929564	0.0509933690874267	0.635955869808583
TRINITY_GG_18344_c26_g1	-0.553609594860458	-0.553609594860458	-0.553609594860458	-0.553609594860458	-0.553609594860458	-0.553609594860458	1.37163031062695	0.723184809928801	-0.553609594860458	0.0925530622974354	0.755566592618056	0.932332388551961
TRINITY_GG_85722_c9_g2	-0.681468032150133	-0.681468032150133	-0.681468032150133	-0.681468032150133	-0.681468032150133	-0.681468032150133	0.925447909675073	0.419509615574688	0.893360091437311	-0.681468032150133	0.844099756751215	1.68785885161264
TRINITY_GG_23942_c0_g1	1.53152632695854	0.776708856835128	1.23149189264463	0.772448228515193	1.51914743240772	-0.833046105337316	-0.833046105337316	-0.833046105337316	-0.833046105337316	-0.833046105337316	-0.833046105337316	-0.833046105337316
TRINITY_GG_66058_c1_g3	0.397086243843882	0.960168822999093	1.7426810790583	0.159733314881279	-0.581841532537516	0.813221266980061	-0.581841532537516	-0.581841532537516	-0.581841532537516	-0.581841532537516	-0.581841532537516	-0.581841532537516
TRINITY_GG_30805_c0_g1	-0.808170589392179	-0.808170589392179	-0.808170589392179	-0.808170589392179	-0.808170589392179	-0.808170589392179	0.394090394169823	0.870802718461991	0.165624340260427	1.67157734497405	0.166358723091703	1.58057001539509
TRINITY_GG_15944_c36_g1	-0.439502246829754	-0.439502246829754	-0.439502246829754	-0.439502246829754	-0.439502246829754	-0.439502246829754	0.755845351492465	0.0724717349520465	0.600338017702037	0.123167579272948	0.523971877145131	0.5612189204139
TRINITY_GG_73686_c35_g1	-0.768978106876902	-0.768978106876902	-0.768978106876902	-0.768978106876902	-0.768978106876902	-0.768978106876902	0.868863953447202	0.950862448187366	0.523803642350944	-0.768978106876902	1.51257178648974	1.52674491766307
TRINITY_GG_22020_c2_g1	-0.532091525041718	-0.532091525041718	-0.532091525041718	-0.532091525041718	-0.532091525041718	-0.532091525041718	0.789259376382899	-0.0160763780380535	0.830238085129851	0.834720248085409	0.602129414718916	0.152278403971289
TRINITY_GG_15353_c26_g2	-0.492852236201654	-0.492852236201654	-0.492852236201654	-0.492852236201654	-0.492852236201654	-0.492852236201654	0.56095420749414	-0.119900138289824	0.753859864330208	1.05952483489322	-0.220231781538662	0.922906430320845
TRINITY_GG_14375_c0_g1	-1.02245112744585	-1.02245112744585	-1.02245112744585	-1.02245112744585	-1.02245112744585	-1.02245112744585	2.07751728970903	1.8529357771406	-0.84612835480539	1.73989768819828	1.95775701228883	-0.64727264785624
TRINITY_GG_75554_c168_g1	-0.735036234978309	-0.735036234978309	-0.735036234978309	-0.735036234978309	-0.735036234978309	-0.735036234978309	1.12890221544566	0.813400389717733	1.01084645392395	0.300587674752412	0.971604822331099	0.184875853698999
TRINITY_GG_21401_c11_g1	-0.845790643858356	-0.845790643858356	-0.845790643858356	-0.845790643858356	-0.845790643858356	-0.845790643858356	0.142621381866432	-0.845790643858356	0.931155547998732	1.51850162627701	2.24387698657459	1.08437896429173
TRINITY_GG_56372_c0_g2	-0.847042482807464	-0.847042482807464	-0.847042482807464	-0.847042482807464	-0.847042482807464	-0.847042482807464	2.35098012480981	0.844044958144429	0.259305836697682	-0.847042482807464	1.27098493978333	1.203981520217
TRINITY_GG_39200_c3_g1	-0.481773215106858	-0.481773215106858	-0.481773215106858	-0.481773215106858	-0.481773215106858	-0.481773215106858	0.148632256375466	0.347670466259733	1.19494552901158	0.424347737890242	0.268404490486199	0.50663881061793
TRINITY_GG_77266_c0_g1	-0.67065995801683	-0.67065995801683	-0.67065995801683	-0.67065995801683	-0.67065995801683	-0.67065995801683	0.9518019093659	-0.67065995801683	1.26743760305726	0.359322908198884	0.208261521733021	1.90779576376274
TRINITY_GG_90359_c0_g1	-0.48908906605461	-0.48908906605461	-0.48908906605461	-0.48908906605461	-0.48908906605461	-0.48908906605461	0.680835935387702	0.266225837990488	1.04944909757519	0.152456963032914	0.294996076680147	0.490570485661214
TRINITY_GG_71026_c3_g1	-0.591311835339777	-0.591311835339777	-0.591311835339777	-0.591311835339777	-0.591311835339777	-0.591311835339777	-0.591311835339777	0.535661020917988	1.18437086639928	0.366231365417328	1.47046436224691	0.582455232396929
TRINITY_GG_93929_c0_g3	-0.638240278159063	-0.638240278159063	-0.638240278159063	-0.638240278159063	-0.638240278159063	-0.638240278159063	0.865617254418366	-0.638240278159063	0.910196346536979	1.07501562357191	0.826950609766919	0.789902112819267
TRINITY_GG_12916_c17_g1	-0.555161494851383	-0.555161494851383	-0.555161494851383	-0.555161494851383	-0.555161494851383	-0.555161494851383	-0.555161494851383	0.589537530302756	1.1043064422334	0.519343941512246	1.65085650916951	0.0220860407417673
TRINITY_GG_19209_c0_g2	-0.89251168046674	-0.89251168046674	-0.89251168046674	-0.89251168046674	-0.89251168046674	-0.89251168046674	1.34810794884502	1.90719734293681	0.509118786118001	-0.89251168046674	1.29398887717775	1.18916880818959
TRINITY_GG_81047_c0_g2	0.927126783860519	0.574917960163741	1.43108218759009	-0.644792679385038	1.33924974671199	0.241172077368932	-0.644792679385038	-0.644792679385038	-0.644792679385038	-0.644792679385038	-0.644792679385038	-0.644792679385038
TRINITY_GG_106501_c2_g2	-0.600023563715648	-0.600023563715648	-0.600023563715648	-0.600023563715648	-0.600023563715648	-0.600023563715648	1.53518293571503	1.01256484298307	-0.0285894478391387	0.113672251127711	1.56733436402287	-0.600023563715648
TRINITY_GG_85564_c0_g2	-0.646919761663878	-0.646919761663878	-0.646919761663878	-0.646919761663878	-0.646919761663878	-0.646919761663878	2.38975939256657	0.899048607441415	0.774774819516414	0.200275424925517	-0.646919761663878	0.26458008719723
TRINITY_GG_24237_c36_g5	-0.640383288545323	-0.640383288545323	-0.640383288545323	-0.640383288545323	-0.640383288545323	-0.640383288545323	1.20400236445725	0.779155602968462	0.207613618009627	0.308964875743241	0.540401102533376	0.802162167559981
TRINITY_GG_19570_c0_g3	-0.930594306640753	-0.930594306640753	-0.930594306640753	-0.930594306640753	-0.930594306640753	-0.930594306640753	0.174413218120221	1.04796744283499	2.48597524236167	-0.930594306640753	1.90452130861746	0.90128293455092
TRINITY_GG_81742_c17_g2	-0.552894026831946	-0.552894026831946	-0.552894026831946	-0.552894026831946	-0.552894026831946	-0.552894026831946	0.221102298279228	0.941265536880898	0.822284452757667	1.03686946015303	0.848736439752795	-0.552894026831946
TRINITY_GG_89904_c0_g1	-0.788861465189955	-0.788861465189955	-0.788861465189955	-0.788861465189955	-0.788861465189955	-0.788861465189955	0.815209858478906	0.928348833829641	0.543416817866974	0.121871196712957	1.00482637135079	1.31949571290046
TRINITY_GG_71123_c65_g1	0.09509631064793	0.773907617010658	0.870401103442061	-0.00810675547848572	-0.00916639198656233	1.00086886933522	-0.45383345882847	-0.45383345882847	-0.45383345882847	-0.45383345882847	-0.45383345882847	-0.45383345882847
TRINITY_GG_30449_c7_g2	-0.934160003972739	-0.934160003972739	-0.934160003972739	-0.934160003972739	-0.934160003972739	-0.934160003972739	1.99619887213969	1.75759747106855	0.646950171252811	1.87278266060502	0.265590852743098	-0.934160003972739
TRINITY_GG_19060_c24_g1	-0.655633626339345	-0.655633626339345	-0.655633626339345	-0.655633626339345	-0.655633626339345	-0.655633626339345	2.08745042921024	0.559734345864135	1.94938652672306	0.11244480867711	-0.119580726099135	-0.655633626339345
TRINITY_GG_10993_c0_g2	-0.659021758555681	-0.659021758555681	-0.659021758555681	-0.659021758555681	-0.659021758555681	-0.659021758555681	0.636113490445137	0.0244501342995459	0.664636532470564	1.63169752421527	1.65625462845925	-0.659021758555681
TRINITY_GG_29873_c0_g2	-1.62242235654309	-1.47576713442362	-1.50074379995483	-1.62242235654309	-1.42078849537344	-1.00983394984437	-1.46408532937599	1.81013624644071	2.58547049509825	3.23047538712812	0.965422652711191	1.52455864068014
TRINITY_GG_7661_c0_g1	-0.558752738314318	-0.558752738314318	-0.558752738314318	-0.558752738314318	-0.558752738314318	-0.558752738314318	0.750423449164196	1.22575124461525	1.36686697368862	0.238675343837995	0.329552156894169	-0.558752738314318
TRINITY_GG_53831_c1_g1	-0.43568155008267	2.9954916466654	3.29875042142947	-1.2683690665222	2.72621065769355	0.293812289949666	-1.2683690665222	-1.2683690665222	-1.2683690665222	-1.2683690665222	-1.2683690665222	-1.2683690665222
TRINITY_GG_71135_c141_g1	-0.656363135321701	-0.656363135321701	-0.656363135321701	-0.656363135321701	-0.656363135321701	-0.656363135321701	0.775527212964479	0.652230733262575	-0.656363135321701	0.724366313181848	1.60667127051209	0.835746417330912
TRINITY_GG_70438_c56_g1	-0.64929827598157	-0.64929827598157	-0.64929827598157	-0.64929827598157	-0.64929827598157	-0.64929827598157	0.322291259548491	0.802242557036262	0.624515968605466	1.08188496559063	-0.64929827598157	1.71415318109014
TRINITY_GG_12677_c0_g1	-0.742012173976764	-0.742012173976764	-0.742012173976764	-0.742012173976764	-0.742012173976764	-0.742012173976764	1.59798031027096	-0.742012173976764	0.525223967835646	0.413737058701181	1.82772193912982	0.829421941899745
TRINITY_GG_84942_c4_g1	0.913922683957557	1.06088129309054	0.079052082818664	0.538315329507251	1.33233066469242	-0.560643150580918	-0.560643150580918	-0.560643150580918	-0.560643150580918	-0.560643150580918	-0.560643150580918	-0.560643150580918
TRINITY_GG_25412_c0_g3	-0.0530637266551404	0.429064139416512	1.22975533119311	0.525594197211807	-0.0312121759477751	0.981127414952398	-0.513544196695151	-0.513544196695151	-0.513544196695151	-0.513544196695151	-0.513544196695151	-0.513544196695151
TRINITY_GG_8699_c5_g3	-1.31033873678773	-1.31033873678773	-1.31033873678773	-1.31033873678773	-1.31033873678773	-1.31033873678773	-1.31033873678773	3.55706356893981	2.23822118990752	-1.31033873678773	2.51788662357116	2.16953851188333
TRINITY_GG_74208_c0_g1	-1.13865919176535	-1.13865919176535	-1.13865919176535	-1.13865919176535	-1.13865919176535	-1.13865919176535	2.67126967395608	1.72587365338277	-1.13865919176535	-1.13865919176535	2.80394914434631	1.90818106243762
TRINITY_GG_17197_c189_g1	-0.844352848357979	-0.844352848357979	-0.844352848357979	-0.844352848357979	-0.844352848357979	-0.844352848357979	1.05868542175493	2.01123825935247	0.567615662002154	1.57626429062071	0.69666630477558	-0.844352848357979
TRINITY_GG_79205_c80_g1	-0.617933523444385	-0.617933523444385	-0.617933523444385	-0.617933523444385	-0.617933523444385	-0.617933523444385	1.11888779400378	0.392130159900312	1.01990853687972	-0.617933523444385	1.34628025450255	0.448327918824336
TRINITY_GG_68962_c1_g1	-0.756491469187635	-0.756491469187635	-0.756491469187635	-0.756491469187635	-0.756491469187635	-0.756491469187635	1.52238539091448	1.9855147416791	-0.756491469187635	-0.0874647036780041	1.61143867224425	0.263566183153619
TRINITY_GG_74685_c82_g1	-0.606262483131436	-0.606262483131436	-0.606262483131436	-0.606262483131436	-0.606262483131436	-0.606262483131436	0.453092794484985	0.55788016571687	1.50008583637371	-0.606262483131436	0.6555691756207	1.07720940972379
TRINITY_GG_25797_c0_g1	-0.983284726645553	-1.0943160390343	-1.0943160390343	-1.0943160390343	-1.0943160390343	-1.0943160390343	2.22269853498715	1.19315625608477	1.84265162115378	-1.0943160390343	1.10166141960829	1.18901312901734
TRINITY_GG_101997_c1_g1	-0.462408998339375	-0.462408998339375	-0.462408998339375	-0.462408998339375	-0.462408998339375	-0.462408998339375	0.552660323378273	0.965197174442525	0.647954245021043	0.237142634183714	-0.0905713810089543	0.462070994019648
TRINITY_GG_48810_c0_g1	1.40117203102261	-0.664400280571011	-0.0256313361540614	0.851614866432654	0.697929329600557	1.72571707309532	-0.664400280571011	-0.664400280571011	-0.664400280571011	-0.664400280571011	-0.664400280571011	-0.664400280571011
TRINITY_GG_2563_c0_g1	-1.26786457077247	-1.26786457077247	-1.26786457077247	-1.26786457077247	-1.26786457077247	-1.26786457077247	1.88171998238567	-1.26786457077247	-0.677142800762628	3.38083094881077	2.45787658573148	1.83176727924199
TRINITY_GG_34008_c0_g1	0.00463365193237708	-0.157822875367112	2.59750051781952	-0.580557503205755	3.54234124504677	2.8071464326055	-1.34732761003316	-1.16346341763297	-1.65300635327545	-1.65300635327545	-1.29236115081523	-1.10407658379905
TRINITY_GG_19600_c13_g1	-0.59065213334145	-0.59065213334145	-0.59065213334145	-0.59065213334145	-0.59065213334145	-0.59065213334145	-0.59065213334145	1.23635387629753	1.32352966166082	-0.0526106800077859	-0.132270129185436	1.75956220462502
TRINITY_GG_83869_c1_g2	-1.13563357689453	-1.13563357689453	1.97021209059663	2.86165883074198	2.0885610870759	2.16463660674175	-1.13563357689453	-1.13563357689453	-1.13563357689453	-1.13563357689453	-1.13563357689453	-1.13563357689453
TRINITY_GG_98726_c0_g1	-0.599025173318654	-0.599025173318654	-0.599025173318654	-0.599025173318654	-0.599025173318654	-0.599025173318654	1.14986536932726	-0.599025173318654	0.77336979191937	0.927043638348934	1.23528152964425	0.107615883990755
TRINITY_GG_13498_c0_g1	-0.641861206107848	-0.641861206107848	-0.641861206107848	-0.641861206107848	-0.641861206107848	-0.641861206107848	0.40985891033948	-0.641861206107848	1.19769533764645	0.436748628588519	0.760315218871635	1.68841034730885
TRINITY_GG_12835_c6_g1	-0.844867523202005	-0.844867523202005	-0.57344184710907	-0.844867523202005	-0.844867523202005	-0.844867523202005	1.1263541186525	0.814143647996145	0.996703114193513	-0.238899164360546	1.14608733719499	0.953390409442496
TRINITY_GG_45425_c1_g1	-0.773713230835451	-0.773713230835451	-0.773713230835451	-0.773713230835451	-0.773713230835451	-0.773713230835451	0.318494207261638	0.823221911551781	0.727088822221707	0.61860419194331	1.63933919771308	0.515531054321192
TRINITY_GG_89934_c14_g1	-0.483640656705472	-0.483640656705472	-0.483640656705472	-0.483640656705472	-0.483640656705472	-0.483640656705472	0.511301053471499	1.39017254165362	0.636047517813724	-0.317567980758766	0.675988529115756	0.00590227893700179
TRINITY_GG_73723_c43_g3	-0.797444008350438	-0.797444008350438	-0.797444008350438	-0.797444008350438	-0.797444008350438	-0.797444008350438	1.21583957846799	2.63297508912917	0.0441266290450791	1.2490470518436	-0.797444008350438	0.440119709967238
TRINITY_GG_50080_c5_g1	-0.621578417983065	-0.621578417983065	-0.621578417983065	-0.621578417983065	-0.621578417983065	-0.621578417983065	-0.189688069696885	-0.257566364424451	1.4553226695742	0.417559975923893	2.65878407199071	-0.354941775469076
TRINITY_GG_17861_c24_g1	-0.591521138541515	-0.591521138541515	-0.591521138541515	-0.591521138541515	-0.591521138541515	-0.591521138541515	0.840369209744666	-0.591521138541515	0.624468015605206	0.278744931854468	0.796392785844433	1.60067302674183
TRINITY_GG_60342_c0_g1	-0.681205836029292	-0.681205836029292	-0.681205836029292	-0.681205836029292	-0.681205836029292	-0.681205836029292	1.51791680598431	0.702843970765868	0.0103283288899083	1.78346243097415	0.753889315590805	-0.681205836029292
TRINITY_GG_29892_c0_g1	1.79272185136182	0.000681350780883494	1.43596206996711	1.31380098805099	-0.879024415501405	1.61000464834903	-0.879024415501405	-0.879024415501405	-0.879024415501405	-0.879024415501405	-0.879024415501405	-0.879024415501405
TRINITY_GG_33024_c0_g1	1.69474897220875	0.752954177713087	-0.549644135860258	2.27489260012188	0.400175926108719	-0.547016275314219	-0.683207661601363	-0.683207661601363	-0.683207661601363	-0.610072956971148	-0.683207661601363	-0.683207661601363
TRINITY_GG_65867_c0_g2	-1.11368423769251	-0.840542304138137	-1.38749848227955	-1.07251199681103	-1.09589492424898	-1.38749848227955	2.83058518849284	2.22060106371483	1.44194519908704	-0.496079295433469	2.02744884574136	-1.12687057415285
TRINITY_GG_100721_c3_g2	-0.584773448816666	-0.584773448816666	-0.584773448816666	-0.584773448816666	-0.584773448816666	-0.584773448816666	0.0769761509940385	1.30820036645667	0.373512452106592	-0.584773448816666	1.73426636674587	0.600458805413495
TRINITY_GG_83380_c51_g1	-0.784161870999754	-0.784161870999754	-0.784161870999754	-0.784161870999754	-0.784161870999754	-0.784161870999754	0.761806498105539	1.39024454753	0.148655231742097	0.704353137958058	0.855533362399828	0.844378448263006
TRINITY_GG_100019_c76_g1	0.820516342935564	-0.593619190048887	0.884576067890279	0.64149513032747	0.428571049585178	1.38017573960372	-0.593619190048887	-0.593619190048887	-0.593619190048887	-0.593619190048887	-0.593619190048887	-0.593619190048887
TRINITY_GG_49729_c1_g1	-0.640542105706301	-0.640542105706301	-0.640542105706301	-0.640542105706301	-0.640542105706301	-0.640542105706301	0.244641760614051	-0.207582698430194	0.317743795216957	2.30712405108971	1.24268768332643	-0.0613619575791505
TRINITY_GG_24707_c0_g1	-0.747760653262111	-0.747760653262111	-0.747760653262111	-0.747760653262111	-0.747760653262111	-0.747760653262111	-0.747760653262111	0.0049879381450223	-0.369249030008382	2.0853318302091	-0.373694935039574	3.88694876952861
TRINITY_GG_77276_c0_g1	1.5172376185255	0.163600663910803	1.46642865960362	0.137189033080008	-0.65524989698463	1.30229330377247	-0.65524989698463	-0.65524989698463	-0.65524989698463	-0.65524989698463	-0.65524989698463	-0.65524989698463
TRINITY_GG_70239_c0_g2	-0.853132309865462	-0.722201440039014	-0.853132309865462	-0.853132309865462	-0.853132309865462	-0.853132309865462	-0.332081572964499	1.00046419633705	1.45662596155917	1.99686694960064	-0.265287300611185	1.13127475544515
TRINITY_GG_105952_c3_g3	-0.837815296862469	-0.837815296862469	-0.837815296862469	-0.837815296862469	-0.837815296862469	-0.837815296862469	1.43061909671391	0.476010999527929	0.823934302948236	-0.837815296862469	1.28154088017721	1.85260179867
TRINITY_GG_86048_c0_g2	-0.655449049607108	-0.655449049607108	-0.655449049607108	-0.655449049607108	-0.655449049607108	-0.655449049607108	0.385793932624773	1.48663758001042	0.258349915343588	0.261409715092646	0.941962937947542	0.598540216623679
TRINITY_GG_76634_c7_g1	-1.05637247471468	-1.05637247471468	-1.05637247471468	-1.05637247471468	-1.05637247471468	-1.05637247471468	1.4891017361255	2.63259113632769	0.969010746763246	-1.05637247471468	0.56139617108972	1.74250753269658
TRINITY_GG_13576_c9_g2	-0.563793329871485	-0.563793329871485	-0.563793329871485	-0.563793329871485	-0.563793329871485	-0.563793329871485	-0.00601565847655938	0.791786817505874	-0.12230985028884	1.11788081192135	1.14373146102812	0.457686397538966
TRINITY_GG_64271_c81_g1	-0.435829789730776	-0.435829789730776	-0.435829789730776	-0.435829789730776	-0.435829789730776	-0.435829789730776	1.2034023735185	0.564891377512878	0.540167167885668	0.284010765333492	-0.12084330426226	0.143350358396374
TRINITY_GG_99732_c1_g1	-0.59301920291264	-0.59301920291264	-0.59301920291264	-0.59301920291264	-0.59301920291264	-0.59301920291264	-0.370214641867379	1.13206752171759	0.805331167433325	0.187710833563737	1.1990031846225	0.604217152006067
TRINITY_GG_71084_c0_g2	-1.55022767793562	-1.55022767793562	-1.55022767793562	-1.55022767793562	-1.55022767793562	-1.55022767793562	2.88892999904611	-1.28479078188652	2.28801819550724	-1.55022767793562	3.78719798634707	3.17223834653547
TRINITY_GG_87316_c0_g1	-0.515009326745067	2.52208959002517	1.614219665783	1.83315030971547	0.679289270049842	0.316187909112126	-1.12476428891751	-1.12476428891751	-1.12476428891751	-1.12476428891751	-1.12476428891751	-0.826105973352996
TRINITY_GG_18068_c28_g2	-0.687426329797789	-0.687426329797789	-0.687426329797789	-0.687426329797789	-0.507278468639361	-0.687426329797789	1.00945776105767	0.856069553627983	0.0840367285678618	-0.17646441052041	0.544620383552321	1.62669010134289
TRINITY_GG_42640_c1_g2	-0.712818402804109	2.58862291842334	-0.236695982923956	-0.0694239493242162	1.2074748974069	1.4997509360467	-0.712818402804109	-0.712818402804109	-0.712818402804109	-0.712818402804109	-0.712818402804109	-0.712818402804109
TRINITY_GG_77938_c0_g2	-0.540447076005702	-0.371805040446863	-0.540447076005702	-0.540447076005702	-0.540447076005702	-0.540447076005702	0.431142459524359	0.378702287281972	0.728586070449535	0.536795922926758	0.589165662124767	0.409648018167984
