B_female_44_01	B_female_44_02	B_female_44_03	NB_female_44_01	NB_female_44_02	NB_female_44_03
TRINITY_DN173340_c1_g1	0.534383993759791	1.54564240116562	0.882988871278108	-0.987671755401173	-0.987671755401173	-0.987671755401173
TRINITY_DN186396_c0_g4	-1.08489792010652	-1.08489792010652	-1.08489792010652	0.503906646909034	2.73067750875606	0.0201096046544578
TRINITY_DN183461_c1_g2	-1.11084273706703	-1.11084273706703	-1.11084273706703	0.87974913552055	1.55750335136421	0.895275724316346
TRINITY_DN190915_c3_g3	-1.05022488745308	-1.05022488745308	-1.05022488745308	0.990667543193823	1.67617040419737	0.48383671496804
TRINITY_DN170073_c8_g2	2.16760554589369	0.198491734036276	0.820311242341307	-1.06213617409042	-1.06213617409042	-1.06213617409042
TRINITY_DN192743_c1_g3	-1.89943534598127	-1.88140142315101	-1.81510207907403	2.52523085449535	4.76395172991188	-1.69324373620093
TRINITY_DN153606_c1_g1	-1.02585849023425	-1.02585849023425	-1.02585849023425	0.718302605336163	1.33759296683747	1.02167989852911
TRINITY_DN194704_c2_g1	-1.31873177446499	-1.31873177446499	-1.31873177446499	0.793301061768823	3.6027045563413	-0.439810294715144
TRINITY_DN169246_c3_g2	-0.0498625846373344	1.64419553366002	1.45011396359172	-1.01481563753813	-1.01481563753813	-1.01481563753813
TRINITY_DN159185_c3_g2	-1.14865024269709	-1.30827942851831	-1.30827942851831	1.28292124441406	1.12494711977159	1.35734073554807
TRINITY_DN155097_c4_g4	-1.0756235813956	-1.0756235813956	-1.0756235813956	1.63653195033245	0.281083671539781	1.30925512231457
TRINITY_DN194524_c2_g1	0.802999935941248	1.44564820558732	0.750792843244553	-0.999813661591039	-0.999813661591039	-0.999813661591039
TRINITY_DN179137_c0_g4	0.87428848570907	1.4060608914779	1.06311185269906	-1.11448707662868	-1.11448707662868	-1.11448707662868
TRINITY_DN198225_c0_g3	1.22269508809164	1.34573170621882	0.352364798551272	-0.973597197620581	-0.973597197620581	-0.973597197620581
TRINITY_DN163144_c6_g1	-0.866939101581517	-0.866939101581517	-0.866939101581517	0.9163079957966	1.56013065362927	0.124378655318682
TRINITY_DN168987_c4_g2	-1.07773682498585	-1.07773682498585	-1.07773682498585	1.06989550183801	2.57474966993231	-0.411434696812758
TRINITY_DN177344_c6_g6	-2.08237076167486	-1.80942088697598	-1.57158340771209	1.79049195521115	4.37330224446897	-0.700419143317191
TRINITY_DN154507_c0_g1	-1.76602376962597	-1.8624904868029	-1.06777271694771	1.43253232403341	1.17615286593838	2.08760178340478
TRINITY_DN140582_c0_g1	3.93541281467575	-0.495542596135967	2.7068390798741	-2.04890309947129	-2.04890309947129	-2.04890309947129
TRINITY_DN188884_c1_g1	-1.04287244521119	-1.04287244521119	-1.04287244521119	0.798698192184331	2.54497256404309	-0.215053420593866
TRINITY_DN197952_c6_g1	0.968943647838325	0.959952196903277	0.435342951265802	-0.788079598669135	-0.788079598669135	-0.788079598669135
TRINITY_DN174262_c0_g2	0.37587198535392	2.05139052516755	3.30116747852858	-1.98168001926416	-1.98168001926416	-1.76506995052172
TRINITY_DN167691_c6_g1	2.12539325509498	1.38973259257042	0.208290523661048	-1.24113879044215	-1.24113879044215	-1.24113879044215
TRINITY_DN110600_c0_g1	-0.803433053627059	-0.803433053627059	-0.803433053627059	0.751401342267134	1.15781983043115	0.501077988182894
TRINITY_DN252227_c0_g1	-1.63485743408274	-1.63485743408274	-1.63485743408274	2.25354488456778	3.59972052570182	-0.948693108021383
TRINITY_DN177471_c12_g7	-0.772584550223268	-0.772584550223268	-0.772584550223268	0.984438696284191	0.61532937416268	0.717985580222933
TRINITY_DN155191_c5_g1	-1.03056934658775	-1.03056934658775	-1.03056934658775	0.496000313910033	2.44995429980051	0.145753426052712
TRINITY_DN149411_c5_g1	-1.01986079057057	-1.01986079057057	-1.01986079057057	0.989844681713101	1.10082291823142	0.96891477176718
TRINITY_DN50592_c0_g1	-1.28107778361232	-1.28107778361232	-1.28107778361232	1.70824291194215	3.0860835727487	-0.951093133853897
TRINITY_DN172582_c0_g2	-1.21372161938616	-1.21372161938616	-1.21372161938616	1.36787065944986	2.7062857816184	-0.432991582909781
TRINITY_DN170582_c4_g1	1.15411317340876	1.85811909238017	0.159399485109599	-1.05721058363284	-1.05721058363284	-1.05721058363284
TRINITY_DN151799_c0_g1	-1.20490920577411	-1.20490920577411	-1.20490920577411	1.14615369316628	1.26341343817376	1.20516048598227
TRINITY_DN157956_c3_g1	1.5116800489206	0.411125163005932	2.80250593973787	-1.57510371722147	-1.57510371722147	-1.57510371722147
TRINITY_DN161079_c8_g2	-1.12821888118082	-1.12821888118082	-1.12821888118082	-0.659374938206186	2.2143358642965	1.82969571745216
TRINITY_DN191962_c6_g1	2.99789880303791	0.728691053399106	-0.327987757918251	-1.13286736617292	-1.13286736617292	-1.13286736617292
TRINITY_DN192653_c5_g1	-1.08157886310816	-1.08157886310816	-1.08157886310816	1.99737247828666	1.84764403259841	-0.600279921560595
TRINITY_DN162514_c8_g1	-1.5149977162755	-1.5149977162755	-1.5149977162755	-0.0228881636228884	3.88564267380619	0.682238638643206
TRINITY_DN162892_c4_g1	-1.22736742069955	-1.22736742069955	-1.22736742069955	1.53625661162239	-0.618558178024021	2.76440382850027
TRINITY_DN158461_c0_g1	-0.887923434242678	-0.887923434242678	-0.887923434242678	1.52972658291801	0.559391266010498	0.574652453799526
TRINITY_DN15186_c0_g1	-0.971796401839085	-0.971796401839085	-0.971796401839085	0.0910160905659365	1.58671615116145	1.23765696378986
TRINITY_DN166638_c3_g2	-2.76074294974601	-3.03385656167617	-2.44889406095502	6.246310937839	4.69429158121448	-2.69710894667629
TRINITY_DN160988_c0_g2	-1.35786315363273	-1.35786315363273	-1.35786315363273	1.71389951566736	3.4861206904156	-1.12643074518477
TRINITY_DN177458_c4_g3	-1.7967043239822	-1.7967043239822	-1.7967043239822	1.55746570204265	4.04968869687016	-0.217041426966197
TRINITY_DN184951_c3_g6	0.354221113175582	2.05413745201078	0.918275897331206	-1.10887815417252	-1.10887815417252	-1.10887815417252
TRINITY_DN188203_c0_g3	-1.49918907479048	-1.49918907479048	-1.49918907479048	2.01682607221318	2.11599177652476	0.364749375633492
TRINITY_DN182558_c5_g6	-2.89676430587272	5.43410366870671	5.81930823941588	-2.5439752472806	-2.33244445244882	-3.48022790252046
TRINITY_DN189902_c1_g3	1.28672649236051	1.1455031504968	2.53217241483069	-1.64022175558926	-1.42092414067568	-1.90325616142306
TRINITY_DN227835_c0_g1	-1.61746758063931	-1.61746758063931	-1.61746758063931	2.47304714924894	3.73860578377229	-1.35925019110329
TRINITY_DN160011_c6_g2	-1.30481281878365	-1.67087806117708	-2.19796474974888	2.6711088806574	1.07396989432855	1.42857685472367
TRINITY_DN167188_c2_g3	0.917837633673342	0.33582586160279	1.31354687201776	-0.855736789097965	-0.855736789097965	-0.855736789097965
TRINITY_DN183050_c0_g2	1.05464909298705	0.50162655633944	0.818956134269452	-0.791743927865313	-0.791743927865313	-0.791743927865313
TRINITY_DN179269_c2_g2	-1.11945232880856	-1.11945232880856	-1.11945232880856	0.998907397144499	2.85222916548374	-0.492779576202565
TRINITY_DN162545_c2_g1	-1.23146310941725	-1.23146310941725	-1.23146310941725	1.28303792685703	3.08699835575033	-0.675646954355612
TRINITY_DN154711_c2_g2	1.41656813295867	1.05713219185739	1.79647403877654	-1.42339145453087	-1.42339145453087	-1.42339145453087
TRINITY_DN164152_c3_g4	-1.28820925291759	-1.28820925291759	-1.28820925291759	1.4080071811388	3.42405635358569	-0.967435775971721
TRINITY_DN145562_c1_g1	-0.830104349121256	-0.830104349121256	-0.830104349121256	0.775389984731253	0.279590515704674	1.43533254692784
TRINITY_DN173489_c1_g1	-1.67935541178748	-1.67935541178748	-1.67935541178748	1.82361160753155	3.46085063234228	-0.246396004511376
TRINITY_DN190905_c1_g2	-1.68778859058294	-1.48992319922921	-1.54504841846686	1.82025968798506	3.85910586930469	-0.956605349010743
TRINITY_DN219357_c0_g1	-1.58147934349985	-2.26710781788252	-1.67716535004573	3.25705589472319	2.74738730885876	-0.478690692153853
TRINITY_DN194622_c4_g4	-1.83565613476154	-1.49537872999528	-1.83565613476154	2.07986476599042	0.423465671296142	2.66336056223179
TRINITY_DN161957_c2_g1	0.867553475185501	-0.0533461721644448	2.59393898146303	-1.13604876149469	-1.13604876149469	-1.13604876149469
TRINITY_DN187904_c1_g4	-1.14057830974991	-1.14057830974991	-1.14057830974991	1.29318237221544	2.55719550980528	-0.428642952770987
TRINITY_DN189970_c0_g1	-1.15286317530187	-1.15286317530187	-1.15286317530187	0.812459373065389	2.06607294603381	0.580057206806392
TRINITY_DN157831_c2_g1	-1.92228441983764	-1.61499788520117	-1.52201757526111	2.28429956108511	3.9103365477431	-1.13533622852829
TRINITY_DN160017_c2_g1	-0.952696021832626	1.59388888989764	3.50293042727756	-1.38137443178086	-1.38137443178086	-1.38137443178086
TRINITY_DN52241_c0_g1	-1.2543622752959	-1.2543622752959	-1.2543622752959	1.6542585164515	3.01609191410981	-0.907263604673628
TRINITY_DN162597_c14_g1	-2.23554879657429	-1.84603480563099	-1.69211819199023	2.70671253774721	3.77612091080614	-0.709131654357842
TRINITY_DN197247_c4_g1	-0.911266621404996	-0.911266621404996	-0.911266621404996	1.42787076351459	0.973526641138531	0.332402459561867
TRINITY_DN162067_c5_g2	1.66677742107622	1.07058501665518	0.285687253720715	-1.00768323048404	-1.00768323048404	-1.00768323048404
TRINITY_DN156506_c5_g15	1.30775606029143	1.76488090926009	1.39014894507387	-1.48759530487513	-1.48759530487513	-1.48759530487513
TRINITY_DN183395_c0_g4	-1.13979156981098	-1.13979156981098	-1.13979156981098	1.06246941375103	2.34743749999325	0.00946779568864731
TRINITY_DN244259_c0_g1	-1.10381387722877	-1.10381387722877	-1.10381387722877	0.746585519541481	2.45641194517088	0.108444166973962
TRINITY_DN193556_c4_g1	-2.08952706465806	-2.44751378981252	-2.13929692870285	2.69233834064711	4.8599310340851	-0.875931591558768
TRINITY_DN228286_c0_g1	0.320411090299597	1.05389611573084	0.993544117548561	-0.789283774526333	-0.789283774526333	-0.789283774526333
TRINITY_DN186064_c1_g3	-1.71483570667446	-1.77452405013583	-1.78116324749887	1.96819289623259	4.17980045992597	-0.877470351849399
TRINITY_DN154590_c9_g1	1.08267535430453	0.624664169202532	0.68375171242622	-0.79703041197776	-0.79703041197776	-0.79703041197776
TRINITY_DN237021_c0_g1	-1.0678138769158	-1.0678138769158	-1.0678138769158	1.44264174474596	1.78877349838544	-0.0279736123840082
TRINITY_DN185783_c3_g2	-1.75849974617657	-1.52274087033923	-1.39441677336369	1.35461768383394	3.12873093919104	0.192308766854508
TRINITY_DN165186_c13_g2	-0.990097992257632	-0.990097992257632	-0.990097992257632	1.40688346723424	0.673018875108471	0.890391634430188
TRINITY_DN155992_c7_g1	0.164464836167639	2.0739525432622	1.68565142645548	-1.3080229352951	-1.3080229352951	-1.3080229352951
TRINITY_DN191782_c3_g2	0.859039033239141	1.06188213051893	2.02230359469631	-1.31440825281813	-1.31440825281813	-1.31440825281813
TRINITY_DN175989_c0_g3	-1.23197974275029	-1.23197974275029	-1.23197974275029	1.63907533233634	2.33130043790773	-0.274436541993187
TRINITY_DN170810_c3_g6	-2.77871223516836	-1.63063637155895	-1.96377361719271	2.16280741016522	4.70878181520686	-0.498467001452049
TRINITY_DN199168_c1_g2	1.30787675774741	0.946108398328259	1.87347393360164	-1.3758196965591	-1.3758196965591	-1.3758196965591
TRINITY_DN177916_c0_g5	-1.80446932929572	-1.78427379334177	-1.98716162681191	3.02871055505124	3.94459233422509	-1.39739813982693
TRINITY_DN153367_c1_g2	0.140681060717954	1.53255519111624	1.83574092784839	-1.1696590598942	-1.1696590598942	-1.1696590598942
TRINITY_DN175706_c5_g1	0.826319178184743	0.935484526717081	0.608311851534018	-0.790038518811947	-0.790038518811947	-0.790038518811947
TRINITY_DN184671_c0_g1	-1.376119308755	-1.376119308755	-1.376119308755	1.41777657379388	2.8194645194137	-0.108883166942588
TRINITY_DN153789_c3_g1	-0.849313015529667	-0.849313015529667	-0.849313015529667	0.793619553828819	1.42539592368504	0.328923569075138
TRINITY_DN172727_c2_g2	1.68908761230117	-0.0409772749492049	1.31613664219928	-0.988082326517079	-0.988082326517079	-0.988082326517079
TRINITY_DN187540_c0_g2	-1.06559980118689	-1.06559980118689	-1.06559980118689	1.13572039653095	2.29967279857764	-0.238593791547916
TRINITY_DN239173_c0_g1	-1.21360550932714	-1.21360550932714	-1.21360550932714	1.80698558544611	2.53850078999805	-0.704669847462744
TRINITY_DN194701_c0_g1	-1.5593425170615	-1.5593425170615	-1.5593425170615	1.2025809757491	4.63097603088032	-1.15552945544491
TRINITY_DN158168_c1_g1	-1.14524732888317	-1.01695392787335	-1.14524732888317	0.902988856769682	1.33682649140878	1.06763323746122
TRINITY_DN198278_c7_g1	1.14978632562922	0.956105200934296	0.42305478885561	-0.842982105139708	-0.842982105139708	-0.842982105139708
TRINITY_DN187700_c0_g1	-1.12900413070739	-1.12900413070739	-1.12900413070739	1.30795720712621	0.395561090369805	1.68349409462617
TRINITY_DN166079_c1_g1	-1.3374643645452	-1.3374643645452	-1.3374643645452	1.93216728639524	2.77706924374985	-0.6968434365095
TRINITY_DN158462_c5_g1	-1.01922432030455	-1.01922432030455	-1.01922432030455	1.01991407360241	1.82616536575469	0.211593521556537
TRINITY_DN175658_c5_g1	-1.95831926434671	-1.69635180916494	-2.48749153503083	3.00116571654698	4.74992074089658	-1.60892384890107
TRINITY_DN199732_c0_g1	-2.10709496194896	-2.10709496194896	-2.10709496194896	2.6362045659393	1.79632900393978	1.88875131596778
TRINITY_DN160016_c3_g3	-1.13309051547067	-1.13309051547067	-1.04766585921799	1.77187520321336	0.265807055731804	1.27616463121417
TRINITY_DN159693_c5_g4	0.815648218421862	0.446716638785716	1.30049199453372	-0.854285617247099	-0.854285617247099	-0.854285617247099
TRINITY_DN192573_c3_g2	-1.03988346625453	-1.03988346625453	-1.03988346625453	0.72649967474677	2.28377482477172	0.109375899245095
TRINITY_DN171437_c5_g1	-1.00585651349692	-1.00585651349692	-1.00585651349692	1.54995964156472	1.48650944989855	-0.0188995509725173
TRINITY_DN198437_c1_g1	-0.824721961286467	-0.824721961286467	-0.824721961286467	0.58127039838937	1.09328255731141	0.799612928158622
TRINITY_DN164638_c3_g5	0.991404264701912	2.06654154647479	0.357668546648437	-1.13853811927505	-1.13853811927505	-1.13853811927505
TRINITY_DN162107_c3_g2	-1.59603348659139	-1.7049502770596	-1.9271815484332	1.89548083899926	4.2689182553948	-0.936233782309876
TRINITY_DN181140_c1_g3	-1.04513888571503	-1.04513888571503	-1.04513888571503	1.04842129044731	2.06037158311271	0.0266237835850645
TRINITY_DN167125_c6_g3	-1.70367024291837	-1.57264258288505	-1.91405910736378	1.72134704517691	0.986855990856166	2.48216889713412
TRINITY_DN185187_c9_g1	-2.16450236900911	-2.31279145650397	-1.86422664203716	2.94113437121768	5.3237448697081	-1.92335877337553
TRINITY_DN197188_c6_g1	-1.58697221956969	-1.40047166192519	-1.58697221956969	1.25258432418461	1.42273325271398	1.89909852416598
TRINITY_DN175353_c3_g5	1.66414792321357	1.15621759755441	1.26280876619753	-1.36105809565517	-1.36105809565517	-1.36105809565517
TRINITY_DN166356_c4_g4	-1.68385300523932	-1.44873868486296	-1.68385300523932	2.39227848532444	0.892185331522761	1.53198087849441
TRINITY_DN147537_c3_g1	1.2256925900264	1.21997350285375	1.71753046556533	-1.43400367578259	-1.43400367578259	-1.29518920688031
TRINITY_DN182124_c0_g4	-1.31080302627384	-1.31080302627384	-1.31080302627384	0.632180571913264	3.74630061086734	-0.446072103959087
TRINITY_DN161820_c2_g1	-1.49978968204412	-2.09146909897986	-1.49024801339491	1.95964193659318	2.34149030829625	0.780374549529461
TRINITY_DN180147_c4_g1	-1.27452775543707	-2.01929875209208	-1.54547192160563	2.90533838593439	1.8657448009923	0.0682152422080948
TRINITY_DN138760_c1_g1	-0.967059024148283	-0.967059024148283	-0.967059024148283	0.966891233547141	0.551979585451776	1.38230625344593
TRINITY_DN169573_c7_g2	-0.868531637560051	-0.868531637560051	-0.868531637560051	0.571357410059728	1.66153910466503	0.372698397955394
TRINITY_DN159384_c12_g2	2.6383214731513	0.257796265435257	0.966916097628217	-1.28767794540492	-1.28767794540492	-1.28767794540492
TRINITY_DN193660_c5_g4	-1.30660303486405	-1.30660303486405	-1.30660303486405	1.98323143031346	1.01359278640208	0.922984887876604
TRINITY_DN176758_c9_g3	-1.25884128304026	-1.25884128304026	-1.25884128304026	2.54974970509972	1.84314488974548	-0.616370745724434
TRINITY_DN134301_c0_g1	0.774583421303556	0.881298320458776	0.898984443186111	-0.851622061649481	-0.851622061649481	-0.851622061649481
TRINITY_DN186429_c0_g2	-0.923852498063981	-0.923852498063981	-0.923852498063981	1.44239976563558	1.30142243180559	0.027735296750773
TRINITY_DN163436_c4_g2	-2.06846896494936	-2.06846896494936	-2.06846896494936	1.6446769375409	2.69430504817527	1.86642490913191
TRINITY_DN190969_c2_g3	0.431318540892663	1.0547113421804	0.841819013585033	-0.775949632219365	-0.775949632219365	-0.775949632219365
TRINITY_DN167931_c3_g1	-0.856602827650835	-0.856602827650835	-0.856602827650835	1.16878039382709	0.222007007045531	1.17902108207989
TRINITY_DN184100_c3_g3	1.06017966960213	0.801493146474941	0.709510526450803	-0.857061114175957	-0.857061114175957	-0.857061114175957
TRINITY_DN161713_c5_g1	1.12280107873369	1.0332848139012	0.279626471681741	-0.811904121438876	-0.811904121438876	-0.811904121438876
TRINITY_DN163553_c10_g1	-1.22313923569334	-1.23749452867041	-1.23749452867041	1.26126693700144	1.57438746754826	0.862473888484473
TRINITY_DN178116_c7_g1	-1.08222853078522	-1.08222853078522	-1.08222853078522	0.775752464342348	2.63859713530461	-0.167664007291285
TRINITY_DN192330_c0_g5	-1.2699402073641	-1.2699402073641	-1.2699402073641	1.49623088174575	2.92178034789993	-0.608190607553392
TRINITY_DN163314_c2_g1	-1.24989455912272	2.46400431171456	4.11020090795652	-1.97500669079081	-1.6276510423221	-1.72165292743545
TRINITY_DN115176_c0_g1	-0.857992737313377	-0.857992737313377	-0.857992737313377	0.760245918282078	1.63821392861011	0.175518365047946
TRINITY_DN195040_c4_g5	1.65422301345467	1.22316547246349	0.373651597634221	-1.08368002785079	-1.08368002785079	-1.08368002785079
TRINITY_DN164387_c5_g1	-1.19008073455388	-1.19008073455388	-1.19008073455388	2.34011488930217	0.222971693994646	1.00715562036483
TRINITY_DN159329_c3_g1	-1.47224998956626	-1.45621987974731	-1.1923001133206	1.12674857084176	3.21030656884967	-0.216285157057257
TRINITY_DN169173_c3_g3	-0.87817604521576	-0.87817604521576	-0.87817604521576	1.48919502043277	0.888631106087161	0.256702009127351
TRINITY_DN166217_c7_g1	0.526524677524507	0.694113636946916	1.23597677912886	-0.818871697866761	-0.818871697866761	-0.818871697866761
TRINITY_DN155477_c7_g1	-2.10333553461811	-2.10333553461811	-2.10333553461811	2.66113801637456	0.461042633946953	3.18782595353282
TRINITY_DN142898_c0_g2	-1.11390395701745	-1.11390395701745	-1.11390395701745	1.17622550765825	0.396551664644311	1.7689346987498
TRINITY_DN187303_c3_g4	-1.5020729329105	-1.41663401814581	-1.57108761082568	1.90878963784538	3.33815746438096	-0.757152540344361
TRINITY_DN183261_c2_g3	-1.24640187686772	-1.24640187686772	-1.24640187686772	1.54853378593581	2.80853340227232	-0.617861557604962
TRINITY_DN184441_c4_g4	0.771953257042077	0.585870866872132	1.09272980600621	-0.816851309973473	-0.816851309973473	-0.816851309973473
TRINITY_DN169854_c5_g5	1.0169036584296	1.13819388462103	1.1512637910874	-1.10212044471268	-1.10212044471268	-1.10212044471268
TRINITY_DN171237_c8_g5	1.61382457294853	0.418165460619609	1.9807401226092	-1.33757671872578	-1.33757671872578	-1.33757671872578
TRINITY_DN184396_c1_g3	-1.45334225831561	-1.45334225831561	-1.45334225831561	1.73030304707904	3.4424450581477	-0.812721330279913
TRINITY_DN189879_c3_g2	-1.45207085713011	-1.45207085713011	-1.45207085713011	1.92185570555425	3.52465936354704	-1.09030249771096
TRINITY_DN191807_c2_g2	1.0196312593533	0.634060249397765	2.54360374339864	-1.39909841738323	-1.39909841738323	-1.39909841738323
TRINITY_DN187596_c3_g2	0.497213339662639	1.16972477755767	1.53382459416649	-1.0669209037956	-1.0669209037956	-1.0669209037956
TRINITY_DN179359_c3_g1	0.947087547550892	1.56627369815696	1.37546938872045	-1.29627687814277	-1.29627687814277	-1.29627687814277
TRINITY_DN194883_c4_g2	-1.30458934197646	-1.30458934197646	-1.30458934197646	1.92576740307968	-0.161849169860383	2.14984979271009
TRINITY_DN154900_c1_g1	-2.40160734617188	-1.63794250358521	-2.21293871480771	2.75790390581289	4.82408229681338	-1.32949763806147
TRINITY_DN74953_c0_g1	-1.96989310700301	-1.76075170916442	-1.68064882184636	2.57514857646446	3.90145773363102	-1.06531267208169
TRINITY_DN182519_c3_g1	2.0666571697877	0.987769913768758	1.00138569748306	-1.35193759367984	-1.35193759367984	-1.35193759367984
TRINITY_DN174180_c3_g3	-1.73242791559812	-1.73242791559812	-1.73242791559812	3.01780339687059	3.76655687994926	-1.5870765300255
TRINITY_DN158233_c0_g2	1.95909117232729	1.35043762813217	0.86129351534132	-1.39027410526693	-1.39027410526693	-1.39027410526693
TRINITY_DN87754_c0_g1	-1.3550068413446	-1.3550068413446	-1.3550068413446	0.913128082580295	2.71821357218455	0.433678869268938
TRINITY_DN122590_c0_g1	0.0785993458533049	1.16962499622275	1.35504733526493	-0.867757225780329	-0.867757225780329	-0.867757225780329
TRINITY_DN162397_c3_g1	-0.992741881922718	-0.992741881922718	-0.992741881922718	1.42193489850417	1.41678483088827	0.139505916375722
TRINITY_DN175697_c4_g2	-0.787147530617081	-0.787147530617081	-0.787147530617081	0.669658618613393	0.979659620685841	0.712124352552008
TRINITY_DN191587_c3_g7	-1.03027948952781	-1.03027948952781	-1.03027948952781	0.687369518645505	2.33681195696278	0.0666569929751475
TRINITY_DN6683_c0_g1	0.605431231666074	1.43223163465225	0.40304183497725	-0.813568233765191	-0.813568233765191	-0.813568233765191
TRINITY_DN178601_c2_g2	-1.02509911451561	-1.02509911451561	-1.02509911451561	1.86145103280873	0.939114663431331	0.274731647306761
TRINITY_DN167848_c5_g1	1.87562356094645	2.24129287899005	0.11907300956034	-1.41199648316561	-1.41199648316561	-1.41199648316561
TRINITY_DN180064_c3_g6	-1.95904862597447	-1.69241008891552	-1.90207068514629	2.5380117575326	4.37298615424096	-1.35746851173728
TRINITY_DN168755_c8_g5	0.398875885321343	0.494900534357642	1.77201280971419	-0.888596409797723	-0.888596409797723	-0.888596409797723
TRINITY_DN205145_c0_g1	-1.17959706128714	-1.17959706128714	-1.17959706128714	0.332376920494658	2.8609447325757	0.345469530791068
TRINITY_DN155296_c8_g1	-0.970704582201915	-0.970704582201915	-0.970704582201915	0.607026349288165	2.17953012646109	0.125557270856488
TRINITY_DN167566_c8_g3	-1.94242717373704	-1.94242717373704	-1.94242717373704	2.91356252357144	4.17537174588426	-1.26165274824458
TRINITY_DN140255_c3_g1	-1.07377720436273	-1.07377720436273	-1.07377720436273	1.25907391770943	2.02096557802383	-0.0587078826450782
TRINITY_DN189555_c5_g5	-0.839436034584417	-0.839436034584417	-0.839436034584417	1.17563328713323	1.16704152948679	0.175633287133231
TRINITY_DN190439_c5_g1	-1.18960318534801	-1.18960318534801	-1.18960318534801	0.832587054286057	3.17307709569884	-0.436854593940874
TRINITY_DN156295_c0_g1	-1.8775576513542	-1.8775576513542	-1.8775576513542	1.74232483371611	2.2329726382683	1.65737548207821
TRINITY_DN162514_c8_g2	-2.42389006723024	-2.42389006723024	-2.42389006723024	-2.07565764799097	4.07313143242664	5.27419641725507
TRINITY_DN187231_c11_g2	1.41489998671118	0.536355820651342	0.472457915639702	-0.807904574334076	-0.807904574334076	-0.807904574334076
TRINITY_DN219893_c0_g1	-1.54432795649261	-1.54432795649261	-1.54432795649261	1.43679403330171	3.05974336717626	0.136446468999856
TRINITY_DN195911_c7_g1	-1.19703693498763	-1.19703693498763	-1.19703693498763	1.35435603303982	1.11388480024271	1.12286997168037
TRINITY_DN188709_c2_g1	-1.40573980551207	-1.28121487004018	-1.34405995566809	1.77516759985733	3.19583079889311	-0.939983767530097
TRINITY_DN170351_c7_g1	1.19686285276015	1.1510799298649	0.449559945824675	-0.967279796088155	-0.967279796088155	-0.862943136273419
TRINITY_DN185096_c5_g3	-1.1234489287532	-1.1234489287532	-1.1234489287532	0.773016687436229	0.271613870764381	2.32571622805898
TRINITY_DN203747_c0_g1	-1.43985065597637	-1.43985065597637	-1.43985065597637	1.29588812593597	2.9205136205671	0.103150221426052
TRINITY_DN159603_c3_g7	-0.967363354161743	-0.861685276267205	-0.967363354161743	0.731744030462258	0.825075575902895	1.23959237822554
TRINITY_DN186589_c0_g7	-1.56355819614419	-1.56355819614419	-1.56355819614419	1.62341768796912	3.96451296843455	-0.897256067971096
TRINITY_DN189612_c3_g1	0.985118142307677	1.81927960786279	0.130670194831158	-0.978355981667209	-0.978355981667209	-0.978355981667209
TRINITY_DN211302_c0_g1	-0.952854096546172	-0.952854096546172	-0.952854096546172	0.765671929916089	2.09938788463497	-0.00649752491253841
TRINITY_DN185454_c12_g1	-1.6493970403368	-1.6574064712675	-1.48536354742227	1.28550793144132	0.971067608285164	2.5355915193001
TRINITY_DN173107_c2_g3	0.944354097982669	1.52729601708377	2.24030534028674	-1.57065181845106	-1.57065181845106	-1.57065181845106
TRINITY_DN195492_c0_g1	-1.61460893729026	-1.61460893729026	-1.61460893729026	1.29919002766044	4.5260470351266	-0.981410250916256
TRINITY_DN183072_c6_g1	1.22332574601735	0.690303068892577	0.966377065172427	-0.960001960027451	-0.960001960027451	-0.960001960027451
TRINITY_DN167458_c3_g1	1.22122476670912	0.635205733505086	0.584655152705923	-0.813695217640042	-0.813695217640042	-0.813695217640042
TRINITY_DN143957_c0_g1	-1.18346813260891	-1.18346813260891	-1.18346813260891	2.49696875456088	1.69093540676948	-0.637499763503621
TRINITY_DN163731_c5_g7	-1.08674527692638	2.00459675123047	3.44114114757373	-1.45299754062594	-1.45299754062594	-1.45299754062594
TRINITY_DN182263_c4_g1	-1.76132475764953	-1.35860258080393	-1.76132475764953	2.17356911643174	2.27807687775818	0.429606101913081
TRINITY_DN168807_c0_g1	0.980217380200394	0.256013617364473	1.23155765443081	-0.822596217331894	-0.822596217331894	-0.822596217331894
TRINITY_DN164264_c6_g6	2.30623177612901	1.8513368579403	0.0561072517688108	-1.4127056031628	-1.51435567925723	-1.2866146034181
TRINITY_DN168062_c0_g1	-1.57615750270047	-1.57615750270047	-1.57615750270047	1.6268870006988	3.81777346188204	-0.716187954479441
TRINITY_DN171002_c5_g1	2.17279326474812	2.35030282369474	-0.030314411765729	-1.49759389222571	-1.49759389222571	-1.49759389222571
TRINITY_DN194103_c1_g2	-1.17901719170985	-1.17901719170985	-1.17901719170985	1.36818583304708	2.7725706031049	-0.603704861022417
TRINITY_DN182056_c8_g1	-2.14310779785496	-2.14310779785496	-2.14310779785496	2.62634659820131	1.65411274706893	2.14886404829464
TRINITY_DN144757_c0_g2	-1.81423229187363	-1.78990296251189	-1.66296545516356	2.30223544741212	4.49092986502389	-1.52606460288694
TRINITY_DN166803_c6_g2	-1.11206949040113	-1.11206949040113	-1.11206949040113	1.55990317034893	1.31500026480965	0.461305036044813
TRINITY_DN170443_c4_g1	0.824469791477572	1.0443590014888	0.4827702836439	-0.783866358870089	-0.783866358870089	-0.783866358870089
TRINITY_DN174265_c4_g4	-1.93026236657934	-1.93026236657934	-1.93026236657934	2.6638083902722	4.59571251657226	-1.46873380710646
TRINITY_DN159146_c5_g1	-1.86270071764526	-1.86270071764526	-1.86270071764526	1.00321809690696	1.90347037146459	2.68141368456422
TRINITY_DN196116_c0_g1	-0.833921961548375	-0.833921961548375	-0.833921961548375	0.962675792499931	0.566069389115807	0.973020703029387
TRINITY_DN152684_c2_g2	1.8657525763482	1.1906881006835	1.69538186303141	-1.58394084668771	-1.58394084668771	-1.58394084668771
TRINITY_DN193130_c4_g5	2.24179287596796	-0.521818572614247	2.86491410670265	-1.52829613668545	-1.52829613668545	-1.52829613668545
TRINITY_DN194609_c1_g3	1.2146089843117	1.17269918136377	0.242441035937839	-0.876583067204435	-0.876583067204435	-0.876583067204435
TRINITY_DN176481_c1_g6	-0.885218557337151	-0.885218557337151	-0.885218557337151	0.42802729445041	1.05626340653183	1.17136497102922
TRINITY_DN180444_c7_g2	-2.51696598143823	-2.22894629562031	-1.51901090742325	1.9445695033832	1.364175427594	2.9561782535046
TRINITY_DN176109_c1_g1	-1.13144797808256	-1.13144797808256	-1.13144797808256	1.18527704349619	1.18411825223639	1.0249486385151
TRINITY_DN179218_c9_g1	-1.74199228186955	-1.36339677855876	-1.81811797931009	1.86962086012347	3.82062512382016	-0.766738944205232
TRINITY_DN162745_c6_g5	-1.33864101172637	-1.33864101172637	-1.33864101172637	1.321283546676	0.530440741973558	2.16419874652956
TRINITY_DN182448_c0_g4	1.16146392925731	0.188468368360192	1.46558116607522	-0.938504487897573	-0.938504487897573	-0.938504487897573
TRINITY_DN185119_c13_g7	-0.886803841552738	-0.886803841552738	-0.886803841552738	1.20337210823747	0.662618904193925	0.794420512226821
TRINITY_DN186787_c1_g1	-1.10349736701251	-1.10349736701251	-1.10349736701251	1.22677418640419	2.64818057867507	-0.564462664041751
TRINITY_DN179598_c2_g2	1.06454871172649	0.490873948635464	1.12244632619775	-0.892622995519901	-0.892622995519901	-0.892622995519901
TRINITY_DN175420_c0_g1	-1.49496134502006	-1.49496134502006	-1.49496134502006	1.84545849890718	3.85224365239157	-1.21281811623856
TRINITY_DN198316_c2_g1	-1.00787084396284	-1.00787084396284	-1.00787084396284	1.11248109640238	1.73758163916885	0.173549796317298
TRINITY_DN174180_c1_g1	-1.46142309819645	-1.46142309819645	-1.46142309819645	2.560056629214	2.93061949935224	-1.1064068339769
TRINITY_DN191300_c0_g2	-1.27292229926038	-1.27292229926038	-1.27292229926038	-0.127570913687762	2.09807889228129	1.84825891918762
TRINITY_DN179804_c3_g1	-1.65566407560266	-1.75327487222908	-1.75327487222908	0.394357454594778	2.6933122130778	2.07454415238824
TRINITY_DN174954_c4_g2	-1.7755484529051	-1.8251792206297	-1.8251792206297	1.44982782687017	1.73198576334748	2.24409330394684
TRINITY_DN158653_c0_g2	3.05436675382104	1.29894670548662	2.43442955632375	-1.71654111939106	-1.68138160839552	-3.38982028784484
TRINITY_DN188905_c2_g4	-1.28850707459114	-1.28850707459114	-1.28850707459114	1.63216733645048	3.04677607896529	-0.813422191642356
TRINITY_DN190932_c2_g1	1.18236785052017	1.26639041091335	0.579773514645058	-1.00951059202619	-1.00951059202619	-1.00951059202619
TRINITY_DN174933_c0_g3	-1.04235889958013	-1.04235889958013	-1.04235889958013	1.87297077643288	0.0885719702463168	1.1655339520612
TRINITY_DN170273_c5_g2	1.60619820743684	1.92712249789712	-0.368034660078572	-1.05509534841846	-1.05509534841846	-1.05509534841846
TRINITY_DN197882_c5_g2	-0.99077479249778	-0.99077479249778	-0.99077479249778	0.176583135240734	1.59274429135371	1.2029969508989
TRINITY_DN156086_c9_g3	-1.45242469191725	-1.1905636859374	-1.32069067390946	-0.0386192875447753	1.58885248590929	2.4134458533996
TRINITY_DN187790_c3_g1	-1.59001233577249	-1.59001233577249	-1.59001233577249	2.5136531469932	1.86600524003529	0.390378620288979
TRINITY_DN161820_c6_g2	-1.15146370014478	-1.15146370014478	-1.15146370014478	1.44499443941421	1.5558402081025	0.453556452917631
TRINITY_DN158517_c0_g6	0.636649714721192	0.958791368196893	0.796692796909133	-0.797377959942406	-0.797377959942406	-0.797377959942406
TRINITY_DN191356_c2_g1	-1.44208515601418	-1.65496572235856	-1.65496572235856	-0.0166601455514719	2.89519617208887	1.87348057419391
TRINITY_DN137409_c0_g1	-0.942672306119477	-0.942672306119477	-0.942672306119477	1.05552319703377	0.294279452468603	1.47821426885605
TRINITY_DN150805_c0_g1	0.807020256815098	0.0404311755522542	2.22590359573045	-1.0244516760326	-1.0244516760326	-1.0244516760326
TRINITY_DN176079_c0_g1	-0.905721797952155	-0.905721797952155	-0.905721797952155	0.646655273142714	0.199285726808819	1.87122439390493
TRINITY_DN162186_c1_g1	-0.940086158075338	-0.940086158075338	-0.940086158075338	0.0424967888472529	1.00327260460247	1.77448908077629
TRINITY_DN179612_c5_g1	-1.67809606211649	-1.31408400855787	-1.67809606211649	1.20337279154227	1.91418156150398	1.5527217797446
TRINITY_DN41641_c0_g1	-1.48012819835307	-1.48012819835307	-1.48012819835307	1.70684768576024	2.23730147191927	0.496235437379693
TRINITY_DN160622_c0_g3	-1.11575931627047	-1.11575931627047	-1.11575931627047	1.90127176425738	1.75193950472703	-0.305933320173014
TRINITY_DN251636_c0_g1	-1.2554709231532	-1.2554709231532	-1.2554709231532	1.3268442091631	3.08623024077419	-0.646661680477678
TRINITY_DN186803_c3_g3	-0.940065253803135	-0.940065253803135	-0.940065253803135	0.876739221029742	1.91930801623586	0.0241485241438044
TRINITY_DN170929_c3_g1	-1.69712105688085	-1.94322506676476	-1.94322506676476	1.88184819407277	4.39398648956915	-0.692263493231543
TRINITY_DN159483_c3_g1	1.07973546031726	0.730623735725864	1.04144265811796	-0.950600618053696	-0.950600618053696	-0.950600618053696
TRINITY_DN184060_c1_g2	1.47072252227368	0.812499473487827	0.947700211368341	-1.07697406904328	-1.07697406904328	-1.07697406904328
TRINITY_DN191911_c5_g2	-2.9040039391876	-1.86339055944368	-3.61562113512901	5.25817890632801	5.82689343399116	-2.70205670655888
TRINITY_DN179675_c0_g1	1.40028720182615	1.00030732172448	1.2249715989975	-1.20852204084938	-1.20852204084938	-1.20852204084938
TRINITY_DN170396_c3_g1	1.89995198238642	0.291627039237807	0.883714925398605	-1.02509798234094	-1.02509798234094	-1.02509798234094
TRINITY_DN158975_c3_g1	3.55939056248997	-0.88287684963071	1.64544985021765	-1.44065452102564	-1.44065452102564	-1.44065452102564
TRINITY_DN169900_c1_g1	-1.02130913618265	-1.02130913618265	-1.02130913618265	1.02133520122585	2.17403846213957	-0.13144625481747
TRINITY_DN193180_c12_g1	-1.82863823521228	-1.82863823521228	-1.82863823521228	1.87888655568733	4.2415793330455	-0.634551183095979
TRINITY_DN196113_c4_g1	-0.907753429646891	-0.907753429646891	-0.907753429646891	1.43991222665408	1.06346821220761	0.219879850078983
TRINITY_DN185262_c2_g1	-0.900206727495206	-0.900206727495206	-0.900206727495206	0.429777922263215	1.5660288346552	0.704813425567204
TRINITY_DN182449_c9_g2	1.0734863482697	2.6259390427302	3.03734056729565	-2.95544557441625	-2.35412846084479	-1.42719192303451
TRINITY_DN197682_c0_g1	-0.871324456527349	-0.871324456527349	-0.871324456527349	0.525930889067078	0.523738342990228	1.56430413752474
TRINITY_DN158781_c10_g1	-1.24304781157661	-1.24304781157661	-1.24304781157661	1.18536261378073	3.40167373564137	-0.857892914692267
TRINITY_DN166636_c1_g2	-1.06546681150821	-1.06546681150821	-1.06546681150821	0.719455890054652	1.15919092261253	1.31775362185745
TRINITY_DN164451_c4_g4	-1.36577941165701	-1.36577941165701	-1.36577941165701	1.81532313909678	1.74090391192276	0.541111183951504
TRINITY_DN221331_c0_g1	-1.55946012424406	-1.55946012424406	-1.55946012424406	2.07362228608386	3.47805388483103	-0.873295798182705
TRINITY_DN159936_c3_g3	-1.53824408023697	-1.53824408023697	-1.53824408023697	2.83971255357314	3.07570004905708	-1.3006803619193
TRINITY_DN185722_c4_g1	0.079994319525017	1.00169239114524	3.15158069190946	-1.41108913419324	-1.41108913419324	-1.41108913419324
TRINITY_DN161891_c3_g1	-1.46085914035367	-1.21254624022665	-1.33919853320326	2.05055238671339	1.45624785129798	0.505803675772213
TRINITY_DN180205_c3_g7	1.20212524909312	1.84690812450567	0.0139316448621734	-1.02098833948699	-1.02098833948699	-1.02098833948699
TRINITY_DN220519_c0_g1	-1.01468677377477	-1.01468677377477	-1.01468677377477	1.72796624052844	1.72386491274546	-0.407770831949569
TRINITY_DN180530_c2_g1	-2.42037826471599	-1.98317809923319	-1.92337870174595	2.78264625769803	4.84325325150146	-1.29896444350436
TRINITY_DN196046_c0_g1	-2.51415480762111	-2.07373408686435	-2.51415480762111	3.21776154520749	2.6256011678602	1.25868098903889
TRINITY_DN169189_c0_g1	0.539616262388142	1.67767159147695	0.322640782370525	-0.846642878745205	-0.846642878745205	-0.846642878745205
TRINITY_DN159489_c9_g1	-0.8888789611092	-0.8888789611092	-0.8888789611092	0.523631610140605	0.908549121043113	1.23445615214388
TRINITY_DN171410_c4_g1	-1.13405891719286	-1.13405891719286	-1.13405891719286	0.947621571463473	0.587532481582519	1.86702269853259
TRINITY_DN148594_c2_g1	-0.828480012563944	-0.828480012563944	-0.828480012563944	0.840093003911945	1.06565867563573	0.579688358144162
TRINITY_DN160510_c0_g1	-1.11044761548483	-1.11044761548483	-1.11044761548483	1.99908010631352	-0.355132711439735	1.68739545158071
TRINITY_DN231273_c0_g1	-1.21367388644841	-1.21367388644841	-1.21367388644841	1.43686092586636	2.57626398253178	-0.372103249052898
TRINITY_DN181782_c3_g3	-0.877617380192748	-0.877617380192748	-0.877617380192748	1.20406310846359	0.0627373313405449	1.36605170077411
TRINITY_DN167540_c5_g5	-1.64053875726966	-1.90837414936727	-1.90837414936727	2.34901369332538	3.69011016390615	-0.581836801227322
TRINITY_DN241991_c0_g1	-1.02793377703071	-1.02793377703071	-1.02793377703071	0.982488028455799	1.30061549797903	0.800697804657307
TRINITY_DN166027_c11_g5	-1.27043518682277	-1.27043518682277	-1.27043518682277	1.21782272598523	0.884990244924432	1.70849258955863
TRINITY_DN199011_c5_g1	-0.979316759168729	-0.979316759168729	-0.979316759168729	0.832154271361107	0.507140196600002	1.59865580954508
TRINITY_DN161478_c4_g2	-1.16549084016544	-1.16549084016544	-1.16549084016544	1.76657033117799	2.47963436296125	-0.749732173642937
TRINITY_DN177122_c6_g5	0.597609537815148	0.695511607254126	1.03624739615289	-0.77645618040739	-0.77645618040739	-0.77645618040739
TRINITY_DN164194_c6_g2	1.97967210946371	0.0647239221925013	1.20139786812468	-1.08193129992696	-1.08193129992696	-1.08193129992696
TRINITY_DN162028_c4_g1	3.12617255753078	0.0129338912458425	0.201028268471958	-1.11337823908286	-1.11337823908286	-1.11337823908286
TRINITY_DN121353_c1_g1	-1.01220635670611	-1.01220635670611	-1.01220635670611	0.674406220109482	2.38600718099017	-0.0237943309813213
TRINITY_DN152971_c2_g1	-1.33060499495424	-1.33060499495424	-1.33060499495424	1.46620038592624	3.27607410946735	-0.750459510530862
TRINITY_DN171781_c2_g1	-1.67080382267984	-1.67080382267984	-1.67080382267984	4.04993977651155	-1.0629409198486	2.02541261137656
TRINITY_DN173849_c0_g1	1.64774363172694	2.17626463163917	-0.40306148759828	-1.14031559192261	-1.14031559192261	-1.14031559192261
TRINITY_DN162077_c7_g4	-1.11559655679445	-1.20644998724556	-1.20644998724556	2.26720706298514	0.771745642436091	0.489543825864339
TRINITY_DN153506_c4_g1	-1.35228418409688	-1.35228418409688	-1.35228418409688	1.5019109921637	3.20058468691442	-0.645643126787473
TRINITY_DN220799_c0_g1	-1.41060101936632	-1.41060101936632	-1.41060101936632	1.46045405572031	3.24686749842633	-0.475518496047663
TRINITY_DN185131_c2_g2	-1.25679147757582	-1.25679147757582	-1.25679147757582	1.16355617507709	2.95748878222908	-0.350670524578718
TRINITY_DN158685_c4_g3	-1.28140173811111	-1.28140173811111	-1.28140173811111	1.45433704380123	2.48476935099873	-0.09490118046662
TRINITY_DN183338_c6_g2	-1.36237268572881	-1.36237268572881	-1.36237268572881	2.73709085126663	1.51831283953231	-0.168285633612509
TRINITY_DN161733_c5_g2	-2.48119390338916	-1.82795888074091	-1.44458112064188	1.86155731144433	4.20718421826278	-0.315007624935145
TRINITY_DN173325_c0_g1	-1.72861897485512	-1.72861897485512	-1.72861897485512	-1.23394736320757	1.45566131956427	4.96414296820865
TRINITY_DN143705_c1_g1	-1.21115202051148	-1.21115202051148	-1.21115202051148	1.53924010063386	2.56379313399325	-0.469577173092681
TRINITY_DN155911_c1_g1	1.54078849182026	0.93745205137751	0.686620999764655	-1.05495384765414	-1.05495384765414	-1.05495384765414
TRINITY_DN164016_c9_g1	-0.906221021062361	-0.906221021062361	-0.906221021062361	1.49377032960182	1.23193812416711	-0.00704539058184761
TRINITY_DN152374_c1_g1	-1.37564231738209	-1.37564231738209	-1.37564231738209	1.63799859328729	3.08804552481917	-0.599117165960181
TRINITY_DN167594_c5_g1	0.961144935129251	1.16951047119341	0.723859382981193	-0.951504929767952	-0.951504929767952	-0.951504929767952
TRINITY_DN198983_c0_g1	-1.52541102304872	-1.35952240334872	-1.41919361602169	1.70537828324953	3.12067585142382	-0.521927092254235
TRINITY_DN205067_c0_g1	-1.36656610052063	-1.36656610052063	-1.36656610052063	1.64546615541131	3.22624969712087	-0.772017550970279
TRINITY_DN161064_c6_g1	-1.02785489797388	-1.02785489797388	-1.02785489797388	0.471416985195206	0.975747338706313	1.63640037002013
TRINITY_DN170708_c1_g1	-1.76723112794539	-1.75631190805634	-1.84173656430902	1.69120372406386	2.36639047206473	1.30768540418215
TRINITY_DN177647_c7_g3	0.146861103894022	0.632371133869494	2.70596605630724	-1.16173276469025	-1.16173276469025	-1.16173276469025
TRINITY_DN186479_c3_g3	-1.82190087607498	-1.82190087607498	-1.82190087607498	1.78359345777753	1.77717882948988	1.90493034095752
TRINITY_DN167899_c2_g1	-1.16249925080171	-1.16249925080171	-1.16249925080171	0.689499586310734	2.59089134686428	0.207106819230125
TRINITY_DN140424_c1_g1	1.65507951067228	1.44336224919098	1.2240929681155	-1.44084490932625	-1.44084490932625	-1.44084490932625
TRINITY_DN47622_c0_g1	-1.64012471149274	-1.64012471149274	-1.64012471149274	2.10446697504964	3.01614282330155	-0.200235663872963
TRINITY_DN172773_c4_g1	-1.78287963572378	-1.78287963572378	-1.78287963572378	1.5647860205772	4.93819220305515	-1.15433931646102
TRINITY_DN193167_c4_g4	-1.07709801520373	-1.07709801520373	-1.07709801520373	2.1020945241843	0.146942259014201	0.982257262412692
TRINITY_DN196746_c2_g1	-1.11683481194691	-1.11683481194691	-1.11683481194691	1.60059485832543	1.27410796085563	0.475801616659667
TRINITY_DN190631_c5_g2	-2.9418939196935	-3.31443781968759	-1.95083418743756	2.57199806726119	6.74228656762116	-1.10711870806369
TRINITY_DN180864_c0_g1	0.758706230510863	2.31348812360725	1.65314270168431	-1.58839244011141	-1.54855217557961	-1.58839244011141
TRINITY_DN199528_c7_g4	-0.921935684299155	-0.921935684299155	-0.921935684299155	1.21982406301474	1.01954627956982	0.526436710312899
TRINITY_DN159168_c0_g2	-1.17308411595866	-1.17308411595866	-1.17308411595866	1.26147739591395	-0.328296765879597	2.58607171784162
TRINITY_DN168079_c1_g2	-0.994873153252104	-0.994873153252104	-0.994873153252104	0.62336550234335	1.50133351267138	0.859920444741583
TRINITY_DN197650_c7_g1	-1.20689696525441	-1.20689696525441	-1.20689696525441	0.905803167494956	2.83636003726999	-0.121472309001728
TRINITY_DN154868_c4_g4	1.32759703307947	1.22916921960845	0.363449416172119	-0.973405222953346	-0.973405222953346	-0.973405222953346
TRINITY_DN178550_c3_g3	-1.31513171607639	-1.31513171607639	-1.31513171607639	1.32015833820319	3.40531093120755	-0.780074121181552
TRINITY_DN202000_c0_g1	-1.50582255967538	-1.50582255967538	-1.50582255967538	2.09848602985059	3.58680774533592	-1.16782609616037
TRINITY_DN175352_c2_g4	-1.97025769166275	-1.41070573204439	-1.91103853198286	2.31594912863742	3.89773033827027	-0.921677511217691
TRINITY_DN29098_c0_g1	-1.19405406191684	-1.17725581075371	-1.34461373849222	0.697330091477946	3.03264885814624	-0.014055338461419
TRINITY_DN156348_c11_g2	-0.994327043004145	-0.994327043004145	-0.994327043004145	0.909096922884594	1.90213857318528	0.171745632942561
TRINITY_DN169466_c7_g1	-0.872326904942734	-0.872326904942734	-0.872326904942734	0.42867535109008	0.661734697478384	1.52657066625974
TRINITY_DN182913_c1_g1	-2.64791428380631	-1.57558641474408	-2.61937527378702	2.81511138172998	5.3275497059955	-1.29978511538807
TRINITY_DN190145_c6_g4	-1.20063960295352	-1.20063960295352	-1.20063960295352	1.66290244822606	2.25603514730233	-0.317018786667845
TRINITY_DN171002_c9_g1	1.73449086754101	2.06468879786577	1.97335323753416	-1.92417763431365	-1.92417763431365	-1.92417763431365
TRINITY_DN187501_c3_g2	-0.91480774447099	-0.91480774447099	-0.91480774447099	0.499327788513461	0.394368443007524	1.85072700189199
TRINITY_DN161021_c8_g2	-1.22788979062418	-1.22788979062418	-1.22788979062418	1.96240900100241	1.1492339585053	0.572026412364832
TRINITY_DN173367_c4_g2	-2.61184300157297	-2.59099067771453	-2.53018329104898	4.40630780644439	-2.42610629297275	5.75281545686484
TRINITY_DN195331_c0_g1	-2.22104769057428	-2.22104769057428	-2.22104769057428	3.46410756178222	5.00324345860207	-1.80420794866145
TRINITY_DN167524_c6_g1	-1.8143492879157	-1.8143492879157	-1.8143492879157	2.57961598774454	4.40396691933121	-1.54053504332866
TRINITY_DN179756_c10_g1	1.97026572100513	2.87472318431413	-0.734953854035905	-1.37001168376112	-1.37001168376112	-1.37001168376112
TRINITY_DN156137_c0_g5	-0.88291161311741	-0.88291161311741	-0.88291161311741	0.89277108862165	0.61278354950666	1.14318020122392
TRINITY_DN184412_c1_g1	-0.920719498514934	-1.4075350904716	-1.71976978915511	1.58905677521846	1.49636976727002	0.962597835653162
TRINITY_DN161470_c5_g2	1.98586329961505	1.32826827398006	0.491153586526388	-1.26842838670717	-1.26842838670717	-1.26842838670717
TRINITY_DN176176_c6_g2	-1.07771696238702	-1.07771696238702	-1.07771696238702	1.04958614339511	2.38000864472373	-0.196443900957774
TRINITY_DN153889_c2_g1	0.291278478841709	1.62030996100363	1.9372788400405	-1.26967385861	-1.3123181960185	-1.26687522525733
TRINITY_DN178754_c3_g1	0.884016529995719	0.678138074850663	1.19423659776332	-0.918797067536569	-0.918797067536569	-0.918797067536569
TRINITY_DN148157_c0_g1	-0.97649588376439	-0.97649588376439	-0.97649588376439	1.06088633823869	1.51971078215909	0.348890530895384
TRINITY_DN182024_c1_g4	-1.43711540311228	-1.43711540311228	-1.43711540311228	1.23598869447789	3.72755021640837	-0.65219270154942
TRINITY_DN163653_c5_g1	-1.42557960200159	-1.42557960200159	-1.42557960200159	1.64498146507707	1.68076871750356	0.950988623424122
TRINITY_DN199346_c3_g1	-1.28235206564959	-2.9975448552085	-2.34822672621331	2.07774985948865	2.29794701463452	2.25242677294823
TRINITY_DN195417_c4_g3	-0.806887629516594	-0.806887629516594	-0.806887629516594	0.249695898849773	1.07790563302693	1.09306135667308
TRINITY_DN162821_c0_g4	-2.19847659629917	-2.02408504317497	-1.75746261129161	2.4861986420795	4.98825381414407	-1.49442820545782
TRINITY_DN177258_c14_g1	2.21417698468618	0.898711849975735	0.761871990290661	-1.29158694165086	-1.29158694165086	-1.29158694165086
TRINITY_DN194968_c3_g2	-0.209686255715349	1.87124910620555	1.28188509175279	-0.981149314081	-0.981149314081	-0.981149314081
TRINITY_DN177631_c1_g2	-1.42131681097137	-1.34440882526559	-1.29278632196421	1.82112974822817	3.07327463610182	-0.835892426128811
TRINITY_DN167376_c7_g3	-1.44717349871187	-1.37403879408165	-1.44717349871187	1.66068172690927	1.13248939830414	1.47521466629198
TRINITY_DN194063_c3_g3	-1.32064398896939	-1.32064398896939	-1.32064398896939	1.28437616409302	3.40269613128178	-0.725140328466645
TRINITY_DN178037_c5_g1	-1.24555757665151	-1.24555757665151	-1.24555757665151	1.18097556146516	2.88669022164693	-0.330993053157569
TRINITY_DN198548_c1_g2	-0.883141561822894	-0.883141561822894	-0.883141561822894	0.626300931257284	1.16857855462443	0.854545199586966
TRINITY_DN191224_c1_g7	-1.19744416949135	-1.19744416949135	-1.19744416949135	1.84974519422111	1.84782404564719	-0.105236731394257
TRINITY_DN196080_c2_g2	-0.933241788713046	-0.933241788713046	-0.933241788713046	1.36570972775501	1.23764468896671	0.196370949417423
TRINITY_DN163510_c10_g1	-0.832120511543134	-0.832120511543134	-0.832120511543134	0.755724497711143	0.537485558488703	1.20315147842956
TRINITY_DN164428_c3_g1	0.396245156113885	1.15344168710569	0.802021271914058	-0.783902705044544	-0.783902705044544	-0.783902705044544
TRINITY_DN198231_c2_g3	-1.7122721414011	-1.66891930324331	-1.51213252691178	1.07033611832082	2.4184209849114	1.40456686832398
TRINITY_DN188905_c2_g1	-2.48236120034661	-2.05746198766874	-1.89149624118564	1.5761502672076	1.52470187969974	3.33046728229364
TRINITY_DN190106_c5_g1	-1.21232359909234	-1.40262239071893	-1.40262239071893	0.219370840947193	2.26140526900122	1.53679227058179
TRINITY_DN222226_c0_g1	-1.27588752842798	-1.27588752842798	-1.27588752842798	1.98293286844843	2.57860688972689	-0.733877172891374
TRINITY_DN179249_c0_g7	3.57674052030666	-0.129002677860425	0.379235857493432	-1.27565789997989	-1.27565789997989	-1.27565789997989
TRINITY_DN132623_c0_g1	-1.03232531609582	-1.03232531609582	-1.03232531609582	2.51919070153219	-0.306366081586632	0.884151328341897
TRINITY_DN243450_c0_g1	-1.26165092625283	-1.26165092625283	-1.26165092625283	1.35564755658801	2.93393290191587	-0.504627679745375
TRINITY_DN199429_c5_g2	1.11477624721961	0.189379302742552	1.42660209185356	-0.910252547271908	-0.910252547271908	-0.910252547271908
TRINITY_DN195904_c2_g3	-1.1792788535505	-1.1792788535505	-1.1792788535505	0.763704744636602	2.34365570739295	0.430476108621943
TRINITY_DN175861_c3_g1	0.362423557242917	1.78774230552283	0.509989175346545	-0.88671834603743	-0.88671834603743	-0.88671834603743
TRINITY_DN168319_c3_g11	0.127125171498761	1.04801796942146	1.43481650660901	-0.869986549176412	-0.869986549176412	-0.869986549176412
TRINITY_DN174513_c3_g1	-1.3686164182955	-1.3686164182955	-1.3686164182955	2.86757002541553	1.93062823950057	-0.69234901002961
TRINITY_DN163724_c6_g2	-1.52533146293355	-1.52533146293355	-1.52533146293355	1.88473822882283	3.75610715287136	-1.06485099289354
TRINITY_DN199168_c3_g2	2.16923971878439	1.10703978870633	0.620578205417787	-1.2989525709695	-1.2989525709695	-1.2989525709695
TRINITY_DN139989_c0_g1	1.24516130086522	1.77340172220519	1.71781242354909	-1.57879181553984	-1.57879181553984	-1.57879181553984
TRINITY_DN241983_c0_g1	-1.4798602358342	-1.4798602358342	-1.4798602358342	1.82450477682022	3.48896780767511	-0.873891876992739
TRINITY_DN182293_c1_g7	-0.984600297296736	-0.984600297296736	-0.984600297296736	0.139065899157084	0.996521692497574	1.81821330023555
TRINITY_DN151383_c2_g3	1.74330917426695	0.630216386588609	0.326037506053865	-0.899854355636475	-0.899854355636475	-0.899854355636475
TRINITY_DN143021_c2_g1	-0.996648919360786	-0.996648919360786	-0.996648919360786	0.295543854541105	1.40033254013108	1.29407036341017
TRINITY_DN161042_c4_g3	-2.70253400299562	-2.21166239506052	-2.56492200185619	4.63023463053676	5.22401093137327	-2.37512716199771
TRINITY_DN161224_c0_g1	1.7815219077937	1.95328623583398	0.866167549810017	-1.19057032568323	-1.26168480817189	-2.14872055958258
TRINITY_DN163629_c4_g1	-1.0264316043326	-1.0264316043326	-1.0264316043326	0.507629998088516	0.982915567926651	1.58874924698264
TRINITY_DN183784_c2_g2	-1.00055553824606	-1.00055553824606	-1.00055553824606	0.9420527978656	1.6117969605066	0.447816856365991
TRINITY_DN166246_c0_g2	-0.713724769351989	3.45021840479224	2.43487172264981	-1.72378845269669	-1.72378845269669	-1.72378845269669
TRINITY_DN166772_c8_g1	0.24650052340026	1.07109282562027	1.30595128366279	-0.874514877561106	-0.874514877561106	-0.874514877561106
TRINITY_DN187450_c1_g1	0.745055637730968	1.07654331507791	0.533446360673467	-0.785015104494116	-0.785015104494116	-0.785015104494116
TRINITY_DN167667_c6_g1	0.530511160051339	1.14479007021376	1.76429449117465	-1.18318465479202	-1.15320178857631	-1.10320927807142
TRINITY_DN171217_c7_g1	-1.20089424515887	-1.20089424515887	-1.20089424515887	2.00089642216722	1.42694601988511	0.174840293424285
TRINITY_DN181532_c5_g5	3.55660602961667	3.84628960815438	-1.73152413854195	-1.91802469618645	-1.8353221068562	-1.91802469618645
TRINITY_DN160879_c7_g2	1.50632754684913	3.03191612183632	3.52879919114209	-2.75955937105157	-2.75955937105157	-2.54792411772442
TRINITY_DN165197_c3_g3	-1.43248281924555	-1.43248281924555	-1.43248281924555	1.25188710976746	3.28648151651399	-0.240920168544795
TRINITY_DN205313_c0_g1	-1.3193864591285	-1.3193864591285	-1.3193864591285	1.44423757319343	3.16700613514747	-0.653084330955404
TRINITY_DN186725_c1_g6	-1.40708093656602	-1.40708093656602	-1.40708093656602	1.54823186687868	3.82791846618338	-1.154907523364
TRINITY_DN177927_c2_g1	-1.61565687435152	-1.59656491014307	-1.78686370176966	2.96374280306593	2.98385964844675	-0.948516965248432
TRINITY_DN172688_c3_g3	-0.938822076809559	-0.938822076809559	-0.938822076809559	0.299964782777558	1.625068200293	0.891433247358124
TRINITY_DN162266_c0_g1	0.510516056618109	1.12989354312413	1.49696258307837	-1.04579072760687	-1.04579072760687	-1.04579072760687
TRINITY_DN174080_c4_g2	1.90351933910608	1.15184990343409	1.94072281993253	-1.66536402082423	-1.66536402082423	-1.66536402082423
TRINITY_DN172008_c1_g3	-1.16456965789199	-1.16456965789199	-1.16456965789199	-0.157374156487787	0.425673050170599	3.22541007999316
TRINITY_DN38389_c0_g1	-1.18125059564947	-1.18125059564947	-1.18125059564947	1.27239867039382	2.68367837664032	-0.41232526008572
TRINITY_DN179676_c4_g2	-1.81861128994717	-1.65697891632159	-1.54581791765105	2.1301417575143	4.01235338857388	-1.12108702216836
TRINITY_DN190608_c1_g1	-1.27768117205111	-1.27768117205111	-1.27768117205111	1.1576807254403	3.03389459947645	-0.358531808763432
TRINITY_DN152263_c1_g2	1.16089080696656	0.968211049271739	2.10179986570767	-1.41030057398199	-1.41030057398199	-1.41030057398199
TRINITY_DN156613_c4_g5	-2.14681515722712	-2.24980915055044	-2.24980915055044	3.59796231729151	5.16866755345647	-2.12019641241997
TRINITY_DN161865_c9_g3	-1.33983792763938	-1.33983792763938	-1.33983792763938	1.60032882284343	0.414194390716657	2.00499056935806
TRINITY_DN162080_c4_g1	-0.981838708436906	-0.981838708436906	-0.981838708436906	0.336622756730677	1.88586011256059	0.723033256019447
TRINITY_DN194213_c1_g4	-1.37638247369115	-1.37638247369115	-1.37638247369115	1.71667057432458	1.9667410457107	0.44573580103819
TRINITY_DN173495_c15_g1	-1.58334204420505	-1.58334204420505	-1.58334204420505	1.95941126648019	3.67796309723011	-0.887348231095149
TRINITY_DN195519_c1_g1	1.21923633290443	0.89329600222264	1.07351806853912	-1.06201680122206	-1.06201680122206	-1.06201680122206
TRINITY_DN161352_c3_g1	1.07557391281674	0.844542437784505	2.09719225222921	-1.33910286761015	-1.33910286761015	-1.33910286761015
TRINITY_DN194196_c2_g2	-0.882636303040491	-0.882636303040491	-0.882636303040491	0.883746837960807	1.49753900870153	0.266623062459132
TRINITY_DN166011_c4_g6	-1.80637077302935	-1.80637077302935	-1.80637077302935	2.69277352269408	3.03343768625422	-0.307098889860258
TRINITY_DN173044_c0_g4	-1.00394441492097	-1.00394441492097	-1.00394441492097	0.740216680649442	1.39467958179678	0.876936982316683
TRINITY_DN156871_c1_g4	-1.10999469596775	-1.17562448482128	-1.37213827433212	1.17126595412454	1.28134642707709	1.20514507391952
TRINITY_DN173567_c6_g1	-2.72826402842792	-2.86444215471129	-2.83653988041368	6.74221666321755	4.77483581545039	-3.08780641511506
TRINITY_DN169515_c2_g1	-1.28762066107208	-1.28762066107208	-1.28762066107208	1.48193952380483	3.05030446488805	-0.669382005476629
TRINITY_DN170377_c4_g1	1.38146327041095	0.25573741259944	0.924671673669078	-0.85395745222649	-0.85395745222649	-0.85395745222649
TRINITY_DN160430_c8_g2	-1.30229703290436	-1.21815492275812	-1.26161684599361	1.23726100508426	3.0069224443997	-0.462114647827856
TRINITY_DN187381_c9_g2	-0.552601260713043	2.29478832314681	4.0076528803812	-1.91661331427166	-1.91661331427166	-1.91661331427166
TRINITY_DN171944_c1_g2	-2.02836589910923	-1.65433861351146	-1.96131751872955	1.43701617755219	4.07050720463473	0.136498649163324
TRINITY_DN168138_c8_g1	-1.39978788721398	-1.39978788721398	-1.39978788721398	0.679846225154726	3.25527766398105	0.264239772506167
TRINITY_DN180159_c0_g1	-1.11469055981477	-1.11469055981477	-1.11469055981477	1.18923627666592	0.737707860471778	1.41712754230663
TRINITY_DN185818_c5_g1	-1.64675244045561	-1.64675244045561	-1.64675244045561	1.46177201632256	1.03896349553505	2.43952180950921
TRINITY_DN183687_c9_g1	1.01643625432089	0.260673064700556	1.34550564990622	-0.874204989642556	-0.874204989642556	-0.874204989642556
TRINITY_DN140095_c0_g1	-1.03107340005555	-1.03107340005555	-1.03107340005555	1.18211832665689	1.01087042991462	0.900231443595123
TRINITY_DN155710_c4_g2	1.6428421590453	0.496980480410587	0.447799430595142	-0.862540690017008	-0.862540690017008	-0.862540690017008
TRINITY_DN157259_c3_g1	-2.54580011213888	-2.54580011213888	-2.54580011213888	2.40704594863963	3.49230678982965	1.73804759794736
TRINITY_DN186574_c3_g1	-1.12311761297956	-1.12311761297956	-1.12311761297956	1.98071569332391	1.74537161759305	-0.356734471978266
TRINITY_DN166914_c4_g2	-2.36352129204375	-1.78296274796835	-2.3683262758056	3.33823238758964	5.10009480547639	-1.92351687724833
TRINITY_DN180341_c0_g5	-1.03803907702669	-1.03803907702669	-1.03803907702669	0.94162047468913	2.05737904535623	0.115117711034726
TRINITY_DN196527_c1_g1	-0.951215514665649	-0.951215514665649	-0.951215514665649	0.963349008828291	1.75608839358163	0.134209141587029
TRINITY_DN169546_c0_g1	-1.13221841456402	-1.13221841456402	-1.13221841456402	0.795298831634454	2.87838241866248	-0.277026006604869
TRINITY_DN174578_c8_g1	-1.76986000195991	-1.76986000195991	-1.76986000195991	1.2096166407172	2.50455076735792	1.59541259780462
TRINITY_DN199897_c2_g1	-0.779392810118415	-0.779392810118415	-0.779392810118415	0.791070120907626	1.00803965439845	0.539068655049167
TRINITY_DN169822_c3_g2	1.65570496201052	-0.770965691321366	2.89986819461355	-1.26153582176757	-1.26153582176757	-1.26153582176757
TRINITY_DN164687_c7_g2	0.908439577994769	1.02100232745033	0.483686923882713	-0.804376276442603	-0.804376276442603	-0.804376276442603
TRINITY_DN181320_c2_g1	-0.975042931892095	-0.975042931892095	-0.975042931892095	1.74786020666835	-0.0558935686044206	1.23316215761235
TRINITY_DN172161_c0_g1	-1.79893867256948	-1.79893867256948	-1.79893867256948	3.39068824331538	3.19342190358888	-1.18729412919582
TRINITY_DN191296_c1_g2	0.954461250458853	1.32415339700853	0.879972805050254	-1.07866250784949	-1.08119355243006	-0.998731392238087
TRINITY_DN130558_c0_g2	1.01372510625345	0.61517572976317	0.86910290778013	-0.832667914598915	-0.832667914598915	-0.832667914598915
TRINITY_DN158488_c1_g2	-1.5452204023115	-1.5452204023115	-1.5452204023115	1.57097798235209	2.72941400020609	0.33526922437632
TRINITY_DN156424_c3_g1	-1.26976587546563	-1.30969861243539	-2.39241968668935	1.47971003794288	1.79333417381543	1.69883996283206
TRINITY_DN189160_c0_g1	-1.4492369334331	-1.4492369334331	-1.4492369334331	1.80293647976892	3.66287933174628	-1.1181050112159
TRINITY_DN170195_c2_g1	-2.31137114074972	-2.28077450372963	-1.57773960725727	2.86027080468904	4.76009564321694	-1.45048119616935
TRINITY_DN147911_c1_g3	-1.25341961673172	-1.25341961673172	-1.25341961673172	1.48858659413502	2.3674013592098	-0.0957291031496654
TRINITY_DN184412_c1_g3	-1.88545139483084	-1.88545139483084	-1.88545139483084	1.11202167714012	2.78731336486741	1.75701914248498
TRINITY_DN190693_c5_g1	-1.25280181263122	-1.25280181263122	-1.25280181263122	0.966908826917556	1.56584427019132	1.2256523407848
TRINITY_DN199148_c2_g1	1.25050214325107	2.02583309994796	1.63414922338237	-1.63682815552713	-1.63682815552713	-1.63682815552713
TRINITY_DN181498_c11_g1	1.19181219779202	0.792505174117646	1.49852160983617	-1.16094632724861	-1.16094632724861	-1.16094632724861
TRINITY_DN189061_c2_g1	-0.95614626786404	-0.95614626786404	-0.95614626786404	0.406183342307529	0.79617416059563	1.66608130068896
TRINITY_DN172720_c4_g7	1.18332516317691	1.35839224576992	0.120505458995742	-0.887407622647523	-0.887407622647523	-0.887407622647523
TRINITY_DN167825_c3_g3	-1.26392966381471	-1.2517891009425	-1.35478309426582	0.997692964784505	3.2947748857625	-0.421965991523974
TRINITY_DN145721_c2_g1	0.610843631495289	0.453342345501061	1.52074644290601	-0.861644139967455	-0.861644139967455	-0.861644139967455
TRINITY_DN181473_c5_g1	-1.16898248931796	-1.16898248931796	-1.16898248931796	1.72883877034141	2.50242412008851	-0.724315422476049
TRINITY_DN153722_c0_g1	-1.38984660393598	-1.38984660393598	-1.38984660393598	1.52203668546982	3.20953070565677	-0.562027579318657
TRINITY_DN179606_c2_g1	-0.859997781851874	-0.859997781851874	-0.859997781851874	1.46711468889521	0.859842773212394	0.253035883448018
TRINITY_DN181821_c0_g4	-1.16460627866857	-1.16460627866857	-1.16460627866857	1.36995340593975	2.86086553595261	-0.737000105886666
TRINITY_DN187728_c10_g1	-1.07436936600044	-1.07436936600044	-1.07436936600044	1.19106753004866	2.39447457697419	-0.362434009021521
TRINITY_DN130045_c0_g1	-1.1364288088495	-1.1364288088495	-1.1364288088495	1.11089112613032	2.81002134401473	-0.511626043596551
TRINITY_DN159824_c3_g2	-1.28331554434198	-1.28331554434198	-1.28331554434198	1.81159610268349	2.95317707403932	-0.914826543696875
TRINITY_DN163088_c0_g2	-1.3880377436577	-1.3880377436577	-1.3880377436577	1.49675551888582	2.86383280504423	-0.196475092956947
TRINITY_DN176973_c2_g1	-1.09846519504307	-1.09846519504307	-1.09846519504307	0.959158363435058	2.66239444177883	-0.32615722008467
TRINITY_DN197962_c3_g1	-0.570057516085978	2.01339409332274	3.48491832509755	-1.45416851186693	-1.8778464511688	-1.59623993929858
TRINITY_DN197877_c0_g1	-0.915766517317431	-0.915766517317431	-0.915766517317431	1.6977651356005	0.0298411858639409	1.01969323048786
TRINITY_DN159680_c6_g2	0.849809615503317	0.563402236967218	1.34667451876786	-0.919962123746131	-0.919962123746131	-0.919962123746131
TRINITY_DN177096_c6_g1	2.47082844003979	-0.556497429694816	1.74041007817159	-1.21824702950552	-1.21824702950552	-1.21824702950552
TRINITY_DN179329_c2_g1	-0.792215796916197	-0.792215796916197	-0.792215796916197	1.35150413417872	0.505855938017798	0.519287318552072
TRINITY_DN169913_c0_g1	-0.825186449907649	-0.825186449907649	-0.825186449907649	0.475230177929225	0.842932674778783	1.15739649701494
TRINITY_DN150014_c0_g1	-1.3920839202274	-1.3920839202274	-1.3920839202274	1.82157442124008	2.57683625822723	-0.222158918785093
TRINITY_DN155531_c14_g2	-0.996750604301811	-0.996750604301811	-0.996750604301811	1.4608436875546	0.955210124479319	0.574198000871517
TRINITY_DN156141_c6_g1	0.397630920611318	1.93057120898419	1.0571115435733	-1.12843789105627	-1.12843789105627	-1.12843789105627
TRINITY_DN168006_c1_g2	-1.15653367127123	-1.15653367127123	-1.15653367127123	1.08439119342534	2.37053666424143	0.0146731561469149
TRINITY_DN173511_c1_g1	-1.12172820587044	-1.9745491317402	-2.23418407131514	0.453780853404326	1.97669611104044	2.89998444448102
TRINITY_DN196513_c1_g1	1.18680191833464	2.66755718339822	2.14426138530451	-1.99954016234579	-1.99954016234579	-1.99954016234579
TRINITY_DN177641_c3_g3	-1.21288683535931	-1.24428203163484	-1.24428203163484	0.848940078904181	2.16171032804099	0.690800491683819
TRINITY_DN184362_c5_g2	-1.23475536083737	-1.23475536083737	-1.23475536083737	1.66615973738257	1.25067146633287	0.787434878796691
TRINITY_DN178023_c10_g3	0.822232048758786	1.39433587249867	1.00148017631589	-1.07268269919111	-1.07268269919111	-1.07268269919111
TRINITY_DN194247_c2_g2	-1.0658027243772	-1.19277558063496	-0.993652938621363	0.860335755824598	1.23643864920462	1.15545683860431
TRINITY_DN182656_c1_g2	-1.8435805414661	-1.8435805414661	-1.8435805414661	2.80217874999163	0.90959608585602	1.81896678855066
TRINITY_DN159142_c10_g2	-1.1575327502967	-1.1575327502967	-1.1575327502967	0.959497302713485	0.524141391496132	1.98895955668049
TRINITY_DN168022_c3_g2	-0.82666023700219	-0.82666023700219	-0.82666023700219	1.22957644798208	1.03092271838196	0.219481544642531
TRINITY_DN202596_c0_g1	-1.11691956253159	-1.11691956253159	-1.11691956253159	1.07243060766408	2.8026112138557	-0.524283133925012
TRINITY_DN156620_c5_g1	0.993264993947721	-0.216592484962954	2.49572530353749	-1.09079927084075	-1.09079927084075	-1.09079927084075
TRINITY_DN176776_c1_g2	-1.33087736648431	-1.33087736648431	-1.33087736648431	2.39911037647341	-0.844420410715581	2.43794213369511
TRINITY_DN147636_c2_g1	-1.57893347714526	-1.57893347714526	-1.57893347714526	1.75477647720202	4.07656146887636	-1.09453751464259
TRINITY_DN170693_c0_g3	-0.451335678024799	2.97263988621064	4.38559235941615	-2.40999278570191	-2.08691099619818	-2.40999278570191
TRINITY_DN49055_c0_g1	-1.56294186231505	-1.56294186231505	-1.56294186231505	1.59555674798946	3.57078604501808	-0.477517206062377
TRINITY_DN192982_c2_g1	0.222662229354887	1.48128375637721	2.35208488180926	-1.41708987765269	-1.41708987765269	-1.22185111223597
TRINITY_DN190339_c0_g3	-1.46189644560156	-1.46189644560156	-1.46189644560156	2.25542354321401	2.11293167798588	0.0173341156047777
TRINITY_DN153490_c1_g1	-1.55319400974869	-1.55319400974869	-1.55319400974869	0.743116550959399	4.82257527540642	-0.90610979711974
TRINITY_DN181250_c3_g2	-1.4494388966593	-1.02879658473326	-1.3547905208487	1.38985665113726	1.22971951161067	1.21344983949333
TRINITY_DN181792_c1_g1	-1.59320496572358	-1.59320496572358	-1.59320496572358	-1.40417114133356	3.67500483144215	2.50878120706216
TRINITY_DN49960_c0_g1	-1.15379307547041	-1.15379307547041	-1.15379307547041	0.385737996003737	1.94936881951628	1.12627241089122
TRINITY_DN167839_c2_g3	0.87486070871871	1.96560097837614	0.735806918522904	-1.19208953520592	-1.19208953520592	-1.19208953520592
TRINITY_DN156506_c5_g9	1.07934972583239	1.24757353038446	1.39821422050738	-1.24171249224141	-1.24171249224141	-1.24171249224141
TRINITY_DN236850_c0_g1	-1.27267255111256	-1.27267255111256	-1.27267255111256	1.43396850619684	3.17232573575075	-0.788276588609898
TRINITY_DN184762_c2_g2	-1.56795173930789	-1.56795173930789	-1.56795173930789	2.46943048269519	3.51313218937974	-1.27870745415125
TRINITY_DN198225_c0_g1	1.24687104549896	1.12800013142657	1.23280362888718	-1.20255826860424	-1.20255826860424	-1.20255826860424
TRINITY_DN197188_c6_g2	-0.839884305984404	-0.861364033394855	-0.861364033394855	1.06007229741144	0.854968446893132	0.64757162846954
TRINITY_DN160965_c2_g1	-1.02979135292095	-1.02979135292095	-1.02979135292095	1.11360206577224	2.21479130804956	-0.23901931505895
TRINITY_DN181455_c3_g2	-0.801134473046625	-0.801134473046625	-0.801134473046625	0.736906980287039	0.789108235015966	0.877388203836869
TRINITY_DN181680_c0_g6	-0.868579327192061	-0.868579327192061	-0.868579327192061	1.3498918835512	0.754819355185203	0.501026742839777
TRINITY_DN188883_c3_g1	-1.2443054190033	-1.2443054190033	-1.2443054190033	0.845870530786906	2.8611212379883	0.025924488234697
TRINITY_DN199591_c1_g3	1.38142876803477	-0.423524552549354	2.19829039995093	-1.05206487181211	-1.05206487181211	-1.05206487181211
TRINITY_DN164687_c6_g3	-0.860350142238593	-0.860350142238593	-0.860350142238593	0.858175884223669	0.853345672604766	0.869528869887343
TRINITY_DN165647_c0_g1	1.1462303700888	0.226255038598884	1.2050234442737	-0.859169617653793	-0.859169617653793	-0.859169617653793
TRINITY_DN159572_c4_g5	-1.17588514298649	-1.17588514298649	-1.17588514298649	1.33912077344724	2.68815239023282	-0.499617734720598
TRINITY_DN166106_c4_g1	1.35368018232553	0.490656663783538	0.819228032301514	-0.887854959470192	-0.887854959470192	-0.887854959470192
TRINITY_DN154303_c2_g1	1.32971640794946	0.825946546483206	1.78883337346611	-1.31483210929959	-1.31483210929959	-1.31483210929959
TRINITY_DN168359_c5_g1	-1.21995054050864	-1.21995054050864	-1.21995054050864	1.71021906764144	2.60593682490907	-0.65630427102458
TRINITY_DN168353_c6_g4	0.447278645080661	1.37407820582286	1.20189359608603	-1.06218788494134	-1.01682070104723	-0.944241861000977
TRINITY_DN163060_c7_g1	-0.96864745463736	-0.96864745463736	-0.96864745463736	0.333525345103392	1.39115480591112	1.18126221289756
TRINITY_DN193922_c2_g1	-0.838654331779199	-0.838654331779199	-0.838654331779199	1.36517326616292	1.01932666334837	0.131463065826301
TRINITY_DN167880_c1_g2	1.12098519187047	3.03537446358759	3.24191229033391	-2.37086790445921	-2.50606864233972	-2.52133539899303
TRINITY_DN193740_c1_g2	-1.27775827609854	-1.27775827609854	-1.27775827609854	1.22329864756097	3.44306738999129	-0.833091209256635
TRINITY_DN141062_c0_g1	-0.821740608330322	-0.821740608330322	-0.821740608330322	1.41612899253719	0.818417546632959	0.230675285820817
TRINITY_DN125118_c0_g2	-1.15665229807809	-1.15665229807809	-1.15665229807809	0.855201107665696	3.13635025492146	-0.521594468352879
TRINITY_DN186130_c6_g6	1.3087971517823	0.555627868779437	1.509664443632	-1.12469648806458	-1.12469648806458	-1.12469648806458
TRINITY_DN199346_c2_g1	-1.89298702867462	-3.50793239561149	-2.26975697703412	2.13054696149023	2.52999885978897	3.01013058004103
TRINITY_DN133799_c0_g1	-0.97304982188784	-0.97304982188784	-0.97304982188784	1.15886885697473	0.115091774981178	1.64518883370761
TRINITY_DN194260_c2_g3	-1.10332933297913	-1.10332933297913	-1.10332933297913	0.980734931809341	2.80404208084443	-0.474789013716373
TRINITY_DN184997_c1_g1	-0.938993127210995	-0.938993127210995	-0.938993127210995	1.02522065073594	1.82463090511094	-0.0328721742138953
TRINITY_DN190081_c0_g3	-1.36246255818498	-1.36246255818498	-1.36246255818498	2.09552564358265	2.82925799707905	-0.837395966106767
TRINITY_DN153524_c0_g1	-1.16387077973963	-1.16387077973963	-1.16387077973963	1.73916749037328	1.24456936172201	0.507875487123593
TRINITY_DN181107_c5_g2	-1.47354612987375	-1.47354612987375	-1.47354612987375	1.69059651897455	3.58347083549178	-0.853428964845071
TRINITY_DN170609_c4_g5	-1.46471602729139	-1.46471602729139	-1.46471602729139	1.43271803562896	1.78760879432142	1.17382125192379
TRINITY_DN168643_c6_g1	0.379124868604555	1.31427013336627	0.791034911551596	-0.828143304507473	-0.828143304507473	-0.828143304507473
TRINITY_DN178941_c2_g1	-1.85101335611441	-1.85101335611441	-1.85101335611441	2.44720504633771	2.12011629766081	0.985718724344721
TRINITY_DN193946_c1_g1	-1.07843055214635	-1.07843055214635	-1.07843055214635	1.29813767327936	2.34474419942446	-0.407590216264783
TRINITY_DN175593_c3_g2	-1.50883592146942	-1.50883592146942	-1.50883592146942	2.87514478908104	2.49844929698595	-0.847086321658719
TRINITY_DN105408_c0_g1	-0.75989599097062	-0.75989599097062	-0.75989599097062	0.693226455625192	0.899571946114166	0.686889571172502
TRINITY_DN169246_c2_g1	1.18308476995017	0.807963735897213	0.891836293152233	-0.960961599666538	-0.960961599666538	-0.960961599666538
TRINITY_DN192345_c3_g7	-0.850875108408666	-0.850875108408666	-0.850875108408666	1.31326754043964	1.08231981155176	0.157037973234599
TRINITY_DN151629_c1_g1	0.887006180850339	2.18919034043929	0.497589677577004	-1.19126206628888	-1.19126206628888	-1.19126206628888
TRINITY_DN165878_c2_g1	-1.3251753588151	-1.3251753588151	-1.3251753588151	1.52862073167782	3.29388544564342	-0.846980100875935
TRINITY_DN192661_c2_g4	-1.62082038787224	-1.62082038787224	-1.62082038787224	2.4902109245165	0.577988044178035	1.7942621949222
TRINITY_DN165092_c2_g2	-1.58969813930911	-1.58969813930911	-1.30636897125746	2.50369301394391	0.70308360991874	1.27898862601303
TRINITY_DN176099_c2_g2	-1.05822759455547	-1.05822759455547	-1.05822759455547	1.33271517824707	2.12367004855291	-0.281702443133562
TRINITY_DN189885_c0_g5	-1.10320550572943	-1.10320550572943	-1.10320550572943	1.47283283103266	2.39797883634844	-0.561195150192818
TRINITY_DN26938_c0_g1	-1.12065501419981	-1.12065501419981	-1.12065501419981	1.57132573640346	2.32440950754361	-0.533770201347629
TRINITY_DN175900_c3_g4	-1.34052860136366	-1.34052860136366	-1.34052860136366	1.89105740783408	3.09476661428351	-0.964238218026608
TRINITY_DN161937_c3_g1	-0.802446565413409	-0.802446565413409	-0.802446565413409	0.616552900017857	1.16509097065745	0.625695825564921
TRINITY_DN156014_c5_g1	2.28865406067283	0.283690736719977	0.609364177403519	-1.06056965826544	-1.06056965826544	-1.06056965826544
TRINITY_DN174557_c6_g3	0.556347946906109	1.41488742101481	1.02569686832849	-0.998977412083136	-0.998977412083136	-0.998977412083136
TRINITY_DN167415_c6_g1	-0.970190362104297	-0.970190362104297	-0.920559594379697	1.14017288125612	1.16238648056571	0.55838095676646
TRINITY_DN174004_c3_g3	3.21636370367783	-0.462607660008474	1.3059906682464	-1.35324890397192	-1.35324890397192	-1.35324890397192
TRINITY_DN181162_c3_g1	-1.12057838426946	-1.12057838426946	-1.12057838426946	1.76733675136867	0.116373374318621	1.47802502712108
TRINITY_DN163676_c3_g4	-0.879764044377927	-0.879764044377927	-0.879764044377927	1.59791328318738	0.294003023358779	0.747375826587623
TRINITY_DN146581_c0_g2	-1.3238711183002	-1.3238711183002	-1.3238711183002	1.38564009613177	1.60913490541893	0.976838353349898
TRINITY_DN187437_c4_g1	1.70592100323236	-0.563768244667574	2.29248250111459	-1.14487841989312	-1.14487841989312	-1.14487841989312
TRINITY_DN175375_c5_g1	-1.4946874193742	-1.4946874193742	-1.4946874193742	1.93479464580281	3.39502947224088	-0.84576185992108
TRINITY_DN441_c0_g1	-1.1261953871106	-1.1261953871106	-1.1261953871106	1.14104075470181	2.38994586408797	-0.152400457457992
TRINITY_DN182718_c8_g1	-1.16663007495723	-1.16663007495723	-1.16663007495723	1.58054246207824	1.0087348388182	0.910612923975235
TRINITY_DN221281_c0_g1	-1.40787726223256	-1.40787726223256	-1.40787726223256	1.95108156359977	3.23788202922517	-0.965331806127257
TRINITY_DN174848_c6_g1	0.6342747383249	3.52095968972867	-0.273231958192463	-1.29400082328704	-1.29400082328704	-1.29400082328704
TRINITY_DN179612_c7_g2	-1.17567007450759	-1.17567007450759	-1.17567007450759	0.995536752910552	1.28061040700314	1.25086306360908
TRINITY_DN164820_c0_g2	-1.0900962513451	-1.0900962513451	-1.0900962513451	1.24618713651933	2.5682294997558	-0.544127882239812
TRINITY_DN172835_c2_g1	1.04579315227703	0.627141383782068	0.730068485529691	-0.801001007196263	-0.801001007196263	-0.801001007196263
TRINITY_DN187939_c3_g5	-2.84293674365065	-2.78309494468597	-2.00032019284908	4.00247400565617	5.64571593592242	-2.02183806039289
TRINITY_DN164941_c10_g1	-1.62586796806106	-1.62586796806106	-1.62586796806106	1.71739770979199	3.44181376746684	-0.281607573075645
TRINITY_DN154581_c0_g1	-1.44937342110733	-1.44937342110733	-1.44937342110733	1.72327410050743	3.70126748601006	-1.0764213231955
TRINITY_DN180048_c14_g1	-2.33171165513856	-2.30819229618687	-1.51795265086707	2.48461876164403	1.73809812496353	1.93513971558493
TRINITY_DN154550_c7_g3	-0.973284375942434	-0.973284375942434	-0.973284375942434	0.610234707909053	1.56525378768737	0.744364632230881
TRINITY_DN165118_c3_g1	2.22848875014529	-0.17485378155059	1.40722764973403	-1.17845601823079	-1.17845601823079	-1.10395058186716
TRINITY_DN179037_c2_g4	-1.56378644618464	-1.62000245575119	-1.69997783247178	2.24909013338113	4.00696706932222	-1.37229046829574
TRINITY_DN153613_c1_g1	0.502197028242181	1.09232863173752	1.33346902911125	-0.975998229696985	-0.975998229696985	-0.975998229696985
TRINITY_DN152041_c1_g1	-1.34152800497726	-1.34152800497726	-1.34152800497726	1.75152504303847	3.18698080408865	-0.913921832195356
TRINITY_DN162054_c7_g1	2.88526483604382	2.88082889397055	1.37127065835541	-2.37912146278993	-2.37912146278993	-2.37912146278993
TRINITY_DN172641_c2_g4	-1.20792020385316	-1.20792020385316	-1.20792020385316	1.1377600269332	3.26846148371408	-0.782460899087803
TRINITY_DN174358_c5_g8	-1.7324549498918	-1.7324549498918	-1.7324549498918	1.25432002650295	1.06953141422281	2.87351340894965
TRINITY_DN176005_c9_g2	-1.28605706904765	-1.28605706904765	-1.28605706904765	1.42543783760244	2.95410458606603	-0.521371216525516
TRINITY_DN154734_c0_g8	1.5661424091224	1.8784854129066	0.87530033475395	-1.43997605226098	-1.43997605226098	-1.43997605226098
TRINITY_DN199274_c1_g1	1.29044970636816	1.28361725806733	0.935238902461857	-1.16976862229912	-1.16976862229912	-1.16976862229912
TRINITY_DN168297_c5_g3	-2.6232196949764	-2.20660461758422	-1.95743286513218	3.13487957217949	5.00879709370401	-1.3564194881907
TRINITY_DN162596_c3_g1	-1.35087900810699	-1.35087900810699	-1.26273741123797	2.27380680241841	0.230713270729026	1.45997535430451
TRINITY_DN193290_c0_g2	0.0318751147082714	1.13920915881959	1.66348104437878	-0.944855105968881	-0.944855105968881	-0.944855105968881
TRINITY_DN195942_c2_g3	-0.966689947878008	-0.966689947878008	-0.966689947878008	1.89466995844419	1.04229883534925	-0.0368989501594105
TRINITY_DN170101_c1_g1	-0.849049107603814	-0.849049107603814	-0.849049107603814	0.296302277968806	0.871229357629513	1.37961568721312
TRINITY_DN172510_c3_g1	-1.61019190239285	-1.61019190239285	-1.61019190239285	2.38330131866556	1.91374635981094	0.533528028702064
TRINITY_DN195911_c7_g4	-1.06387084138893	-1.06387084138893	-1.06387084138893	1.17093701163824	1.20366495667981	0.817010555848726
TRINITY_DN183085_c11_g1	1.85705428244712	0.518728782140882	0.441601320230662	-0.939128128272887	-0.939128128272887	-0.939128128272887
TRINITY_DN195717_c0_g1	-0.927308666144449	-0.927308666144449	-0.927308666144449	1.3894163554343	1.21346998963835	0.179039653360698
TRINITY_DN158890_c1_g1	1.61581067532718	0.741198148361126	0.999755811404966	-1.1298569267255	-1.1298569267255	-1.09705078164226
TRINITY_DN213449_c0_g1	-1.22470489483981	-1.22470489483981	-1.22470489483981	1.5350901009177	2.86088972018562	-0.721865136583882
TRINITY_DN172552_c2_g1	-1.532273652616	-1.532273652616	-1.532273652616	-1.21612791032264	4.01523787102822	1.79771099714242
