bleached_44_01	bleached_44_02	bleached_44_03	non-bleached_44_01	non-bleached_44_02	non-bleached_44_03
TRINITY_GG_97807_c0_g2	-1.60904531191072	-1.60904531191072	-1.60904531191072	0.604457508073193	1.96590387868815	2.25677454897082
TRINITY_GG_11840_c53_g2	0.670457509181317	0.679778919259144	1.92735073865732	-1.09252905569926	-1.09252905569926	-1.09252905569926
TRINITY_GG_35840_c8_g2	-1.61409590181518	-1.61409590181518	-1.61409590181518	1.09298708995653	1.98045264773518	1.76884796775382
TRINITY_GG_74352_c3_g1	-1.46383323696978	-1.46383323696978	-1.46383323696978	2.89104202201671	1.83599752485259	-0.335539835959962
TRINITY_GG_104834_c8_g1	-1.21132918661908	-1.21132918661908	-1.21132918661908	-0.0046859626356881	2.09361985399226	1.54505366850068
TRINITY_GG_48640_c4_g1	-0.905511257873767	-0.905511257873767	-0.905511257873767	1.07889580743685	0.871855851576646	0.765782114607809
TRINITY_GG_92015_c2_g2	-1.97858848673695	-1.97858848673695	-1.97858848673695	2.48705953924533	3.13923120737716	0.309474713588364
TRINITY_GG_94578_c42_g1	-0.858493486782593	-0.858493486782593	-0.858493486782593	1.12445446837493	0.642308566274565	0.808717425698278
TRINITY_GG_77065_c0_g1	-0.90686644483245	-0.90686644483245	-0.90686644483245	0.756705890585073	1.25534359148186	0.70854985243042
TRINITY_GG_33279_c2_g1	-2.81148055482547	-2.81148055482547	-2.81148055482547	0.259767264635968	4.3389268021551	3.83574759768536
TRINITY_GG_41221_c0_g1	0.244560312743579	2.78659212115405	0.926105436323823	-1.31908595674048	-1.31908595674048	-1.31908595674048
TRINITY_GG_12835_c43_g1	-1.0630798230352	-1.0630798230352	-1.0630798230352	1.2166885985584	0.708805755480171	1.26374511506701
TRINITY_GG_81815_c16_g1	-1.16251591835054	-1.16251591835054	-1.16251591835054	1.66225193479275	1.69267648960861	0.132619330650274
TRINITY_GG_75277_c0_g1	-1.18667897810813	-1.18667897810813	-1.18667897810813	0.831599106916223	1.1657970809422	1.56264074646595
TRINITY_GG_22165_c1_g2	-1.08707050109178	-1.08707050109178	-1.08707050109178	0.160857012351802	2.05550631315277	1.04484817777078
TRINITY_GG_13422_c138_g1	-1.46991705562798	-1.46991705562798	-1.46991705562798	0.350159765469533	2.30407926948319	1.75551213193122
TRINITY_GG_14646_c48_g1	-0.905741970741783	-0.905741970741783	-0.905741970741783	1.04472644340834	0.507852111667392	1.16464735714962
TRINITY_GG_33114_c2_g3	-1.24275895020621	-1.24275895020621	-1.24275895020621	1.05384528888273	2.250888383769	0.423543177966889
TRINITY_GG_67494_c0_g2	-1.23964067504197	-1.23964067504197	-1.23964067504197	2.02669612437816	0.638496091584975	1.05372980916278
TRINITY_GG_30427_c0_g1	-1.04473087813237	-1.04473087813237	-1.04473087813237	1.72673218023328	0.529612875787643	0.877847578376187
TRINITY_GG_33767_c3_g1	-1.1556169662649	-1.1556169662649	-1.1556169662649	0.892270363131645	0.0566410779378299	2.51793945772524
TRINITY_GG_54835_c0_g2	-0.933768991964463	-0.933768991964463	-0.933768991964463	0.662689147594522	0.562437673959021	1.57618015433985
TRINITY_GG_21875_c2_g1	-1.02397917731512	-1.02397917731512	-1.02397917731512	0.595199038743953	2.00246680298869	0.47427169021271
TRINITY_GG_46504_c1_g1	-0.902413547214821	-0.902413547214821	-0.902413547214821	0.689744454910539	0.787332891278735	1.23016329545519
TRINITY_GG_17162_c8_g1	-1.36451829798891	-1.36451829798891	-1.36451829798891	0.847428384382274	1.23074664404867	2.01537986553578
TRINITY_GG_71135_c48_g1	-1.23220868796009	-1.23220868796009	-1.23220868796009	1.50742342626052	1.47730252647188	0.711900111147865
TRINITY_GG_83313_c73_g1	2.67136041914886	1.27200075765883	1.55012223517592	-1.83116113732787	-1.83116113732787	-1.83116113732787
TRINITY_GG_102829_c7_g1	-0.999532185171141	-0.999532185171141	-0.999532185171141	0.303225530466896	1.21955887307506	1.47581215197147
TRINITY_GG_96045_c0_g1	1.22830640401716	0.654585739717921	1.03897159489943	-0.973954579544839	-0.973954579544839	-0.973954579544839
TRINITY_GG_71084_c0_g1	-1.4589561296309	-1.39271571191117	-1.25955715508068	0.840505878602402	1.82967670942528	1.44104640859507
TRINITY_GG_52903_c1_g2	1.70166402820261	1.10967603499681	1.26225285797166	-1.35786430705703	-1.35786430705703	-1.35786430705703
TRINITY_GG_15345_c0_g1	2.70708939126094	3.97376807567544	3.33821207811173	-3.07436208897401	-3.8525706653721	-3.09213679070199
TRINITY_GG_100385_c22_g1	-1.0392986328859	-1.0392986328859	-1.0392986328859	1.35987246093392	1.44174192323232	0.316281514491459
TRINITY_GG_79246_c1_g1	-0.983534874956342	-0.983534874956342	-0.983534874956342	1.04538783563967	1.263481174811	0.641735614418351
TRINITY_GG_31026_c12_g1	-1.00256425692548	-1.00256425692548	-1.00256425692548	0.604825243098916	0.634814137946812	1.76805338973072
TRINITY_GG_72755_c3_g1	-0.97830442577294	-0.97830442577294	-0.97830442577294	0.941607662904368	0.354546696299214	1.63875891811524
TRINITY_GG_13729_c190_g1	-0.911728839058739	-0.911728839058739	-0.911728839058739	1.02712149794732	0.382230139969955	1.32583487925894
TRINITY_GG_26510_c0_g1	-1.94656798476467	-1.94656798476467	-1.94656798476467	1.73296841393654	2.39463502326747	1.71210051708999
TRINITY_GG_101571_c0_g1	0.464003923205072	1.57172250155298	1.7001337127968	-1.24528671251829	-1.24528671251829	-1.24528671251829
TRINITY_GG_13736_c39_g2	-1.00535450193646	-1.00535450193646	-1.00535450193646	0.970275684344361	1.24378740134388	0.802000420121141
TRINITY_GG_47444_c2_g1	-1.32425674759744	-1.32425674759744	-1.32425674759744	1.16013921490523	2.26346827204968	0.549162755837417
TRINITY_GG_70584_c87_g1	-1.0978778561303	-1.0978778561303	-1.0978778561303	1.28312858095832	0.604779687260613	1.40572530017196
TRINITY_GG_68139_c3_g1	2.95823074114482	3.64516958991502	2.79972749488509	-3.2857434070196	-2.75401444649704	-3.36336997242829
TRINITY_GG_87378_c5_g1	-1.12802403299543	-1.12802403299543	-1.12802403299543	0.811954731945276	1.07674271765918	1.49537464938183
TRINITY_GG_90089_c1_g1	-0.955440460045413	-0.955440460045413	-0.955440460045413	1.11872241546159	1.4995250135893	0.248073951085346
TRINITY_GG_24774_c12_g2	-1.34551954149711	-1.42321756540268	-1.37991067115111	0.623173509490942	2.86470397241136	0.660770296148593
TRINITY_GG_97192_c0_g1	-1.40030940615877	-1.40030940615877	-1.40030940615877	1.75641079349304	2.39857060125249	0.0459468237307907
TRINITY_GG_98601_c0_g1	2.35523417839646	1.03856925506129	0.990600314303418	-1.46146791592039	-1.46146791592039	-1.46146791592039
TRINITY_GG_74628_c11_g1	-0.871687826040439	-0.871687826040439	-0.871687826040439	1.19835796213249	0.646847312941741	0.769858203047085
TRINITY_GG_74673_c2_g1	-1.14065988956071	-1.14065988956071	-1.14065988956071	2.11740670875062	-0.718426888877658	2.02299984880915
TRINITY_GG_19589_c29_g1	-1.19963237136109	-1.19963237136109	-1.19963237136109	0.177769059424699	1.35397388532478	2.06715416933381
TRINITY_GG_93075_c10_g1	-0.229956461965632	1.45770445545697	2.49446090866529	-1.24073630071887	-1.24073630071887	-1.24073630071887
TRINITY_GG_18662_c41_g1	-1.1193433849713	-1.1193433849713	-1.1193433849713	1.13222423563695	1.77809067794905	0.447715241327896
TRINITY_GG_46995_c0_g2	-1.02482457255413	-1.02482457255413	-1.02482457255413	0.570201611511728	0.728352054767997	1.77592005138265
TRINITY_GG_24161_c18_g1	-0.994114192462882	-0.994114192462882	-0.994114192462882	0.0259434598783713	2.23023484473983	0.726164272770445
TRINITY_GG_12799_c27_g1	-1.12982232663886	-1.12982232663886	-1.12982232663886	1.54192394022436	0.753016329128387	1.09452671056385
TRINITY_GG_91655_c1_g2	-1.25844660645267	-1.25844660645267	-1.25844660645267	1.46729455005129	1.43687913762891	0.871166131677803
TRINITY_GG_60304_c0_g1	-1.14378975735226	-1.14378975735226	-1.14378975735226	0.578676267118835	1.29050486060767	1.56218814433027
TRINITY_GG_94974_c0_g1	0.864828930280095	1.10391764048886	1.49053236238255	-1.15309297771717	-1.15309297771717	-1.15309297771717
TRINITY_GG_33473_c12_g2	-1.02707189513145	-1.02707189513145	-1.02707189513145	0.974009720593998	1.23626304086505	0.870942923935309
TRINITY_GG_61566_c1_g2	-0.968766994014033	-0.968766994014033	-0.968766994014033	0.832391662079666	1.02653661132121	1.04737270864122
TRINITY_GG_26351_c40_g1	-0.922607295959543	-0.922607295959543	-0.922607295959543	0.942519699121152	1.10313026545407	0.722171923303411
TRINITY_GG_73066_c2_g1	0.0737516966921743	2.46124810457825	2.56941946446519	-1.93983127558075	-1.61323174096949	-1.55135624918538
TRINITY_GG_78359_c107_g1	-1.31736248257714	-1.31736248257714	-1.31736248257714	0.721073699078973	1.53223652857432	1.69877722007812
TRINITY_GG_22982_c34_g1	-1.12815275534153	-1.12815275534153	-1.12815275534153	1.08379392702965	0.298380382775141	2.0022839562198
TRINITY_GG_19852_c0_g1	-2.57355792582293	-2.41910433314305	-2.24242600360573	0.897239212595436	3.00432403367471	3.33352501630156
TRINITY_GG_100021_c39_g1	-1.42424521870951	-1.42424521870951	-1.42424521870951	1.10432610016124	1.43254132757857	1.73586822838873
TRINITY_GG_71998_c5_g1	3.15891132176746	-0.536396455707298	2.06886887150825	-1.5547390358291	-1.55900526380013	-1.57763943793918
TRINITY_GG_39496_c0_g2	1.03443653100221	0.969782022973805	0.759526180625343	-0.921248244867118	-0.921248244867118	-0.921248244867118
TRINITY_GG_66080_c1_g2	-1.36514787762027	-1.36514787762027	-1.36514787762027	0.90508202961773	1.45941633446956	1.73094526877351
TRINITY_GG_34935_c5_g1	1.68098859386797	0.657199867973908	1.31637264799577	-1.21818703661255	-1.21818703661255	-1.21818703661255
TRINITY_GG_10976_c28_g1	-0.984954293705701	-0.984954293705701	-0.984954293705701	0.495310828348762	1.16949929897417	1.29005275379417
TRINITY_GG_58804_c0_g1	0.242013649901326	0.765453991931268	2.36692672784481	-1.1247981232258	-1.1247981232258	-1.1247981232258
TRINITY_GG_14195_c1_g1	-0.915739160359851	-0.915739160359851	-0.915739160359851	0.166282108985651	1.1209399938706	1.45999537822331
TRINITY_GG_97193_c0_g1	-2.55297678128893	-2.55297678128893	-2.55297678128893	2.64971519084138	3.05636450488329	1.95285064814212
TRINITY_GG_85769_c0_g3	-1.60648367715141	-1.60648367715141	-1.60648367715141	2.22691245701182	0.611057262711119	1.98148131173127
TRINITY_GG_19266_c1_g2	2.4173972757594	2.53792486774202	-0.910909731690671	-1.34813747060358	-1.34813747060358	-1.34813747060358
TRINITY_GG_57272_c1_g1	-1.00274926288873	-1.00274926288873	-1.00274926288873	0.620181088031446	1.23021841764292	1.15784828299182
TRINITY_GG_16639_c3_g1	-1.40192697291701	-1.40192697291701	-1.40192697291701	1.18927370001537	1.86065652025774	1.15585069847792
TRINITY_GG_93343_c1_g2	-1.77918487692177	-1.39734779301573	-1.77918487692177	1.26275895304839	1.90910740091123	1.78385119289964
TRINITY_GG_101167_c26_g1	-1.24315804424914	-1.24315804424914	-1.24315804424914	0.758644198384847	0.991956276127218	1.97887365823535
TRINITY_GG_15239_c10_g1	0.605941444365457	1.33431634673417	1.32187691223872	-1.08737823444612	-1.08737823444612	-1.08737823444612
TRINITY_GG_87467_c0_g2	-0.993492138718192	-0.993492138718192	-0.993492138718192	0.721961988397526	1.44053553594541	0.817978891811644
TRINITY_GG_19558_c2_g1	-1.1766587087328	-1.1766587087328	-1.1766587087328	0.168169788264639	1.45491125957672	1.90689507835704
TRINITY_GG_17473_c82_g1	-1.16067920671488	-1.16067920671488	-1.16067920671488	1.77024732434914	0.491463065421779	1.22032723037373
TRINITY_GG_18207_c5_g3	-1.95852429183803	-1.95852429183803	-1.95852429183803	1.32198667701623	1.88666464350205	2.66692155499581
TRINITY_GG_49582_c2_g1	4.10696581286251	0.374758060857332	1.72692671986219	-2.39092186967009	-1.62053138980355	-2.19719733410839
TRINITY_GG_8251_c0_g1	-1.33475814825291	-1.33475814825291	-1.33475814825291	0.795843301537656	1.80290930880109	1.40552183441998
TRINITY_GG_73686_c35_g1	-0.992800325114272	-0.992800325114272	-0.992800325114272	0.321606182440548	1.32334541717908	1.33344937572318
TRINITY_GG_24785_c1_g1	-0.957964371243761	-0.957964371243761	-0.957964371243761	0.840708307714042	1.13356622187686	0.899618584140387
TRINITY_GG_19144_c14_g1	-0.933763400942491	-0.933763400942491	-0.933763400942491	0.183266652067696	1.27350477216954	1.34451877859024
TRINITY_GG_94784_c0_g1	-1.00038469786805	-1.00038469786805	-1.00038469786805	-0.0487969030532959	2.08095492958389	0.968996067073558
TRINITY_GG_10943_c3_g1	-1.49129084521199	-1.49129084521199	-1.49129084521199	0.960777385011825	2.88569404304431	0.62740110757982
TRINITY_GG_95281_c0_g1	-2.52218327179999	-2.09253607763679	-2.55685915664752	-2.29507872311422	4.02348700893835	5.44317022026018
TRINITY_GG_75249_c0_g1	1.19915246806668	1.60976522100936	0.323718183804903	-1.04421195762698	-1.04421195762698	-1.04421195762698
TRINITY_GG_42437_c0_g2	2.10648421134743	0.606392831344967	0.607712168465619	-1.10686307038601	-1.10686307038601	-1.10686307038601
TRINITY_GG_78641_c26_g1	1.70088071471972	2.10435404801368	0.194883333653468	-1.4158167284813	-1.29281277442648	-1.29148859347909
TRINITY_GG_70588_c3_g1	-0.901544480125992	-0.901544480125992	-0.901544480125992	1.43987204435273	0.316306616685139	0.948454779340106
TRINITY_GG_34953_c0_g1	1.70061577488984	2.06906463011096	0.579597068629961	-1.54308715269202	-1.1498158819176	-1.65637443902114
TRINITY_GG_21783_c3_g1	-1.07198488358293	-1.07198488358293	-1.07198488358293	0.987716488563369	2.11308875429383	0.115149407891602
TRINITY_GG_72923_c0_g1	-2.5118609430347	-1.74717509051256	-2.31148214505067	2.11597932200928	2.16638001799762	2.28815883859103
TRINITY_GG_91551_c0_g1	1.64790064490254	0.566610740435164	0.704249607779259	-0.972920331038986	-0.972920331038986	-0.972920331038986
TRINITY_GG_11942_c33_g1	-1.07349531881676	-1.07349531881676	-1.07349531881676	1.19493907475963	1.34415469834393	0.681392183346712
TRINITY_GG_12144_c33_g1	-1.41135877174492	-1.41135877174492	-1.41135877174492	1.31830275413038	1.33237160429971	1.58340195680466
TRINITY_GG_97441_c0_g1	-1.52492928099257	-1.52492928099257	-1.52492928099257	2.03810678882885	1.00138997682457	1.53529107732429
TRINITY_GG_95146_c10_g1	-1.96533479748031	-1.80699777031321	-1.96533479748031	1.80897787343651	1.5641113743896	2.36457811744773
TRINITY_GG_18159_c18_g1	-1.06128527149537	-1.06128527149537	-1.06128527149537	1.34796987518947	1.42053030212249	0.41535563717415
TRINITY_GG_25807_c0_g1	-1.22267334598165	-1.22267334598165	-1.22267334598165	1.34268011080098	0.762462721386361	1.56287720575761
TRINITY_GG_101141_c3_g2	-0.972415183510352	-0.972415183510352	-0.972415183510352	1.56810811292787	0.936397724229195	0.412739713373992
TRINITY_GG_12604_c3_g1	-0.91385046187031	-0.91385046187031	-0.91385046187031	0.168170807475192	1.34285830571407	1.23052227242167
TRINITY_GG_11942_c208_g1	-0.941686075699047	-0.941686075699047	-0.941686075699047	1.51669592845697	0.535473135487594	0.772889163152579
TRINITY_GG_48611_c0_g1	-0.860179170129866	-0.860179170129866	-0.860179170129866	1.08280442805724	0.63807169739796	0.859661384934402
TRINITY_GG_78359_c38_g1	0.784495886876973	1.7289442507328	2.31414449432167	-1.60919487731048	-1.60919487731048	-1.60919487731048
TRINITY_GG_14519_c27_g2	-1.07418426046558	-1.07418426046558	-1.07418426046558	-0.139101737146915	2.39074534066428	0.970909177879371
TRINITY_GG_72728_c3_g1	-2.54615554610217	-2.43796418549838	-1.11272335657019	1.66812058680983	2.4203435253733	2.0083789759876
TRINITY_GG_18009_c13_g1	-0.960291217662486	-0.960291217662486	-0.960291217662486	0.737927260561928	0.927234053079101	1.21571233934643
TRINITY_GG_96426_c0_g1	-0.900864027644835	-0.900864027644835	-0.900864027644835	1.39662088806574	0.723470861800253	0.582500333068514
TRINITY_GG_19296_c0_g1	-1.35021462274192	-1.35021462274192	-1.35021462274192	1.68822155891419	0.518077046030878	1.84434526328069
TRINITY_GG_7660_c3_g1	-1.08034156208514	-1.08034156208514	-1.08034156208514	0.830774744293079	1.46166879345147	0.948581148510873
TRINITY_GG_81142_c14_g1	-1.09476211930646	-1.09476211930646	-1.09476211930646	2.85084558387492	0.0335312817033611	0.399909492341093
TRINITY_GG_15300_c49_g1	-1.18093587659028	-1.18093587659028	-1.18093587659028	1.0310108057809	1.46037893284119	1.05141789114875
TRINITY_GG_12183_c0_g1	-1.29858371879669	-1.29858371879669	-1.29858371879669	1.66987572607983	1.77814638268146	0.447729047628771
TRINITY_GG_76161_c0_g1	-1.1273257003269	-1.1273257003269	-1.1273257003269	0.581082283156694	2.86471757584475	-0.063822758020744
TRINITY_GG_25797_c0_g1	-1.15713089625825	-1.27083139542297	-1.27083139542297	1.69873356294894	0.959679064943201	1.04038105921206
TRINITY_GG_101056_c0_g1	1.43688339955613	0.787472191108134	1.34781472505629	-1.19072343857352	-1.19072343857352	-1.19072343857352
TRINITY_GG_81048_c0_g5	-1.01453062090093	-1.01453062090093	-1.01453062090093	0.23703699970732	0.907286518945694	1.89926834404977
TRINITY_GG_13498_c0_g1	-0.942695665612808	-0.942695665612808	-0.942695665612808	0.923618895764239	0.486518564226777	1.41794953684741
TRINITY_GG_30990_c2_g2	-1.34918312613666	-1.34918312613666	-1.34918312613666	1.38243459670396	1.63467694578697	1.03043783591905
TRINITY_GG_76326_c0_g1	1.28077250774202	0.389017915865829	1.13585951560626	-0.935216646404702	-0.935216646404702	-0.935216646404702
TRINITY_GG_18216_c18_g1	-1.71202991840779	-1.71202991840779	-1.71202991840779	2.10722951170985	1.60946530303305	1.41939494048046
TRINITY_GG_66864_c5_g1	0.873273724895995	0.60166521402723	1.21328568482237	-0.896074874581864	-0.896074874581864	-0.896074874581864
TRINITY_GG_19873_c1_g1	-1.13643470569628	-1.13643470569628	-1.13643470569628	0.818133865056715	0.739738408741181	1.85143184329094
TRINITY_GG_68139_c0_g1	2.58028074127823	3.19502467951869	1.67545574688865	-3.93219075692009	-2.37247080464007	-1.14609960612541
TRINITY_GG_18130_c57_g1	-1.96055890269553	-1.96055890269553	-1.62713516897034	1.35370257394276	2.4690570615062	1.72549333891245
TRINITY_GG_44273_c0_g1	-1.51655597334009	-1.51655597334009	-1.51655597334009	0.692585424498501	2.17028067663599	1.68680181888579
TRINITY_GG_1008_c0_g1	-1.51485980562523	-1.51485980562523	-1.51485980562523	1.74576810250146	2.43514194345826	0.363669370915975
TRINITY_GG_80771_c1_g1	-1.58568947703184	-1.58568947703184	-1.58568947703184	1.83020436822497	1.56096574508763	1.36589831778292
TRINITY_GG_36118_c0_g1	-0.946985338357726	-0.946985338357726	-0.946985338357726	0.848781609424666	0.468232486531113	1.5239419191174
TRINITY_GG_28509_c0_g1	-1.05548281475686	-1.05548281475686	-1.05548281475686	1.29981541859109	0.450408114973094	1.4162249107064
TRINITY_GG_22341_c0_g1	-1.06669748529862	-1.06669748529862	-1.06669748529862	0.845185804107178	1.77728635874971	0.577620293038961
TRINITY_GG_105058_c0_g1	-1.24161186431191	-1.24161186431191	-1.24161186431191	1.32593358333184	3.02981381178103	-0.630911802177143
TRINITY_GG_97891_c0_g2	2.15483924972946	1.71666061905866	0.747285893644091	-1.53959525414407	-1.53959525414407	-1.53959525414407
TRINITY_GG_36424_c0_g1	-1.08045554346915	-1.08045554346915	-1.08045554346915	1.24981600994755	1.07561741748142	0.915933202978473
TRINITY_GG_76511_c23_g3	-1.06746484912386	-1.06746484912386	-1.06746484912386	1.66957287799108	1.13040054222988	0.402421127150606
TRINITY_GG_73128_c5_g1	1.28423751040906	0.367741946745311	1.25364486620299	-0.968541441119121	-0.968541441119121	-0.968541441119121
TRINITY_GG_106637_c1_g2	-0.867757899849459	-0.867757899849459	-0.867757899849459	0.657809889051889	1.00092886547268	0.944534945023812
TRINITY_GG_70995_c1_g1	-1.10163951149244	-1.10163951149244	-1.10163951149244	1.1426386870857	1.92250283440536	0.239777012986278
TRINITY_GG_74949_c38_g1	-1.09770390917243	-1.09770390917243	-1.09770390917243	-0.232972986857678	1.51677037366527	2.00931434070969
TRINITY_GG_84346_c3_g3	-1.14369519963334	-1.14369519963334	-1.14369519963334	0.625230135930406	1.17071130792147	1.63514415504815
TRINITY_GG_97819_c0_g2	-1.22706066693399	-1.22706066693399	-1.22706066693399	1.20108172404434	0.752964633304744	1.72713564345289
TRINITY_GG_76634_c7_g1	-1.08877493278878	-1.08877493278878	-1.08877493278878	0.963293114455097	0.558309279840176	1.74472240407106
TRINITY_GG_93849_c1_g2	-1.02572386761644	-1.02572386761644	-1.02572386761644	0.881551395382939	1.07827724270477	1.11734296476162
TRINITY_GG_85624_c67_g2	-0.895751683710211	-0.895751683710211	-0.895751683710211	0.5647287863298	0.948232160338115	1.17429410446272
TRINITY_GG_88713_c48_g1	1.37957686222819	0.956383611884602	2.0777072085791	-1.4712225608973	-1.4712225608973	-1.4712225608973
TRINITY_GG_79205_c58_g2	0.946439167772323	1.53075717661728	1.17204973686497	-1.21641536041819	-1.21641536041819	-1.21641536041819
TRINITY_GG_12713_c15_g2	-1.08100818584295	-1.08100818584295	-1.08100818584295	0.607396002554504	0.839285114368052	1.79634344060631
TRINITY_GG_72704_c21_g1	-1.09327510337093	-1.09327510337093	-1.09327510337093	0.915713679856324	1.34368623446267	1.0204253957938
TRINITY_GG_6980_c155_g1	-0.934844132205135	-0.934844132205135	-0.934844132205135	1.81490464665936	0.584194477394924	0.405433272561119
TRINITY_GG_83543_c0_g1	-1.21961103614401	-1.21961103614401	-1.21961103614401	0.774244443558091	1.19884880143698	1.68573986343695
TRINITY_GG_104529_c1_g2	-0.888527763863323	-0.888527763863323	-0.888527763863323	1.19008207083304	0.342904644584642	1.13259657617228
TRINITY_GG_12833_c13_g2	-1.04379204433245	-1.04379204433245	-1.04379204433245	0.941708385972432	1.41747456415634	0.772193182868591
TRINITY_GG_2927_c0_g3	-0.869710988796892	-0.869710988796892	-0.869710988796892	1.16344767798411	0.546047677725606	0.899637610680967
TRINITY_GG_16589_c5_g1	1.75912642535027	0.654759255660391	0.787922885716701	-1.06726952224245	-1.06726952224245	-1.06726952224245
TRINITY_GG_33473_c4_g1	-1.04106254931501	-1.04106254931501	-1.04106254931501	1.37523675616487	0.856952269751752	0.890998622028413
TRINITY_GG_81694_c167_g1	-0.852734083854107	-0.852734083854107	-0.852734083854107	0.841477523913784	1.0344012166078	0.682323511040735
TRINITY_GG_16432_c49_g1	1.68625914500291	3.71569503805183	1.39936893218444	-2.18836106418853	-2.37500346057578	-2.23795859047488
TRINITY_GG_78639_c6_g1	-1.20830076983367	-1.20830076983367	-1.20830076983367	0.727158977971618	2.49723485868754	0.400508472841853
TRINITY_GG_83606_c4_g1	1.18982712562187	1.61110147699943	0.662371205469331	-1.15443326936355	-1.15443326936355	-1.15443326936355
TRINITY_GG_101598_c0_g1	4.80805151976246	5.18044292528764	-2.59290346017942	-2.42439773582245	-2.45656105926149	-2.51463218978675
TRINITY_GG_25417_c13_g6	-0.922440840783991	-0.922440840783991	-0.922440840783991	1.14071691787633	0.237833990624602	1.38877161385104
TRINITY_GG_78641_c8_g1	3.7386191550557	3.1870193754443	-1.12651191568033	-1.93304220493989	-1.93304220493989	-1.93304220493989
TRINITY_GG_18112_c79_g1	-1.34888645303548	-1.34888645303548	-1.34888645303548	2.34755256762027	-0.288147295177804	1.98725408666398
TRINITY_GG_53609_c1_g1	-1.2567032436803	-1.2567032436803	-1.2567032436803	0.262335365919762	1.07786503198584	2.42990933313529
TRINITY_GG_3383_c0_g1	-0.915629796943484	-0.915629796943484	-0.915629796943484	0.794101962477207	0.483814767645974	1.46897266070727
TRINITY_GG_92430_c6_g1	-1.76095419431282	-2.00340426799052	-2.00340426799052	1.66335232389428	1.76000730647948	2.3444030999201
TRINITY_GG_91266_c2_g2	-1.21263537894114	-1.21263537894114	-1.21263537894114	1.39214762526878	1.43904780169097	0.806710709863672
TRINITY_GG_22538_c0_g1	-1.32197367897064	-1.32197367897064	-1.32197367897064	1.28754491144066	1.03078484606999	1.64759127940127
TRINITY_GG_101067_c0_g1	-0.858079506689864	-0.858079506689864	-0.858079506689864	0.646286643922408	0.950511481450112	0.977440394697072
TRINITY_GG_11124_c47_g2	-1.0015455056483	-1.0015455056483	-1.0015455056483	1.06987395084159	0.794221442134091	1.14054112396923
TRINITY_GG_29537_c0_g2	-1.10315906970741	-1.10315906970741	-1.10315906970741	-0.238428147392661	2.98294530153588	0.56496005497902
TRINITY_GG_17934_c32_g1	-1.05300275912782	-1.05300275912782	-1.05300275912782	1.89988988302522	0.952037857572713	0.307080536785515
TRINITY_GG_15268_c34_g1	-1.35250370445727	-1.35250370445727	-1.35250370445727	1.33298798422728	3.26802405866271	-0.543500929518183
TRINITY_GG_24641_c0_g1	-1.33196266478145	-1.33196266478145	-1.33196266478145	-0.456182601712966	3.0113030130716	1.44076758298573
TRINITY_GG_88601_c14_g1	-0.886511128562278	-0.886511128562278	-0.886511128562278	0.73219738375151	1.07659302617327	0.850742975762052
TRINITY_GG_35395_c0_g1	-1.09117191376022	-1.09117191376022	-1.09117191376022	1.01651595555416	1.37584665792956	0.881153127796934
TRINITY_GG_21220_c19_g1	-1.292438340835	-1.292438340835	-1.292438340835	0.831227855618822	1.59781377432207	1.4482733925641
TRINITY_GG_94106_c0_g2	-1.16349817323607	-1.16349817323607	-1.16349817323607	0.969736533121071	1.82309479406982	0.697663192517325
TRINITY_GG_87256_c9_g3	-1.14788182726624	-1.14788182726624	-1.14788182726624	1.7687858899538	-0.443895223402814	2.11875481524774
TRINITY_GG_98559_c1_g1	-1.34143126188338	-1.34143126188338	-1.34143126188338	2.12336767810063	1.11274463130242	0.78818147624709
TRINITY_GG_5285_c0_g1	-1.34656982752294	-1.34656982752294	-1.34656982752294	-0.415264983872273	2.74496076559767	1.71001370084343
TRINITY_GG_27315_c39_g1	-1.28644185328464	-1.28644185328464	-1.28644185328464	1.39253145456953	1.40330458520892	1.06348952007547
TRINITY_GG_76787_c9_g1	-0.996077010628841	-0.996077010628841	-0.996077010628841	1.02326907817597	0.9857756426609	0.979186311049653
TRINITY_GG_18574_c38_g1	-1.1024254979741	-1.1024254979741	-1.1024254979741	0.783148866397325	0.381970464528565	2.14215716299641
TRINITY_GG_30429_c0_g1	-1.71551412447228	-1.71551412447228	-1.71551412447228	1.07066400432649	2.36889035846207	1.70698801062828
TRINITY_GG_22363_c12_g1	-1.14793517189063	-1.14793517189063	-1.14793517189063	2.04173127475942	-0.413279738411625	1.8153539793241
TRINITY_GG_29537_c0_g1	-1.66972427035346	-1.4844920161233	-1.66972427035346	1.05077310012888	2.99742985987645	0.775737596824893
TRINITY_GG_70560_c12_g3	-1.32683202338804	-1.32683202338804	-1.32683202338804	0.175498578327975	2.66194353894971	1.14305395288643
TRINITY_GG_70616_c1_g1	0.188455347519287	1.20831367020368	3.27680323899555	-1.55785741890617	-1.55785741890617	-1.55785741890617
TRINITY_GG_11021_c50_g1	0.596564525598552	1.43904058859249	1.20891702435121	-1.08150737951409	-1.08150737951409	-1.08150737951409
TRINITY_GG_54177_c0_g2	2.34917707873735	-0.767862342452865	2.01794333593265	-1.19975269073905	-1.19975269073905	-1.19975269073905
TRINITY_GG_73885_c6_g1	-1.13974766066158	-1.13974766066158	-1.13974766066158	0.421456260108336	1.38607066137244	1.61171606050398
TRINITY_GG_25164_c0_g8	-1.03007213411364	-1.03007213411364	-1.03007213411364	0.170934331942452	1.72438783951184	1.19489423088663
TRINITY_GG_72682_c37_g1	-1.05381706938597	-1.05381706938597	-1.05381706938597	0.231881056572156	1.97439843774447	0.955171713841285
TRINITY_GG_67063_c0_g1	-1.28927960111714	-1.28927960111714	-1.28927960111714	0.618764689107744	1.88048509197	1.36858902227369
TRINITY_GG_89254_c70_g1	-1.01544417018464	-1.01544417018464	-1.01544417018464	1.23065983969928	1.130233285011	0.685439385843632
TRINITY_GG_45708_c0_g1	-1.51599818680081	-1.51599818680081	-1.51599818680081	0.97688046140492	1.40543814400549	2.16567595499202
TRINITY_GG_16650_c4_g1	0.391330502286394	2.32977639774548	1.23012554355973	-1.3170774811972	-1.3170774811972	-1.3170774811972
TRINITY_GG_10914_c222_g1	-1.21651484820797	-1.21651484820797	-1.21651484820797	1.02593522546973	-0.0123741314277441	2.63598345058192
TRINITY_GG_5711_c2_g1	-0.94642881214563	-0.94642881214563	-0.94642881214563	1.01482407191258	0.963536254612338	0.860926109911974
TRINITY_GG_102828_c33_g1	-1.24111281759072	-1.24111281759072	-1.24111281759072	1.52611821943316	1.36485554125074	0.832364692088251
TRINITY_GG_21095_c24_g1	-1.66940235225168	-1.66940235225168	-1.66940235225168	-0.157934312975816	2.26417028600934	2.90197108372152
TRINITY_GG_28145_c0_g1	-1.31549295566736	-1.31549295566736	-1.31549295566736	1.00730049666325	1.13631160005313	1.8028667702857
TRINITY_GG_82027_c0_g3	-1.05509523623777	-1.05509523623777	-1.05509523623777	1.51098925427769	1.11771227373766	0.536584180697964
TRINITY_GG_88648_c35_g1	-0.898359281704172	-0.898359281704172	-0.898359281704172	0.65007734299187	0.655001221631156	1.38999928048949
TRINITY_GG_374_c0_g1	1.39381527632561	1.78228384763216	2.39495170414403	-1.94987679285341	-1.94987679285341	-1.67129724239499
TRINITY_GG_19160_c3_g1	-1.15388853494623	-1.15388853494623	-1.15388853494623	-0.285992070953579	1.99715845629039	1.75049921950189
TRINITY_GG_102554_c0_g1	-0.982786712405855	-0.982786712405855	-0.982786712405855	1.28235009106995	1.54177850867135	0.124231537476266
TRINITY_GG_61572_c2_g1	-1.23609749914102	-1.23609749914102	-1.23609749914102	1.64556712017932	1.34090827775179	0.721817099491961
TRINITY_GG_26416_c2_g1	-0.987675839529083	-0.987675839529083	-0.987675839529083	1.04794807020164	0.79473272539829	1.12034672298732
TRINITY_GG_13440_c7_g1	-1.04064194473409	-1.04064194473409	-1.04064194473409	-0.00150355082712861	1.44401180299948	1.67941758202991
TRINITY_GG_18205_c20_g1	0.795992202091085	0.893061183079963	0.904113114282933	-0.864388833151327	-0.864388833151327	-0.864388833151327
TRINITY_GG_26171_c44_g1	-0.135499311522829	1.80651636602903	1.73331629630991	-1.13477778360537	-1.13477778360537	-1.13477778360537
TRINITY_GG_43322_c0_g1	-1.13325967695448	-1.13325967695448	-1.13325967695448	1.69394962938615	0.165984980841594	1.53984442063569
TRINITY_GG_88571_c0_g1	0.782810951848696	0.416874806912522	2.08864582494224	-1.09611052790115	-1.09611052790115	-1.09611052790115
TRINITY_GG_20698_c11_g1	-1.369619287754	-1.369619287754	-1.369619287754	0.651505052281603	1.09557160017198	2.36178121080843
TRINITY_GG_6359_c0_g1	-1.18128821143149	-1.18128821143149	-1.18128821143149	1.98606971630702	1.73117004777569	-0.173375129788229
TRINITY_GG_53952_c1_g1	-1.00665992102245	-1.00665992102245	-1.00665992102245	0.341572498216826	1.35623072164342	1.32217654320709
TRINITY_GG_73431_c0_g1	-1.1343469044204	-1.1343469044204	-1.1343469044204	1.02657328376071	0.856607955976595	1.51985947352389
TRINITY_GG_14497_c4_g4	-0.916144764467211	-0.916144764467211	-0.916144764467211	1.02458579571765	1.01893775885145	0.704910738832529
TRINITY_GG_51536_c0_g1	-1.43114573893941	-1.43114573893941	-1.43114573893941	2.11889299035313	1.43160318685412	0.742941039610988
TRINITY_GG_23598_c17_g2	-0.997102608355677	-0.997102608355677	-0.997102608355677	0.841647509977462	0.74404074659964	1.40561956848993
TRINITY_GG_57929_c3_g1	-0.958137177898085	-0.958137177898085	-0.958137177898085	1.53114884472779	0.944129391184986	0.399133297781475
TRINITY_GG_74707_c51_g2	-0.862764221363718	-0.862764221363718	-0.862764221363718	0.737505532145286	0.65627438823634	1.19451274370953
TRINITY_GG_21401_c11_g1	-1.1481079771307	-1.1481079771307	-1.1481079771307	0.65387838698392	1.97952530259518	0.810920241812996
TRINITY_GG_98789_c8_g1	1.68401414750387	0.851078049925075	1.82783437222889	-1.45430885655261	-1.45430885655261	-1.45430885655261
TRINITY_GG_95987_c0_g1	2.78080502202342	1.75717646190147	-0.406355130225862	-1.37720878456635	-1.37720878456635	-1.37720878456635
TRINITY_GG_35634_c0_g1	-0.954368661873985	-0.954368661873985	-0.954368661873985	0.704642509324165	1.15566043092538	1.00280304537241
TRINITY_GG_36163_c0_g1	-1.81916151141584	-1.81916151141584	-1.81916151141584	1.5496068376745	2.49008744940078	1.41779024717224
TRINITY_GG_42946_c2_g1	-1.21681252418931	-1.21681252418931	-1.21681252418931	0.846690418116848	1.28092756441978	1.5228195900313
TRINITY_GG_85721_c2_g1	-1.20239083739604	-1.20239083739604	-1.20239083739604	0.938387818386752	1.79598521704221	0.872799476759175
TRINITY_GG_63450_c0_g1	-0.851771699154091	-0.851771699154091	-0.851771699154091	1.03184911713158	0.848668018987001	0.674797961343692
TRINITY_GG_19209_c0_g2	-0.959415855210439	-0.959415855210439	-0.959415855210439	0.464431199387995	1.26153314925634	1.15228321698698
TRINITY_GG_8998_c0_g1	-1.05874123124946	-1.05874123124946	-1.05874123124946	0.994717700692062	0.393854203453411	1.7876517896029
TRINITY_GG_84837_c50_g1	-0.895155905210192	-0.895155905210192	-0.895155905210192	1.0125039226431	0.98219572123907	0.690768071748409
TRINITY_GG_78649_c4_g1	-1.17566677825916	-1.17566677825916	-1.17566677825916	0.838331367781838	0.605063258217215	2.08360570877843
TRINITY_GG_19439_c11_g1	-1.36315603838679	-1.36315603838679	-1.36315603838679	0.652626958854134	1.62943113790097	1.80741001840527
TRINITY_GG_60926_c0_g1	-1.62075416954756	-1.62075416954756	-1.62075416954756	0.992070106528106	2.28805873819199	1.58213366392258
TRINITY_GG_19570_c0_g3	-1.36352934766741	-1.36352934766741	-1.36352934766741	2.08642813596059	1.50811719789182	0.496042709149833
TRINITY_GG_36375_c4_g1	-1.11940790765938	-1.11940790765938	-1.11940790765938	0.906683906681949	1.29743183425345	1.15410798204274
TRINITY_GG_83675_c0_g1	-0.87170126920275	-0.87170126920275	-0.87170126920275	1.00289899684683	0.957336419466385	0.654868391295034
TRINITY_GG_10984_c468_g1	-0.960710129492845	-0.960710129492845	-0.960710129492845	0.533961482154705	1.42995755606682	0.918211350257006
TRINITY_GG_100719_c10_g1	-1.13640697001086	-1.13640697001086	-1.13640697001086	0.98062308299933	1.49049936068047	0.938098466352773
TRINITY_GG_73633_c24_g1	-0.913605868048112	-0.913605868048112	-0.913605868048112	0.698982538650606	1.32456955052926	0.717265514964464
TRINITY_GG_17255_c4_g1	0.438340282901497	2.05457704659663	1.8323550709633	-1.44175746682048	-1.44175746682048	-1.44175746682048
TRINITY_GG_14589_c57_g1	-1.14068540182582	-1.14068540182582	-1.14068540182582	0.435110973503262	0.421984424276882	2.56496080769732
TRINITY_GG_86952_c62_g1	-1.23486456806608	-1.23486456806608	-1.23486456806608	0.428252299300019	2.29894792876158	0.977393476136651
TRINITY_GG_70552_c12_g2	-1.47092302080113	-1.47092302080113	-1.47092302080113	0.945105990525101	2.38596310067013	1.08169997120815
TRINITY_GG_1663_c1_g1	-1.07736998607487	-1.07736998607487	-1.07736998607487	1.75450725511681	1.71340205178713	-0.235799348679348
TRINITY_GG_83421_c0_g2	-0.974631283851878	-0.974631283851878	-0.974631283851878	0.657636931647635	1.01777461517977	1.24848230472822
TRINITY_GG_74591_c0_g1	-1.31434745308897	-1.31434745308897	-1.31434745308897	0.897287800238181	1.93464270735234	1.11111185167639
TRINITY_GG_19292_c0_g3	-1.33125044733675	-1.33125044733675	-1.33125044733675	1.51814839800919	1.52174714027656	0.953855803724502
TRINITY_GG_70688_c0_g1	-0.936001300562663	-0.936001300562663	-0.936001300562663	0.905166742985987	1.06399869943734	0.838838459264664
TRINITY_GG_21698_c39_g1	-1.19793882777831	-1.19793882777831	-1.19793882777831	1.60756000720061	1.36984996894941	0.616406507184911
TRINITY_GG_41098_c0_g1	1.15867008474118	0.269747880199841	1.69859117900372	-1.04233638131491	-1.04233638131491	-1.04233638131491
TRINITY_GG_22806_c27_g1	-1.00830187444089	-1.00830187444089	-1.00830187444089	0.151327311380339	1.41930429834101	1.45427401360132
TRINITY_GG_15614_c0_g2	-0.911162882324613	-0.911162882324613	-0.911162882324613	0.398595389100023	0.977921216273537	1.35697204160028
TRINITY_GG_9266_c0_g1	1.29513688584141	1.21848919890432	0.538087498055503	-1.01723786093374	-1.01723786093374	-1.01723786093374
TRINITY_GG_89342_c31_g1	1.63969758608225	1.29487275788164	2.82738126068834	-1.92065053488407	-1.92065053488407	-1.92065053488407
TRINITY_GG_7105_c2_g4	-0.957988671123906	-0.957988671123906	-0.957988671123906	0.306847977343873	1.17885893306897	1.38825910295887
TRINITY_GG_36481_c0_g1	1.08355939220945	3.09073104761171	1.4798567142666	-1.88471571802925	-1.88471571802925	-1.88471571802925
TRINITY_GG_8699_c5_g3	-1.82795518562597	-1.82795518562597	-1.82795518562597	1.7533960615428	2.04240953395743	1.68805996137769
TRINITY_GG_50001_c0_g1	-2.04918074838791	-2.04918074838791	-2.04918074838791	1.62686093899183	1.88117812772452	2.63950317844738
TRINITY_GG_56942_c0_g1	-0.901168189957071	-0.901168189957071	-0.901168189957071	1.13093265320995	0.773744362950935	0.798827553710325
TRINITY_GG_46011_c0_g1	1.26682068790864	0.6546528274208	2.31025087073502	-1.41057479535482	-1.41057479535482	-1.41057479535482
TRINITY_GG_77526_c61_g1	-1.16506491604545	-1.16506491604545	-1.16506491604545	0.510751015126818	1.32087706736697	1.66356666564257
TRINITY_GG_30087_c0_g1	-1.41789412418525	-1.41789412418525	-1.41789412418525	-0.5389726444354	2.53518482842726	2.25747018856389
TRINITY_GG_34191_c2_g1	-0.981941846743977	-0.981941846743977	-0.981941846743977	1.04024839289009	0.147670891386492	1.75790625595535
TRINITY_GG_2400_c1_g1	-1.08376819247492	-1.08376819247492	-1.08376819247492	0.564236987335575	1.35372589833405	1.33334169175513
TRINITY_GG_70546_c105_g2	-0.888253290068231	-0.888253290068231	-0.888253290068231	1.35389187078135	0.607441872555838	0.703426126867506
TRINITY_GG_67589_c0_g2	-1.02409046379054	-1.02409046379054	-1.02409046379054	0.637203092064762	1.41127143370087	1.02379686560601
TRINITY_GG_91166_c4_g1	1.06284511094424	1.61290861956288	0.872197925119936	-1.18265055187568	-1.18265055187568	-1.18265055187568
TRINITY_GG_96091_c1_g1	2.10081497060176	1.28363608592605	0.768998059753321	-1.38448303876038	-1.38448303876038	-1.38448303876038
TRINITY_GG_72341_c0_g1	-1.16406779996024	-1.16406779996024	-1.16406779996024	1.48370719316593	0.12694630145706	1.88154990525773
TRINITY_GG_18473_c0_g1	-1.52262727585398	-1.52262727585398	-1.52262727585398	1.54930696923759	1.96009195895277	1.05848289937157
TRINITY_GG_21081_c143_g1	0.778244173066457	1.52874295980076	1.18272623954035	-1.16323779080252	-1.16323779080252	-1.16323779080252
TRINITY_GG_101724_c11_g1	-1.37243822098775	-1.37243822098775	-1.37243822098775	-0.451763809946127	2.40608577902583	2.16299269388353
TRINITY_GG_11970_c18_g1	1.64247486470053	1.01665694726907	1.47361655095257	-1.37758278764072	-1.37758278764072	-1.37758278764072
TRINITY_GG_71084_c0_g2	-2.33529150025627	-2.33529150025627	-2.33529150025627	1.53793111542108	3.04509163771467	2.42285174763306
TRINITY_GG_16529_c3_g1	-1.15104896586362	-1.15104896586362	-1.15104896586362	0.797178078015547	1.41113239060825	1.24483642896707
TRINITY_GG_17328_c106_g1	-2.2698463786551	-3.06145210335965	-1.77812293530801	2.99528314276939	1.42943887553464	2.68469939901874
TRINITY_GG_16567_c70_g1	-1.01840153329292	-1.01840153329292	-1.01840153329292	1.10161856232308	1.12760191784601	0.825984119709655
TRINITY_GG_40493_c0_g1	-1.03084248465684	-1.03084248465684	-1.03084248465684	1.47046926458682	0.584573812606031	1.03748437677767
TRINITY_GG_44117_c4_g1	-1.1419342305096	-1.1419342305096	-1.1419342305096	2.80769407780539	0.580531793961492	0.0375768197619117
TRINITY_GG_21221_c0_g1	-1.20549745630359	-1.20549745630359	-1.20549745630359	0.447562560800977	1.0769423487028	2.09198745940699
TRINITY_GG_21516_c3_g1	-2.52169811250512	-2.52169811250512	-2.52169811250512	2.59956600753986	3.07607140552286	1.88945692445264
TRINITY_GG_31243_c4_g1	-1.95334460497125	-1.95334460497125	-1.95334460497125	1.89284780473695	1.44007159550029	2.52711441467652
TRINITY_GG_81533_c1_g1	-1.21522079587562	-1.21522079587562	-1.21522079587562	0.649510126439131	1.45221722326308	1.54393503792465
TRINITY_GG_89665_c0_g1	1.56840331961947	3.87411755784942	1.55912904411942	-1.94197897441583	-2.42526477466695	-2.63440617250554
TRINITY_GG_100197_c9_g1	-1.26399597416254	-1.26399597416254	-1.26399597416254	2.54119328067694	0.49260037633917	0.758194265471521
TRINITY_GG_35532_c0_g2	0.29178481350814	1.81203411731524	2.47492405262648	-1.52624766114995	-1.52624766114995	-1.52624766114995
TRINITY_GG_28768_c4_g2	-1.19187769110511	-1.19187769110511	-1.19187769110511	1.48664498577838	1.68488479967644	0.404103287860509
TRINITY_GG_79247_c38_g2	-0.890527710431647	-0.890527710431647	-0.890527710431647	1.46843111540068	0.507275251430843	0.695876764463416
TRINITY_GG_77526_c3_g1	-2.96232250324236	-2.75684264720879	-3.33707757939296	2.72609693217992	4.10738865957019	2.22275713809399
TRINITY_GG_59475_c1_g1	2.24587461728379	2.03762414199744	0.60798618878576	-1.630494982689	-1.630494982689	-1.630494982689
TRINITY_GG_9684_c0_g1	-1.38322084853749	-1.38322084853749	-1.38322084853749	0.688541820762599	1.85066721163679	1.61045351321309
TRINITY_GG_71008_c0_g1	-1.4642237645456	-1.4642237645456	-1.4642237645456	1.50202210867934	0.594439074832958	2.29621011012451
TRINITY_GG_24918_c1_g1	-1.16365100110973	-1.16365100110973	-1.16365100110973	0.978108746204167	2.29078813357683	0.222056123548202
TRINITY_GG_46570_c0_g1	-1.03218651960986	-1.03218651960986	-1.03218651960986	0.909670999393577	1.75649919100367	0.430389368432341
TRINITY_GG_16773_c10_g1	-1.0473356984504	-1.0473356984504	-1.0473356984504	0.0175471531344518	1.11937974651602	2.00508019570074
TRINITY_GG_79496_c3_g1	0.760032224050848	0.526618731174433	1.60982150920926	-0.96549082147818	-0.96549082147818	-0.96549082147818
TRINITY_GG_93692_c1_g2	-1.46427602382474	-1.46427602382474	-1.46427602382474	1.33335956570527	2.7510142818265	0.308454223942445
TRINITY_GG_17384_c41_g3	-0.924310373936352	-0.924310373936352	-0.924310373936352	1.39877141556738	0.230143218743521	1.14401648749815
TRINITY_GG_26386_c0_g1	-1.57340007826422	-1.57340007826422	-1.57340007826422	1.22278233245578	1.100608530353	2.39680937198389
TRINITY_GG_18677_c15_g4	-1.03732122021982	-1.03732122021982	-1.03732122021982	0.510622091070529	1.44268533116617	1.15865623842277
TRINITY_GG_86291_c0_g1	-1.03167775156317	-1.03167775156317	-1.03167775156317	0.443407131385616	1.43325184956669	1.2183742737372
TRINITY_GG_9490_c2_g1	0.852125012191353	1.27792657970359	0.616537766243037	-0.915529786045994	-0.915529786045994	-0.915529786045994
TRINITY_GG_88140_c7_g3	-1.04565896055355	-1.04565896055355	-1.04565896055355	-0.208119326174143	1.96261277741	1.38248343042478
TRINITY_GG_21791_c22_g1	-0.889665653041957	-0.889665653041957	-0.889665653041957	0.587493558144684	1.18415458024971	0.897348820731472
TRINITY_GG_29873_c0_g1	-1.49707125895844	-1.49707125895844	-1.49707125895844	2.58196544648131	1.48678881296518	0.422459517428844
TRINITY_GG_62113_c2_g2	-1.0275240332319	-1.0275240332319	-1.0275240332319	0.0619741176072004	1.33508612045847	1.68551186163004
TRINITY_GG_47939_c2_g1	2.82190149208591	0.849949733143857	0.754458819317978	-1.47543668151592	-1.47543668151592	-1.47543668151592
TRINITY_GG_26875_c4_g2	-1.11099004819655	-1.11099004819655	-1.11099004819655	1.46165713009136	1.4907064682844	0.380606546213895
TRINITY_GG_11735_c0_g2	-1.72380893597105	-2.05723266969624	-2.05723266969624	1.52917180519882	2.18666486051354	2.12243760965118
TRINITY_GG_102421_c0_g1	-0.936054033039709	-0.936054033039709	-0.936054033039709	0.977362000245597	0.771912421736267	1.05888767713726
TRINITY_GG_76593_c0_g2	-0.933232234703388	-0.933232234703388	-0.933232234703388	0.729429020771706	0.236692766738924	1.83357491659953
TRINITY_GG_15670_c41_g1	-1.55300709257742	-1.55300709257742	-1.55300709257742	1.73180312995281	1.8193878726606	1.10783027511886
TRINITY_GG_103929_c0_g1	-1.11915509800497	-1.11915509800497	-1.11915509800497	1.55145866621678	1.04820282973354	0.757803798064598
TRINITY_GG_83275_c112_g2	-1.0255912295298	-1.0255912295298	-1.0255912295298	0.462409541304266	1.60644427445362	1.00791987283152
TRINITY_GG_77599_c25_g1	-1.1985287310825	-1.1985287310825	-1.1985287310825	1.53482560953133	1.06930666101511	0.991453922701065
TRINITY_GG_84265_c15_g1	0.595334196191791	1.59306798482294	0.584220944145211	-0.924207708386646	-0.924207708386646	-0.924207708386646
TRINITY_GG_98637_c88_g1	-0.920650371812462	-0.920650371812462	-0.920650371812462	0.310167470048621	1.43999483064775	1.01178881474101
TRINITY_GG_91538_c3_g1	-0.858099483437015	-0.858099483437015	-0.858099483437015	0.983471153958502	0.564133517246032	1.02669377910651
TRINITY_GG_80484_c0_g1	-1.12491185445597	-1.2933209420876	-1.37466056953954	1.1794370682958	2.05039584156505	0.563060456222255
TRINITY_GG_73718_c1_g1	-1.05498806832557	-1.05498806832557	-1.05498806832557	1.98239415367751	0.559486214512131	0.623083836787068
TRINITY_GG_27060_c0_g1	-0.881025996760483	-0.881025996760483	-0.881025996760483	0.647045167818252	1.09129904479667	0.904733777666528
TRINITY_GG_58070_c0_g1	-1.4527870904856	-1.4527870904856	-1.4527870904856	1.4396039354278	1.57931375268142	1.33944358334758
TRINITY_GG_96188_c20_g1	-1.31088023059435	-1.31088023059435	-1.31088023059435	1.23137781917257	1.61625770837415	1.08500516423634
TRINITY_GG_21127_c28_g1	0.0600358485791224	2.28831903048815	1.40081238946927	-1.24972242284551	-1.24972242284551	-1.24972242284551
TRINITY_GG_98348_c1_g1	-1.31209356113843	-1.31209356113843	-1.31209356113843	1.5092084787511	0.946726835737982	1.48034536892621
TRINITY_GG_46109_c1_g1	-1.15464039298445	-1.15464039298445	-1.15464039298445	1.1574438685303	1.2708189117809	1.03565839864214
TRINITY_GG_61266_c0_g1	1.60993467456008	1.20790857372617	1.92411560772558	-1.70780352642185	-1.41855924126521	-1.61559608832476
TRINITY_GG_92330_c0_g1	1.48765833614936	2.80889082905655	0.609984455813463	-1.63551120700646	-1.63551120700646	-1.63551120700646
TRINITY_GG_15064_c14_g1	-1.20046887217016	-1.20046887217016	-1.20046887217016	0.897141924456262	1.98063367858364	0.723631013470581
TRINITY_GG_22356_c41_g5	-1.14820195764212	-1.14820195764212	-1.14820195764212	0.852519209601538	1.6850929667248	0.906993696600009
TRINITY_GG_86295_c2_g1	-0.894223584442009	-0.894223584442009	-0.894223584442009	1.536329325127	0.729643277410689	0.416698150788335
TRINITY_GG_29698_c0_g1	-0.944212179740885	-0.944212179740885	-0.944212179740885	0.435408782314823	1.84676832500117	0.550459431906665
TRINITY_GG_55147_c0_g1	-1.11682550164156	-1.11682550164156	-1.11682550164156	0.803848909400054	2.69997897319131	-0.153351377666678
TRINITY_GG_11021_c3_g5	0.58917608244771	2.04769373523823	0.572635448565382	-1.06983508875044	-1.06983508875044	-1.06983508875044
TRINITY_GG_83433_c33_g2	-0.942895244424589	-0.942895244424589	-0.942895244424589	1.79197692383149	0.685645074838171	0.351063734604105
TRINITY_GG_90402_c0_g1	-1.38768649499328	-1.38768649499328	-1.38768649499328	1.12479325192635	1.60526316748757	1.43300306556593
TRINITY_GG_14251_c0_g1	-1.60332655853328	-1.60332655853328	-1.60332655853328	2.2169545379686	0.789815025959348	1.80321011167189
TRINITY_GG_50125_c1_g1	-0.908972659985859	-0.908972659985859	-0.908972659985859	1.36454322971626	0.364841584601177	0.997533165640144
TRINITY_GG_84219_c5_g1	-1.18424721637239	-1.18424721637239	-1.18424721637239	0.526366386010289	1.57788895352873	1.44848630957815
TRINITY_GG_54235_c3_g3	-1.19803925473324	-1.19803925473324	-1.19803925473324	0.715759710217452	1.65874729155484	1.21961076242744
TRINITY_GG_89272_c20_g1	-1.23692914387007	-1.23692914387007	-1.23692914387007	0.7752819400808	1.63017658563258	1.30532890589684
TRINITY_GG_103343_c4_g1	-1.05028577442247	-1.05028577442247	-1.05028577442247	1.64659831643298	-0.0596939018348878	1.56395290866932
TRINITY_GG_71241_c0_g1	-1.15179797680247	-1.15179797680247	-1.15179797680247	0.535710683918255	1.45606492602876	1.4636183204604
TRINITY_GG_28018_c13_g1	-1.02444828091308	-1.02444828091308	-1.02444828091308	1.19278243530759	1.04146863716514	0.839093770266502
TRINITY_GG_26865_c1_g1	-0.960030215996192	-0.960030215996192	-0.960030215996192	0.601662505402117	1.12709312765501	1.15133501493145
TRINITY_GG_48473_c0_g1	-1.17566039825543	-1.17566039825543	-1.17566039825543	0.372776226440612	2.41530084308717	0.73890412523851
TRINITY_GG_38662_c0_g1	-1.07466707033051	-1.07466707033051	-1.07466707033051	1.02765512086618	1.27101316045585	0.925332929669493
TRINITY_GG_13670_c67_g1	-1.37911397435337	-1.37911397435337	-1.37911397435337	-0.914445707349931	2.53008308863831	2.52170454177174
TRINITY_GG_10216_c0_g1	-1.19537470821271	-1.19537470821271	-1.19537470821271	0.999972890109512	1.61609632231713	0.970054912211479
TRINITY_GG_41528_c1_g1	-1.38502648833446	-1.38502648833446	-1.38502648833446	1.8065361623663	2.76861673807073	-0.420073435433658
TRINITY_GG_74463_c0_g1	-1.03090025156289	-1.03090025156289	-1.03090025156289	0.781803324997398	1.0308759460238	1.28002148366746
TRINITY_GG_34102_c0_g1	-1.41613243630832	-1.46927638378385	-1.56148382188094	2.46221509538547	1.70620178097905	0.278475765608592
TRINITY_GG_15780_c99_g1	-0.988575222753827	-0.988575222753827	-0.988575222753827	1.26087011833201	1.12978450319923	0.575071046730237
TRINITY_GG_70567_c53_g1	-0.913937316439609	-0.913937316439609	-0.913937316439609	1.00940205519254	0.705240899619461	1.02716899450682
TRINITY_GG_70592_c23_g1	-1.08600904427353	-1.08600904427353	-1.08600904427353	-0.178349216420239	1.69030554084269	1.74607080839813
TRINITY_GG_84075_c1_g1	-1.16220094330803	-1.16220094330803	-1.16220094330803	2.28021180847478	-0.693357000333396	1.89974802178271
TRINITY_GG_92051_c0_g1	1.85213675069957	2.91131448435531	1.47195566337424	-1.86508518507448	-2.20342379468988	-2.16689791866476
TRINITY_GG_12807_c53_g1	-1.31978659940918	-1.31978659940918	-1.31978659940918	2.05191164729457	0.949845051531264	0.957603099401689
TRINITY_GG_74727_c20_g1	-1.02120988028103	-1.02120988028103	-1.02120988028103	0.514345453118285	1.28184020440065	1.26744398332414
TRINITY_GG_13670_c2_g2	1.95690151541013	1.68263312916426	0.479714758470482	-1.37308313434829	-1.37308313434829	-1.37308313434829
TRINITY_GG_24991_c0_g1	-1.32585437605128	-1.32585437605128	-1.32585437605128	0.193184233548774	2.17609424030239	1.60828465430269
TRINITY_GG_26875_c33_g1	-1.00717240209392	-1.00717240209392	-1.00717240209392	0.152456783727304	2.40791018070052	0.461150241853944
TRINITY_GG_97226_c0_g1	-0.925266766485509	-0.925266766485509	-0.925266766485509	1.15026586468185	0.913886620904312	0.711647813870368
TRINITY_GG_85695_c3_g2	-1.10737391269309	-1.10737391269309	-1.10737391269309	2.34297957122311	0.916591078106953	0.0625510887492193
TRINITY_GG_84219_c5_g2	-1.5516059555457	-1.68217129382953	-2.24581756331359	0.834498997053123	2.00241364343517	2.64268217220053
TRINITY_GG_62216_c0_g1	-1.37333751493371	-1.37333751493371	-1.37333751493371	0.937002605678446	2.67664168777409	0.506368251348583
TRINITY_GG_28498_c0_g1	4.07427220348637	3.96644350467391	-1.84586063335542	-2.06495169160162	-2.06495169160162	-2.06495169160162
TRINITY_GG_88681_c54_g1	-1.24904754752949	-1.24904754752949	-1.24904754752949	0.430376250583108	1.40102766139151	1.91573873061385
TRINITY_GG_32392_c10_g1	-1.41827567918887	-1.41827567918887	-1.41827567918887	1.25369698156119	1.43372315792358	1.56740689808184
TRINITY_GG_85036_c15_g1	-0.978815685783385	-0.978815685783385	-0.978815685783385	0.373377851961647	1.30983817782178	1.25323102756672
TRINITY_GG_89441_c5_g1	0.833327737825429	1.31203155115603	0.625727237064633	-0.92369550868203	-0.92369550868203	-0.92369550868203
TRINITY_GG_302_c1_g1	-1.06591293161756	-1.06591293161756	-1.06591293161756	0.926492967414095	0.978481187740898	1.29276463969767
TRINITY_GG_97732_c21_g1	-1.10019071985228	-1.10019071985228	-1.10019071985228	0.338102131726865	1.79782409921448	1.1646459286155
TRINITY_GG_73780_c1_g2	-1.15020995109994	-1.15020995109994	-1.15020995109994	0.605532228245449	2.62346995882389	0.22162766623048
TRINITY_GG_50282_c0_g1	-1.92478834840488	-2.23621957879779	-2.72884190737223	1.07665692760669	4.06617170874892	1.74702119821929
TRINITY_GG_48585_c0_g1	-0.904800364368589	-0.904800364368589	-0.904800364368589	0.409606143186231	0.926266146236484	1.37852880368305
TRINITY_GG_53831_c1_g1	-0.270144491605002	3.18059990483827	0.44877509503609	-1.11974350275645	-1.11974350275645	-1.11974350275645
TRINITY_GG_50452_c2_g1	-0.974173178729579	-0.974173178729579	-0.974173178729579	1.24367791808155	1.10852941060067	0.570312207506512
TRINITY_GG_27588_c1_g1	2.60916475131638	1.51915784203546	2.54604113618641	-2.22478790984608	-2.22478790984608	-2.22478790984608
TRINITY_GG_74995_c0_g1	-1.73201451670805	-1.73201451670805	-1.73201451670805	0.378014576091318	2.39413238484639	2.42389658918643
TRINITY_GG_95117_c0_g1	-0.983142496465548	-0.983142496465548	-0.983142496465548	1.62755756566922	1.04860556639873	0.273264357328697
TRINITY_GG_56516_c2_g1	-1.55318465478911	-1.55318465478911	-1.55318465478911	1.09067153498561	2.03885371592187	1.53002871345987
TRINITY_GG_11675_c15_g4	-0.890426898460378	-0.890426898460378	-0.890426898460378	1.17342114492167	0.968747557406057	0.529111993053406
TRINITY_GG_78538_c14_g1	-1.1814622226199	-1.1814622226199	-1.1814622226199	0.87962269798141	2.17538585661662	0.489378113261663
TRINITY_GG_8659_c2_g3	0.973785014391466	0.927596041015632	0.892161057470583	-0.93118070429256	-0.93118070429256	-0.93118070429256
TRINITY_GG_13161_c0_g1	-1.01422610846986	-1.01422610846986	-1.01422610846986	0.898806891482278	1.81440547321816	0.329465960709156
TRINITY_GG_36321_c0_g1	-1.61625881866086	-1.61625881866086	-1.61625881866086	1.98282088690399	2.47789278178935	0.388062787289233
TRINITY_GG_87154_c26_g1	-0.951413980041228	-0.951413980041228	-0.951413980041228	0.94000520680485	1.31672094388366	0.597515789435172
TRINITY_GG_74043_c80_g1	-1.04560516615322	-1.04560516615322	-1.04560516615322	0.963742006106036	1.18551999172583	0.987553500627781
TRINITY_GG_9894_c0_g1	2.75313406780353	2.46117358339624	2.72749405818779	-2.64726723646252	-2.64726723646252	-2.64726723646252
TRINITY_GG_79552_c0_g2	2.02984716833986	1.95647135712772	1.44945564610334	-1.81192472385697	-1.81192472385697	-1.81192472385697
TRINITY_GG_97728_c0_g1	-1.13581259863488	-1.13581259863488	-1.13581259863488	2.05448619299172	-0.0490288324928105	1.40198043540573
TRINITY_GG_14327_c88_g1	-0.987977520823138	-0.987977520823138	-0.987977520823138	0.671490416261648	0.118370798682009	2.17407134752576
TRINITY_GG_90633_c1_g2	-0.992530266407618	-0.992530266407618	-0.992530266407618	1.16774456500097	1.43668396343197	0.373162270789914
TRINITY_GG_12799_c25_g1	-0.917899602109055	-0.917899602109055	-0.917899602109055	1.0149175006328	1.31014944577541	0.428631859918964
TRINITY_GG_11129_c28_g1	-0.963593304254601	-0.963593304254601	-0.963593304254601	1.31081746506324	1.34004134082441	0.239921106876158
TRINITY_GG_12582_c19_g1	-0.931757281936373	-0.931757281936373	-0.931757281936373	1.17827181086299	1.24424627507254	0.37275375987358
TRINITY_GG_70560_c34_g3	-0.935819961637289	-0.935819961637289	-0.935819961637289	1.11520404138718	0.835220452799489	0.8570353907252
TRINITY_GG_66959_c1_g1	-0.954701667208945	-0.954701667208945	-0.954701667208945	1.71432509830069	0.178861858532161	0.97091804479399
TRINITY_GG_79029_c0_g1	-1.08755111284314	-1.08755111284314	-1.08755111284314	1.19221730875045	1.40096389611467	0.669472133664315
TRINITY_GG_78905_c0_g1	-1.20621382164583	-1.20621382164583	-1.20621382164583	0.362791105172346	0.542247411358201	2.71360294840695
TRINITY_GG_29892_c0_g1	1.68794138299943	-0.119967165466932	1.48016144505949	-1.016045220864	-1.016045220864	-1.016045220864
TRINITY_GG_20822_c19_g1	-1.29073662140718	-1.29073662140718	-1.29073662140718	2.09317498958914	1.17602099431899	0.60301388031339
TRINITY_GG_12518_c237_g1	-1.24066676473267	-1.24066676473267	-1.24066676473267	1.45866276094049	0.49268757588116	1.77064995737635
TRINITY_GG_61213_c2_g1	-1.51255916999181	-1.51255916999181	-1.51255916999181	0.814840776105608	1.90455071423823	1.8182860196316
TRINITY_GG_12734_c5_g1	-0.906329284083375	-0.906329284083375	-0.906329284083375	0.851547375664522	0.408077223471445	1.45936325311416
TRINITY_GG_105952_c3_g3	-1.09398393617155	-1.09398393617155	-1.09398393617155	0.593972557872936	1.05949716234215	1.62848208829955
TRINITY_GG_15082_c10_g1	-1.7888320938025	-1.33957429373534	-2.08631700951308	2.47494802039301	1.24137035466297	1.49840502199494
TRINITY_GG_60926_c1_g1	-1.49995207893452	-1.49995207893452	-1.49995207893452	1.37031399146146	2.11499328800235	1.01454895733976
TRINITY_GG_93896_c1_g1	0.940685136698179	0.639249316030576	1.56215532962629	-1.04736326078501	-1.04736326078501	-1.04736326078501
TRINITY_GG_72161_c5_g1	-1.03390677478675	-1.03390677478675	-1.03390677478675	0.311489600604522	1.36444359555922	1.4257871281965
TRINITY_GG_15055_c3_g1	-1.57644366068098	-1.57644366068098	-1.57644366068098	0.2038664383624	3.05471884064905	1.47074570303148
TRINITY_GG_79552_c0_g1	2.63480230181497	1.90955174819981	1.00829232939613	-1.8508821264703	-1.8508821264703	-1.8508821264703
TRINITY_GG_86555_c0_g1	2.5030896400666	3.12287058035998	1.46032455988355	-2.44283974426668	-2.27553594419347	-2.36790909184997
TRINITY_GG_75749_c3_g2	-1.77400330093354	-1.77400330093354	-1.77400330093354	-1.52546846479487	3.12604232557776	3.72143604201774
TRINITY_GG_46212_c0_g1	-1.56085056776276	-1.56085056776276	-1.56085056776276	1.5062718252034	2.51185551597809	0.664424362106805
TRINITY_GG_20548_c0_g3	-1.35565808696476	-1.35565808696476	-1.35565808696476	1.14463408976941	0.74431033019013	2.17802984093473
TRINITY_GG_11569_c1_g1	-0.968475637015776	-0.968475637015776	-0.968475637015776	0.687791897778513	1.49279097147302	0.724844041795799
TRINITY_GG_101805_c0_g1	-0.88871805144863	-0.88871805144863	-0.88871805144863	0.63434201034662	1.15287539721055	0.878936746788717
TRINITY_GG_15082_c27_g1	-1.19881164923832	-1.19881164923832	-1.19881164923832	-0.487757327426255	1.89068650160078	2.19350577354044
TRINITY_GG_98522_c0_g1	2.159304717266	0.920465385546605	0.819823605186245	-1.29986456933295	-1.29986456933295	-1.29986456933295
TRINITY_GG_28532_c3_g1	-1.45212005195312	-1.45212005195312	-1.45212005195312	1.04101487035239	1.55489599860927	1.76044928689769
TRINITY_GG_21429_c2_g1	1.90996803558286	0.821438721688964	0.226341843834095	-0.98591620036864	-0.98591620036864	-0.98591620036864
TRINITY_GG_33358_c0_g1	-1.74027117250085	-1.74027117250085	-1.74027117250085	2.51432287053229	1.89733907372444	0.809151573245815
TRINITY_GG_21886_c0_g1	-0.948461640476484	-0.948461640476484	-0.948461640476484	0.894316104818954	0.385534477719969	1.56553433889053
TRINITY_GG_46638_c0_g1	-0.942331083843353	-0.942331083843353	-0.942331083843353	1.31498132184226	1.29859378085321	0.213418148834592
TRINITY_GG_21255_c0_g1	-1.27165626093141	-1.27165626093141	-1.27165626093141	1.86551934031663	0.609225136306243	1.34022430617135
TRINITY_GG_71950_c91_g1	-1.00739320475259	-1.00739320475259	-1.00739320475259	1.11129874803922	0.163172852039483	1.74770801417905
TRINITY_GG_13752_c0_g1	-1.82456220680706	-1.82456220680706	-1.82456220680706	3.89596252449612	3.24912951467068	-1.67140541874563
TRINITY_GG_14445_c6_g2	-0.983489982035873	-0.983489982035873	-0.983489982035873	0.108040611084743	1.30486858015779	1.53756075486509
TRINITY_GG_76390_c0_g1	-0.959041158476773	-0.959041158476773	-0.959041158476773	0.291920415056446	1.93354415671588	0.651658903657992
TRINITY_GG_14424_c54_g1	-1.39286188925961	-1.39286188925961	-1.39286188925961	-0.595433807107298	2.48340947129052	2.29061000359562
TRINITY_GG_54767_c5_g1	-1.4469529474183	-1.4469529474183	-1.4469529474183	1.41698550300567	0.553407681265217	2.370465657984
TRINITY_GG_95270_c2_g2	-1.03311425081643	-1.03311425081643	-1.03311425081643	0.276061936662089	1.71856369487115	1.10471712091603
TRINITY_GG_80837_c67_g1	-1.32925957224004	-1.32925957224004	-1.32925957224004	1.46650737554235	0.893544988805223	1.62772635237254
TRINITY_GG_85343_c1_g1	-1.35787206138555	-1.35787206138555	-1.35787206138555	1.14954203762989	1.28990293174063	1.63417121478611
TRINITY_GG_60610_c0_g1	0.957726903219351	1.1324054346323	1.18662456061367	-1.09225229948844	-1.09225229948844	-1.09225229948844
TRINITY_GG_89342_c18_g1	-1.12425199884579	-1.12425199884579	-1.12425199884579	-0.186154437771698	-0.0858158171896832	3.64472625149876
TRINITY_GG_17175_c74_g1	0.617796989663246	1.47037270116574	0.82197436794411	-0.970048019591031	-0.970048019591031	-0.970048019591031
TRINITY_GG_13738_c22_g1	-1.24345561708708	-1.24345561708708	-1.24345561708708	1.65726631047704	0.690117021173948	1.38298351961024
TRINITY_GG_53062_c0_g1	-1.14981331810753	-1.14981331810753	-1.14981331810753	1.32033304893397	1.14502795329861	0.984078952090022
TRINITY_GG_79138_c33_g1	0.86019846967076	3.32338940711354	3.07913090904019	-2.4209062619415	-2.4209062619415	-2.4209062619415
TRINITY_GG_100138_c0_g2	-1.05051747231994	-1.05051747231994	-1.05051747231994	0.672385666240513	0.751055097143662	1.72811165357563
TRINITY_GG_17396_c33_g1	-1.28376097763262	-1.28376097763262	-1.28376097763262	1.06220305271025	1.27915302127948	1.50992685890813
TRINITY_GG_81815_c13_g1	-0.973925423710631	-0.973925423710631	-0.973925423710631	0.242684645031811	1.59678036482644	1.08231126127364
TRINITY_GG_100415_c34_g1	-1.63797724141902	-1.63797724141902	-1.63797724141902	1.05176919707454	2.9265228742355	0.935639652947009
TRINITY_GG_28052_c7_g3	-0.946238490984088	-0.946238490984088	-0.946238490984088	1.42280915247183	0.592796211986666	0.823110108493771
TRINITY_GG_22192_c0_g1	-1.60156765322609	-1.60156765322609	-1.60156765322609	2.04597711648287	1.76622273956996	0.992503103625446
TRINITY_GG_77253_c0_g1	-1.07158263954418	-1.07158263954418	-1.07158263954418	0.796313824448477	1.09962418787396	1.31880990631009
TRINITY_GG_81742_c135_g1	-1.01792129032474	-1.01792129032474	-1.01792129032474	0.0310123548731807	2.22879081020712	0.793960705893926
TRINITY_GG_89598_c1_g1	-1.27016996072005	-1.27016996072005	-1.27016996072005	2.11857064406721	-0.00653455715172235	1.69847379524467
TRINITY_GG_104080_c0_g1	-0.987766561703112	-0.987766561703112	-0.987766561703112	1.75962083794961	0.227601410500368	0.976077436659363
TRINITY_GG_51660_c0_g1	1.54793244131847	1.31509148655046	2.14030579704371	-1.88622871116739	-1.39565858072119	-1.72144243302405
TRINITY_GG_102403_c0_g1	-1.13339746727151	-1.13339746727151	-1.13339746727151	1.63869932492418	0.00541700163076819	1.7560760752596
TRINITY_GG_62914_c0_g1	-1.04895484321358	-1.04895484321358	-1.04895484321358	0.649708156672306	0.662099478598488	1.83505689436994
TRINITY_GG_61526_c0_g2	-2.20987871057412	-2.20987871057412	-2.20987871057412	1.97336958470744	2.43887432241545	2.21739222459947
TRINITY_GG_27600_c1_g1	0.850447164608837	1.0986707586576	1.03149211505203	-0.99353667943949	-0.99353667943949	-0.99353667943949
TRINITY_GG_78969_c0_g5	-1.27198793453928	-1.27198793453928	-1.27198793453928	-0.7752699466041	2.13835317007481	2.45288058014712
TRINITY_GG_27154_c0_g1	2.11398595857373	1.81362777220877	0.213291171702823	-1.38030163416177	-1.38030163416177	-1.38030163416177
TRINITY_GG_93202_c0_g1	-1.51009169200185	-1.51009169200185	-1.51009169200185	1.96564173896455	0.244368281623629	2.32026505541737
TRINITY_GG_16287_c53_g1	2.17020635731805	1.27945586865097	1.21792348553067	-1.55586190383323	-1.55586190383323	-1.55586190383323
TRINITY_GG_11957_c8_g1	-1.21107806730392	-1.21107806730392	-1.21107806730392	1.7416282403263	1.39560103711767	0.496004924467786
TRINITY_GG_92679_c1_g1	-1.9258293495233	-1.9258293495233	-1.9258293495233	1.73455168571911	2.54223257425743	1.50070378859337
TRINITY_GG_17947_c45_g1	-1.14931571781163	-1.14931571781163	-1.14931571781163	1.81193716624658	0.71699884356542	0.919011143622879
TRINITY_GG_84833_c0_g1	-0.995140422467302	-0.995140422467302	-0.995140422467302	0.417912006081225	1.21867342372045	1.34883583760023
TRINITY_GG_28538_c0_g1	-0.928195592253851	-0.928195592253851	-0.928195592253851	0.952294034433969	0.402936329963351	1.42935641236423
TRINITY_GG_100295_c5_g1	-1.19703048868447	-1.19703048868447	-1.19703048868447	1.9360397798722	-0.870493140544517	2.52554482672572
TRINITY_GG_19144_c40_g1	-1.13033107497932	-1.13033107497932	-1.13033107497932	1.29459101323137	1.09185523234279	1.00454697936379
TRINITY_GG_22497_c5_g1	-0.955897233249553	-0.955897233249553	-0.955897233249553	0.414267047290657	0.802405943882349	1.65101870857565
TRINITY_GG_21709_c0_g1	-1.34213108552903	-1.34213108552903	-1.34213108552903	1.45488189230711	1.04495568448688	1.5265556797931
TRINITY_GG_91777_c0_g1	-1.75610115814356	-1.75610115814356	-1.75610115814356	1.5559831033712	2.23576077241276	1.47655959864672
TRINITY_GG_101181_c97_g1	-1.05102248544979	-1.05102248544979	-1.05102248544979	0.740583239254759	0.763732997360081	1.64875121973454
TRINITY_GG_16358_c11_g3	-1.28481815085238	-1.28481815085238	-1.28481815085238	1.1441281939171	1.61164746533705	1.09867879330299
TRINITY_GG_1429_c0_g2	-1.00769167355931	-1.00769167355931	-1.00769167355931	1.13537515881876	0.545177197451996	1.34252266440717
TRINITY_GG_14646_c55_g1	-1.00595789513621	-1.00595789513621	-1.00595789513621	0.356932747529645	1.43393115248356	1.22700978539543
TRINITY_GG_77665_c0_g1	-1.23379626744681	-1.23379626744681	-1.23379626744681	1.01837714575522	-0.0728760792657079	2.75588773585092
TRINITY_GG_19636_c22_g1	-2.04246554460935	-2.46678864637584	-2.12955116137306	4.00659464314051	3.9162606684235	-1.28404995920576
TRINITY_GG_48046_c0_g1	-1.77942596468794	-1.77942596468794	-1.77942596468794	1.19583735699056	1.41071476667656	2.73172577039669
TRINITY_GG_87228_c2_g1	2.1147553138395	2.08021026100207	1.78483617118913	-1.9932672486769	-1.9932672486769	-1.9932672486769
TRINITY_GG_16314_c19_g1	-2.1282425473357	-2.1282425473357	-2.1282425473357	2.30965097913847	1.97180999933729	2.10326666353134
TRINITY_GG_35385_c0_g1	-1.19155654544808	-1.19155654544808	-1.19155654544808	0.971620120745535	0.643559069810143	1.95949044578855
TRINITY_GG_17519_c31_g2	-1.08084223062721	-1.08084223062721	-1.08084223062721	0.780716188944814	0.687659716807045	1.77415078612979
TRINITY_GG_34202_c3_g1	0.360329787528008	1.10502930260117	1.71873529082767	-1.06136479365228	-1.06136479365228	-1.06136479365228
TRINITY_GG_78406_c25_g1	1.46660833855388	1.00398395220171	1.45283700590022	-1.30780976555194	-1.30780976555194	-1.30780976555194
TRINITY_GG_35471_c2_g1	-0.408456501191415	1.39062026275785	2.2037617542686	-1.06197517194501	-1.06197517194501	-1.06197517194501
TRINITY_GG_52967_c0_g1	-1.31123769586173	-1.31123769586173	-1.31123769586173	0.651866458873822	1.82183257269494	1.46001405601641
TRINITY_GG_45415_c0_g2	-1.12152198093025	-1.12152198093025	-1.12152198093025	1.05575801503908	0.135488637275776	2.17331929047589
TRINITY_GG_97193_c2_g1	-2.23087426592601	-2.23087426592601	-2.23087426592601	2.20775127216237	3.01674949027024	1.46812203534541
TRINITY_GG_84255_c0_g1	-0.894095532143678	-0.894095532143678	-0.894095532143678	0.266824656037425	1.17698062986728	1.23848131052633
TRINITY_GG_11568_c3_g1	1.68366602419886	1.4055395417657	0.510658810295867	-1.19995479208681	-1.19995479208681	-1.19995479208681
TRINITY_GG_5998_c0_g1	-1.1693413449066	-1.1693413449066	-1.1693413449066	1.08101392685644	1.26895150667254	1.15805860119082
TRINITY_GG_27064_c0_g1	-1.05576301385815	-1.05576301385815	-1.05576301385815	0.958949337663221	0.962515071166198	1.24582463274504
TRINITY_GG_104025_c0_g1	-1.06307237090732	-1.06307237090732	-1.06307237090732	1.50690472241725	0.307091909632889	1.37522048067183
TRINITY_GG_68510_c3_g1	1.55747723428022	-0.249361917632745	3.22546541250717	-1.51119357638488	-1.51119357638488	-1.51119357638488
TRINITY_GG_85853_c2_g3	-1.25906785726914	-1.25906785726914	-1.25906785726914	-0.0968578209548308	3.15310394979265	0.720957442969596
TRINITY_GG_25641_c0_g1	1.36823454919887	1.1535539475763	0.754949265748254	-1.09224592084114	-1.09224592084114	-1.09224592084114
TRINITY_GG_102726_c0_g1	-2.2077959948119	-2.2077959948119	-2.2077959948119	2.22228851813482	2.06385377764531	2.33724568865557
TRINITY_GG_104368_c0_g1	-1.40081687381521	-1.40081687381521	-1.40081687381521	2.26434846835557	2.69460124856771	-0.756499095477636
TRINITY_GG_70594_c43_g1	-1.05606289035085	-1.05606289035085	-1.05606289035085	1.45337960272933	0.877509747910178	0.837299320413026
TRINITY_GG_26156_c0_g1	0.541774825683393	0.287314716260515	2.18200861352645	-1.00369938515679	-1.00369938515679	-1.00369938515679
TRINITY_GG_94680_c0_g2	-1.09973583596617	-1.09973583596617	-1.09973583596617	1.08327420079608	0.783102819801083	1.43283048730134
TRINITY_GG_63752_c0_g1	1.92078836337247	0.613557996966452	0.707614472065398	-1.08065361080144	-1.08065361080144	-1.08065361080144
TRINITY_GG_15934_c51_g1	-1.10968756867108	-1.10968756867108	-1.10968756867108	0.514647320774011	1.03696765344839	1.77744773179083
TRINITY_GG_101693_c4_g1	-1.06723042653762	-1.06723042653762	-1.06723042653762	2.09207582810355	-0.229690792158221	1.33930624366755
TRINITY_GG_85722_c9_g2	-0.925156105459864	-0.925156105459864	-0.925156105459864	0.673685472673421	0.627220965635005	1.47456187807117
TRINITY_GG_27309_c9_g1	-1.19114334648403	-1.19114334648403	-1.19114334648403	0.784119975194463	0.398620140500946	2.39068992375668
TRINITY_GG_98187_c1_g1	-1.02975970890952	-1.11520001112011	-1.9800498438938	1.49172835139583	1.67601603554702	0.957265176980587
TRINITY_GG_65025_c1_g1	-2.00719169640665	-2.00719169640665	-2.00719169640665	1.75760029516581	2.04704901930136	2.21692577475278
TRINITY_GG_23033_c63_g1	-0.994104348365909	-0.994104348365909	-0.994104348365909	0.299266135838844	1.00336872360505	1.67967818565383
TRINITY_GG_15392_c8_g1	-1.55589142473918	-1.55589142473918	-1.55589142473918	2.6301336497785	0.591089572484048	1.446451051955
TRINITY_GG_15305_c58_g1	-1.34681154684445	-1.34681154684445	-1.34681154684445	2.34996128933264	0.087749965028155	1.60272338617256
TRINITY_GG_98108_c0_g1	-1.23960252127762	-1.23960252127762	-1.23960252127762	1.20929842986751	0.954799770660957	1.55470936330439
TRINITY_GG_15528_c0_g1	1.74364486576391	1.88547166774148	1.14322464191369	-1.59078039180636	-1.59078039180636	-1.59078039180636
TRINITY_GG_71852_c2_g1	-1.15385690003809	-1.15385690003809	-1.15385690003809	0.494608542989223	1.61061665095458	1.35634550617048
TRINITY_GG_66298_c4_g1	-0.964458173547397	-0.964458173547397	-0.964458173547397	1.13752799923834	1.75757060435545	-0.00172408295159443
TRINITY_GG_103334_c5_g1	-1.72736398105905	-1.12529551441311	-1.34924648293846	2.1515137837567	1.24904622143322	0.801345973220692
TRINITY_GG_91209_c6_g1	-1.03459919201214	-1.03459919201214	-1.03459919201214	1.35221175446007	1.24665394211435	0.504931879462007
TRINITY_GG_77858_c2_g1	-0.925074431839936	-0.925074431839936	-0.925074431839936	1.02315261203923	1.07022917349531	0.681841509985269
TRINITY_GG_69538_c20_g1	-0.967079622804004	-0.967079622804004	-0.967079622804004	1.44624365809506	0.888511484906447	0.566483725410508
TRINITY_GG_66070_c0_g1	-0.888321587054141	-0.888321587054141	-0.888321587054141	1.42405315972101	0.754610982304345	0.486300619137067
TRINITY_GG_74971_c0_g1	0.791369783027777	0.751273982407471	1.27679661019802	-0.939813458544423	-0.939813458544423	-0.939813458544423
TRINITY_GG_100275_c2_g3	-1.13885362501393	-1.13885362501393	-1.13885362501393	0.619023034733966	2.14728824782037	0.650249592487451
TRINITY_GG_10952_c53_g1	-0.894276261438989	-0.894276261438989	-0.894276261438989	1.18228283369262	1.14871820217942	0.351827748444928
TRINITY_GG_70588_c1_g2	-1.69330251627037	-1.99960437600833	-2.35687485168789	2.54428167348526	1.89529856151414	1.61020150896719
TRINITY_GG_50794_c0_g1	1.72473958980909	1.55963029080242	1.33411980309187	-1.53949656123446	-1.53949656123446	-1.53949656123446
TRINITY_GG_17788_c0_g1	-1.27383366051467	-1.27383366051467	-1.27383366051467	0.800671775848964	1.97909663589075	1.04173256980428
TRINITY_GG_89904_c0_g1	-0.886139222311443	-0.886139222311443	-0.886139222311443	0.468877041908107	0.938832243144784	1.25070838188144
TRINITY_GG_25868_c0_g1	-1.16598875256087	-1.16598875256087	-1.16598875256087	0.213632209494841	1.9462109367398	1.33812311144796
TRINITY_GG_80828_c14_g1	-1.67218376719536	-1.67218376719536	-1.67218376719536	0.899250348681145	2.01633232308626	2.10096862981869
TRINITY_GG_93380_c0_g2	-0.937332525113993	-0.937332525113993	-0.937332525113993	1.53827121957061	0.386902037156538	0.886824318614836
TRINITY_GG_88255_c2_g2	-1.23488332432577	-1.23488332432577	-1.23488332432577	2.32570936267621	1.57679320368192	-0.197852593380807
TRINITY_GG_41056_c0_g1	-1.09957676157805	-1.09957676157805	-1.09957676157805	1.23727787754741	0.88483030373256	1.17662210345419
TRINITY_GG_72592_c158_g1	-0.949979666967321	-0.949979666967321	-0.949979666967321	0.812156502933791	0.582586656300192	1.45519584166798
TRINITY_GG_12799_c20_g4	-1.21069397968374	-1.21069397968374	-1.21069397968374	1.30683369065353	0.700422326694482	1.6248259217032
TRINITY_GG_22241_c37_g1	-1.17894766554651	-1.17894766554651	-1.17894766554651	0.89315813493391	0.623038698568108	2.02064616313751
TRINITY_GG_87045_c19_g1	-1.37466428338957	-1.37466428338957	-1.37466428338957	1.22655680219538	1.4014397046836	1.49599634328972
TRINITY_GG_13617_c49_g1	1.65442314130276	1.68147121469643	0.83034470468485	-1.38874635356135	-1.38874635356135	-1.38874635356135
TRINITY_GG_97193_c3_g1	-1.71632427635525	-1.71632427635525	-1.71632427635525	1.37198695953341	2.64031255827428	1.13667331125807
TRINITY_GG_14452_c74_g1	1.37319877589885	2.45693800189642	0.981007329182195	-1.60371470232582	-1.60371470232582	-1.60371470232582
TRINITY_GG_71826_c0_g1	1.91644504055213	2.15982553993693	1.48624723782317	-1.85417260610407	-1.85417260610407	-1.85417260610407
TRINITY_GG_12677_c0_g1	-0.915339035000213	-0.915339035000213	-0.915339035000213	0.373314828604956	1.69062932384125	0.682072952554437
TRINITY_GG_26867_c0_g2	-0.946088676062974	-0.946088676062974	-0.946088676062974	0.704216352857054	0.925360739614026	1.20868893571784
TRINITY_GG_84335_c23_g3	-0.961340631033204	-0.961340631033204	-0.961340631033204	0.460892369649844	1.34462988995118	1.07849963349859
TRINITY_GG_96121_c0_g1	-0.906945787089008	-0.906945787089008	-0.906945787089008	0.371633763369415	1.1314903945671	1.21771320333051
TRINITY_GG_20466_c3_g1	2.65202499431652	-0.14221653173317	2.18999514723045	-1.56660120327127	-1.56660120327127	-1.56660120327127
TRINITY_GG_2563_c0_g1	-1.25032137633872	-1.25032137633872	-1.25032137633872	-0.647199506498725	2.51574367513623	1.88241996037866
TRINITY_GG_11004_c2_g1	3.83511737371936	2.8210209941491	-0.436348656700207	-2.07326323705608	-2.07326323705608	-2.07326323705608
TRINITY_GG_103012_c0_g1	-1.37649661477063	-1.37649661477063	-1.37649661477063	1.78184041239647	2.45152559202305	-0.103876160107638
TRINITY_GG_14646_c20_g2	-1.10540950555138	-1.10540950555138	-1.10540950555138	0.335011215205383	2.1425180078922	0.83869929355657
TRINITY_GG_13095_c2_g1	-1.14827291148885	-1.14827291148885	-1.14827291148885	0.238538034983365	1.10601877483337	2.10026192464983
TRINITY_GG_12835_c6_g1	-0.953668956125025	-0.953668956125025	-0.953668956125025	0.917780459551976	1.07029603467502	0.872930374148077
TRINITY_GG_21276_c48_g2	-1.30139418061854	-1.30139418061854	-1.30139418061854	2.22592642725851	1.41844637444573	0.259809740151381
TRINITY_GG_72125_c4_g1	-1.2531246668104	-1.2531246668104	-1.2531246668104	1.46408563220919	0.2918552164454	2.00343315177662
TRINITY_GG_78099_c0_g1	-0.931612020065962	-0.931612020065962	-0.931612020065962	0.445233993950358	0.782963218785664	1.56663884746186
TRINITY_GG_20519_c0_g1	-1.4009510809839	-1.51864612365366	-1.51864612365366	0.515217328212626	3.03133101911817	0.891694980960429
TRINITY_GG_60842_c0_g1	-1.31718289195823	-1.31718289195823	-1.31718289195823	1.19403210951275	1.20838489694312	1.54913166941882
TRINITY_GG_57190_c1_g1	1.05699881223787	0.131809273398321	1.74284262366395	-0.977216903100046	-0.977216903100046	-0.977216903100046
TRINITY_GG_88204_c0_g1	-1.03863332532896	-1.03863332532896	-1.03863332532896	1.68405127274166	1.35478287514259	0.0770658281026289
TRINITY_GG_23237_c0_g1	-1.27695396774126	-1.27695396774126	-1.27695396774126	0.409210358320096	2.15560463524253	1.26604690966116
TRINITY_GG_65037_c34_g1	-1.65128553474029	-1.65128553474029	-1.65128553474029	1.65000944626886	2.92904087835096	0.374806279601042
TRINITY_GG_68332_c0_g1	-0.982956628318968	-0.982956628318968	-0.982956628318968	1.33521557468406	0.644650209810682	0.969004100462162
TRINITY_GG_65359_c5_g1	1.3901412822064	0.551892352203008	0.866291621483779	-0.936108418631061	-0.936108418631061	-0.936108418631061
TRINITY_GG_34006_c0_g2	-1.04050168257254	-1.04050168257254	-1.04050168257254	1.04933540754708	1.34713657638009	0.725033063790439
TRINITY_GG_83279_c3_g1	-1.15689852720784	-1.15689852720784	-1.15689852720784	1.49432541578204	0.477230030317202	1.49914013552428
TRINITY_GG_4627_c0_g1	2.46800029474086	-0.215101101356543	1.18404846842888	-1.1456492206044	-1.1456492206044	-1.1456492206044
TRINITY_GG_15780_c184_g1	-1.06626744206681	-1.06626744206681	-1.06626744206681	0.668387991412196	0.89868561083399	1.63172872395424
TRINITY_GG_22881_c4_g1	-0.967916598765086	-0.967916598765086	-0.967916598765086	1.33922044343983	0.875263291492089	0.689266061363338
TRINITY_GG_18242_c14_g1	-0.964591101219519	-0.964591101219519	-0.964591101219519	0.116066562125706	0.87657694232913	1.90112979920372
TRINITY_GG_29176_c0_g1	0.669292054330087	1.21053317762193	0.98389919061582	-0.954574807522611	-0.954574807522611	-0.954574807522611
TRINITY_GG_75122_c0_g1	1.72212191160804	1.47135152595362	2.25577531850362	-1.81641625202176	-1.81641625202176	-1.81641625202176
TRINITY_GG_104613_c1_g1	-0.875146219083322	-0.875146219083322	-0.875146219083322	0.462279445199366	1.19592994292764	0.967229269122965
TRINITY_GG_81533_c0_g1	-1.43661328242479	-1.57673750633386	-1.38896975928783	0.374477258086863	2.01110750292042	2.01673578703919
TRINITY_GG_29655_c0_g1	-1.19743366730739	-1.19743366730739	-1.19743366730739	1.53657136641266	0.899840011654011	1.15588962385551
