bleached_44_01	bleached_44_02	bleached_44_03	non-bleached_44_01	non-bleached_44_02	non-bleached_44_03
TRINITY_GG_95412_c1_g2	-1.00712305983626	-1.00712305983626	-1.00712305983626	0.889730013060448	1.010798848161	1.12084031828732
TRINITY_GG_53941_c1_g2	-1.6931840607908	-1.99836013425167	-2.35675639620833	2.54401382644462	1.8973840879924	1.60690267681378
TRINITY_GG_58762_c0_g1	-0.874564666082228	-0.874564666082228	-0.874564666082228	0.481579144143047	0.882458580425231	1.25965627367841
TRINITY_GG_3023_c58_g1	-1.42673867119935	-1.42673867119935	-1.42673867119935	2.18254350871722	1.2187324328379	0.878940072042936
TRINITY_GG_28245_c0_g1	-1.16105509476576	-1.26539175458049	-1.26539175458049	1.69956129832031	0.966654958769619	1.02562234683681
TRINITY_GG_62036_c8_g1	3.73849436341234	3.19204435538626	-1.12959451047414	-1.93364806944149	-1.93364806944149	-1.93364806944149
TRINITY_GG_78823_c4_g1	-0.964179900168826	-0.964179900168826	-0.964179900168826	1.13713400091747	1.75981544454636	-0.00440974495735846
TRINITY_GG_85348_c0_g1	-1.17228234047253	-1.17228234047253	-1.17228234047253	0.866856053434425	1.07746637461104	1.57252459337214
TRINITY_GG_13695_c12_g2	-1.02414478075534	-1.02414478075534	-1.02414478075534	0.974411802374993	1.22802863244669	0.869993907444333
TRINITY_GG_55904_c38_g2	-0.972629858952434	-0.972629858952434	-0.972629858952434	1.39557973914684	0.432817984755101	1.08949185295536
TRINITY_GG_6857_c37_g1	-1.17884830629374	-1.17884830629374	-1.17884830629374	0.902491321158198	0.623551733821098	2.01050186390193
TRINITY_GG_71329_c0_g1	0.184765705876447	0.571500513421118	2.39661784258727	-1.05096135396161	-1.05096135396161	-1.05096135396161
TRINITY_GG_77679_c0_g1	1.45543889248626	0.114416939513584	2.11626390766496	-1.22870657988827	-1.22870657988827	-1.22870657988827
TRINITY_GG_4520_c12_g1	-1.04190585280489	-1.04190585280489	-1.04190585280489	0.580556014577844	1.46804329349942	1.07711825033739
TRINITY_GG_55317_c0_g2	-0.942199884165824	-0.942199884165824	-0.942199884165824	0.723192886876067	0.229006943252318	1.87439982236909
TRINITY_GG_12978_c2_g3	-1.23883129008777	-1.23883129008777	-1.23883129008777	1.00361878358993	2.2949812067399	0.417893879933478
TRINITY_GG_2033_c67_g1	-1.378869772717	-1.378869772717	-1.378869772717	-0.914201505713559	2.53224653366122	2.51856429020335
TRINITY_GG_53945_c23_g1	-1.09079449270808	-1.09079449270808	-1.09079449270808	-0.181597429716395	1.68699341156546	1.76698749627518
TRINITY_GG_53905_c12_g2	-1.47091333704251	-1.47091333704251	-1.47091333704251	0.94646663893051	2.38776396349288	1.07850940870415
TRINITY_GG_910_c3_g2	-1.25355940995276	-1.25355940995276	-1.25355940995276	1.07412795422329	1.00767049903429	1.67887977660071
TRINITY_GG_41177_c0_g1	-1.22696405802955	-1.22696405802955	-1.22696405802955	1.97623709828706	1.89388550638461	-0.189230430583031
TRINITY_GG_62774_c80_g5	-1.22291577628748	-1.22291577628748	-1.22291577628748	0.706875221431115	2.016787759201	0.945084348230337
TRINITY_GG_57403_c5_g2	-1.55566107925156	-1.66394871006084	-2.24987268701945	0.831125998674817	2.00343590213295	2.63492057552408
TRINITY_GG_62733_c26_g1	-1.26174937882102	-1.26174937882102	-1.26174937882102	0.7179101728948	1.90255420427263	1.16478375929565
TRINITY_GG_1480_c27_g1	-1.12690167711357	-1.12690167711357	-1.12690167711357	1.52156376591374	0.751235089513376	1.1079061759136
TRINITY_GG_14470_c2_g1	-0.982993458541218	-0.982993458541218	-0.982993458541218	1.0469894076745	0.148596025786917	1.75339494216224
TRINITY_GG_17298_c6_g1	-1.57538466962877	-1.57538466962877	-1.57538466962877	0.915955377249948	2.09884997816493	1.71134865347143
TRINITY_GG_49369_c0_g1	1.15871361877881	0.273852895016073	1.69431202803697	-1.04229284727728	-1.04229284727728	-1.04229284727728
TRINITY_GG_21549_c0_g3	-1.35295157585838	-1.35295157585838	-1.35295157585838	2.04457760385301	1.46303365134266	0.55124347237949
TRINITY_GG_65270_c2_g2	-1.20935856218565	-1.20935856218565	-1.20935856218565	1.37512296002101	1.44438938072432	0.808563345811615
TRINITY_GG_99719_c5_g1	-1.19814160390387	-1.19814160390387	-1.19814160390387	1.94361814341003	-0.870454239727821	2.52126090802939
TRINITY_GG_11396_c2_g2	-1.34210377173289	-1.34210377173289	-1.34210377173289	1.38951395110773	1.64376092950964	0.993036434581319
TRINITY_GG_98604_c1_g1	-1.34110066556912	-1.34110066556912	-1.34110066556912	2.12278331490189	1.11596824571306	0.784550436092403
TRINITY_GG_5495_c0_g1	-1.35595641211528	-1.35595641211528	-1.35595641211528	1.68511130497141	0.547467553773457	1.83529037760098
TRINITY_GG_91960_c2_g2	-1.20936665225292	-1.20936665225292	-1.20936665225292	2.32817791971166	1.58556901055062	-0.285646973503528
TRINITY_GG_64438_c4_g2	-1.09288072170323	-1.09288072170323	-1.09288072170323	0.662861457642161	1.49640338496802	1.11937732249951
TRINITY_GG_59839_c0_g1	-2.5120118054203	-1.74478076839643	-2.31163300743628	2.11623686586587	2.16786234232632	2.28432637306083
TRINITY_GG_85320_c0_g1	1.60398480776793	1.55053371540285	0.393943352462149	-1.18282062521098	-1.18282062521098	-1.18282062521098
TRINITY_GG_2115_c0_g1	-1.82497388437285	-1.82497388437285	-1.82497388437285	3.89618000263545	3.25055874679451	-1.67181709631143
TRINITY_GG_61356_c88_g1	-0.920584668889934	-0.920584668889934	-0.920584668889934	0.311462044460176	1.44146434319831	1.00882761901132
TRINITY_GG_57449_c15_g1	0.630044297398366	1.59065846887145	0.574242505730015	-0.931648423999943	-0.931648423999943	-0.931648423999943
TRINITY_GG_54103_c0_g1	-1.15755172890563	-1.15755172890563	-1.15755172890563	0.530852459491833	1.48676604943195	1.45503667779309
TRINITY_GG_95832_c1_g1	-1.60273035683249	-1.60273035683249	-1.60273035683249	1.53428125520925	0.976691185931031	2.29721862935718
TRINITY_GG_2092_c190_g1	-0.911402343168416	-0.911402343168416	-0.911402343168416	1.02857642177229	0.383144890727099	1.32248571700586
TRINITY_GG_337_c28_g1	-0.969111369399143	-0.969111369399143	-0.969111369399143	1.3052993999187	1.36888509411587	0.23314961416286
TRINITY_GG_226_c8_g1	-1.47021282163096	-1.27486522330874	-1.30157078607212	0.785892055178219	1.28617003348881	1.9745867423448
TRINITY_GG_2352_c88_g1	-0.987832120647945	-0.987832120647945	-0.987832120647945	0.671635816436841	0.121194055850422	2.17066648965657
TRINITY_GG_9033_c0_g1	-1.54966747032434	-1.54966747032434	-1.54966747032434	1.27571113356859	1.01251388614752	2.36077739125693
TRINITY_GG_22926_c0_g1	-1.09645700444995	-1.09645700444995	-1.09645700444995	2.22590383404138	0.156321947078232	0.907145232230243
TRINITY_GG_28693_c0_g2	-0.954187310430883	-0.954187310430883	-0.954187310430883	1.25557795554322	0.0129812971017442	1.59400267864769
TRINITY_GG_64813_c20_g1	-0.966922344823342	-0.966922344823342	-0.966922344823342	1.44775443560354	0.889864201464739	0.563148397401742
TRINITY_GG_100131_c0_g1	-0.858084543887647	-0.858084543887647	-0.858084543887647	0.648314287639807	0.951741452209804	0.974197891813329
TRINITY_GG_4619_c32_g1	-1.06838501477967	-1.06838501477967	-1.06838501477967	1.89008650145949	0.912005941281801	0.403062601597721
TRINITY_GG_99562_c0_g2	-1.05364675067756	-1.05364675067756	-1.05364675067756	0.678405322622726	0.760288319803754	1.72224660960621
TRINITY_GG_9857_c7_g3	-0.962861391596201	-0.962861391596201	-0.962861391596201	1.40730288894401	0.677759536439497	0.803521749405097
TRINITY_GG_974_c33_g1	-1.12730999967971	-1.12730999967971	-1.12730999967971	1.3658249226258	1.3099177392332	0.706187337180127
TRINITY_GG_87276_c3_g1	0.760121447345419	0.53029356444046	1.60578978276495	-0.965401598183609	-0.965401598183609	-0.965401598183609
TRINITY_GG_6957_c0_g1	-1.066754711516	-1.066754711516	-1.066754711516	0.845511916550452	1.77903639219771	0.575715825799824
TRINITY_GG_53997_c48_g1	-1.22883212445279	-1.22883212445279	-1.22883212445279	1.51726561923721	1.47891351528627	0.690317238834886
TRINITY_GG_28770_c4_g1	-0.898633737632871	-0.898633737632871	-0.898633737632871	1.07479386037144	0.857535590506428	0.763571762020746
TRINITY_GG_53969_c1_g1	0.253641756243588	1.19620933403638	3.25557846517731	-1.56847651848576	-1.56847651848576	-1.56847651848576
TRINITY_GG_106122_c3_g1	1.14527695850137	0.552169001951494	1.05101496553625	-0.916153641996374	-0.916153641996374	-0.916153641996374
TRINITY_GG_54587_c21_g1	-1.08841756234215	-1.08841756234215	-1.08841756234215	0.908694158333026	1.33327701883814	1.02328150985527
TRINITY_GG_13580_c0_g1	-1.76767599020173	-1.76767599020173	-1.76767599020173	2.52414855198197	1.87051372144521	0.908365697178011
TRINITY_GG_100205_c3_g2	-0.986862352636152	-0.986862352636152	-0.986862352636152	1.54869298076316	0.98950128309661	0.422392794048686
TRINITY_GG_8302_c1_g1	-1.21471778468575	-1.21471778468575	-1.21471778468575	1.08041746431507	2.39550980485894	0.16822608488324
TRINITY_GG_5465_c1_g2	2.41727184800155	2.54555535960345	-0.91358542241541	-1.34974726172986	-1.34974726172986	-1.34974726172986
TRINITY_GG_57519_c23_g3	-0.961540098525615	-0.961540098525615	-0.961540098525615	0.462306956072819	1.34647121602656	1.07584212347746
TRINITY_GG_58420_c14_g1	-0.892747139119638	-0.892747139119638	-0.892747139119638	0.778093196761924	1.07700198916902	0.823146231427967
TRINITY_GG_23088_c2_g1	1.90871607396667	0.821640793508695	0.231729076815806	-0.987361981430391	-0.987361981430391	-0.987361981430391
TRINITY_GG_5343_c14_g1	-0.933735374352027	-0.933735374352027	-0.933735374352027	0.18329467865816	1.27634172455118	1.34156971984674
TRINITY_GG_74091_c1_g2	-0.967384797519539	-0.967384797519539	-0.967384797519539	0.82796656764702	1.02900394892808	1.04518387598352
TRINITY_GG_5151_c15_g4	-1.04143289071072	-1.04143289071072	-1.04143289071072	0.502062992715056	1.43131480238878	1.19092087702831
TRINITY_GG_15142_c0_g1	-1.2049003538675	-1.2049003538675	-1.2049003538675	0.83669309479168	0.966946959705839	1.81106100710499
TRINITY_GG_79389_c5_g1	0.865412724345683	0.773234063686069	1.07316083736478	-0.903935875132176	-0.903935875132176	-0.903935875132176
TRINITY_GG_226_c50_g1	0.579687909492529	1.44765951580875	1.20788046227525	-1.07840929585884	-1.07840929585884	-1.07840929585884
TRINITY_GG_60841_c1_g1	1.43305548220856	0.628839831600595	0.933004804285713	-0.998300039364956	-0.998300039364956	-0.998300039364956
TRINITY_GG_30515_c0_g1	-1.39400491757667	-1.39400491757667	-1.39400491757667	0.787097633177123	2.0073524923136	1.3875646272393
TRINITY_GG_90209_c0_g1	-0.915092375159747	-0.915092375159747	-0.915092375159747	0.177115062937341	1.14183791322292	1.42632414931898
TRINITY_GG_59478_c3_g1	-2.61699240549726	-2.43375817687034	-1.08364625096828	1.6821426403488	2.43200381155036	2.02025038143672
TRINITY_GG_91909_c0_g1	-1.0383287717662	-1.0383287717662	-1.0383287717662	1.68260630959356	1.3570082783065	0.0753717273985297
TRINITY_GG_106764_c8_g1	-1.19753863266216	-1.19753863266216	-1.19753863266216	0.00785388032752121	2.02912402299901	1.55563799465996
TRINITY_GG_104024_c2_g2	-1.02551485180722	-1.02551485180722	-1.02551485180722	0.275487404225598	1.69498251867513	1.10607463252092
TRINITY_GG_4235_c106_g1	-2.27471990324473	-3.05964260480759	-1.77868629097653	2.99668079883994	1.43349231749792	2.682875682691
TRINITY_GG_53920_c53_g1	-0.913435556906436	-0.913435556906436	-0.913435556906436	1.01142444205057	0.698208986467225	1.03067324220152
TRINITY_GG_26340_c0_g1	-1.03721075857087	-1.03721075857087	-1.03721075857087	0.934378776959187	1.75293569785144	0.424317800902002
TRINITY_GG_9146_c4_g2	-1.08925917902556	-1.08925917902556	-1.08925917902556	1.39591000102535	1.71623965595336	0.155627880097975
TRINITY_GG_16385_c0_g1	1.75669761467473	1.88779450669146	1.13563362241185	-1.59337524792601	-1.59337524792601	-1.59337524792601
TRINITY_GG_7334_c34_g1	-1.01716498089404	-1.01716498089404	-1.01716498089404	0.761884571943418	0.416328658952839	1.87328171178586
TRINITY_GG_23462_c4_g1	-1.19249500987632	-1.19249500987632	-1.19249500987632	2.90224777251023	0.521200804967037	0.154036452151697
TRINITY_GG_35120_c1_g1	-1.06776014050593	-1.06776014050593	-1.06776014050593	0.925008290262989	0.978381641138786	1.29989049011603
TRINITY_GG_33808_c1_g2	1.70215037134271	1.11355060405016	1.25799006158883	-1.35789701232723	-1.35789701232723	-1.35789701232723
TRINITY_GG_3756_c70_g1	-1.01413008413051	-1.01413008413051	-1.01413008413051	1.10522609290916	1.11052890628901	0.826635253193363
TRINITY_GG_26408_c0_g1	-0.945658326161029	-0.945658326161029	-0.945658326161029	1.33173137264983	1.29709659591525	0.208147009918006
TRINITY_GG_58613_c20_g1	-1.24037410340621	-1.24037410340621	-1.24037410340621	0.772194570096846	1.65026714055723	1.29866059956455
TRINITY_GG_39164_c1_g1	-1.00393601284179	-1.00393601284179	-1.00393601284179	1.63968932725793	0.504999649022605	0.867119062244839
TRINITY_GG_63353_c3_g3	-1.08363870597879	-1.08363870597879	-1.08363870597879	0.327787539747675	1.23192752434016	1.69120105384854
TRINITY_GG_77550_c1_g1	-2.0068577919115	-2.0068577919115	-2.0068577919115	1.75740342630562	2.04946561173603	2.21370433769284
TRINITY_GG_57259_c1_g1	-1.16203941701969	-1.16203941701969	-1.16203941701969	2.28130200878353	-0.692153440745229	1.89696968302077
TRINITY_GG_60089_c1_g2	-1.14650249344222	-1.14650249344222	-1.14650249344222	0.580328723590274	2.62939086684155	0.229787889894832
TRINITY_GG_3503_c19_g1	-2.08691558013346	-2.08691558013346	-2.08691558013346	2.11949321811495	2.04492080713733	2.0963327151481
TRINITY_GG_44502_c0_g1	-1.38273934199461	-1.38273934199461	-1.38273934199461	0.690738167684362	1.85053519699633	1.60694466130313
TRINITY_GG_4808_c6_g1	-1.48163655506118	-1.48163655506118	-1.48163655506118	2.01444225203819	1.11529858732605	1.3151688258193
TRINITY_GG_2477_c74_g1	1.3919431501617	2.41522947900855	1.02780463038522	-1.61165908651849	-1.61165908651849	-1.61165908651849
TRINITY_GG_104640_c21_g1	-1.09971753914552	-1.09971753914552	-1.09971753914552	0.3391075740301	1.80003814697809	1.16000689642839
TRINITY_GG_81035_c3_g1	1.39546764345513	-0.205996613471948	3.22662949241862	-1.47203350746727	-1.47203350746727	-1.47203350746727
TRINITY_GG_55691_c107_g1	-1.32097660832213	-1.32097660832213	-1.32097660832213	0.71816178558483	1.5526397560042	1.69212828337736
TRINITY_GG_22351_c19_g1	-1.32740123300172	-1.32740123300172	-1.32740123300172	2.09604247737688	1.12440332271877	0.761757898909515
TRINITY_GG_80019_c0_g2	-1.24501191665132	-1.24501191665132	-1.24501191665132	2.02701127240973	0.678327454980832	1.02969702256339
TRINITY_GG_92853_c0_g1	1.56105152450955	3.88479535421631	1.57825586188801	-1.94987906962662	-2.43191740327092	-2.64230626771633
TRINITY_GG_65126_c1_g2	-0.979956378647292	-0.979956378647292	-0.979956378647292	1.1591856404984	1.39438761039121	0.386295885052272
TRINITY_GG_6632_c0_g1	-1.34192344437913	-1.34192344437913	-1.34192344437913	1.45654187632595	1.04681716040814	1.5224112964033
TRINITY_GG_6400_c143_g1	0.735093944189025	1.58068800325964	1.18689363357251	-1.16755852700706	-1.16755852700706	-1.16755852700706
TRINITY_GG_63113_c5_g1	-1.42902909542425	-1.23210355836066	-1.29745605952984	2.05842553700791	1.12335669558183	0.776806480725008
TRINITY_GG_51208_c0_g2	-1.11829365250074	-1.11829365250074	-1.11829365250074	1.0264053726534	0.139923737035278	2.18855184781354
TRINITY_GG_9335_c0_g1	-1.01774998529748	-1.01774998529748	-1.01774998529748	0.923356325648954	0.899108779402277	1.2307848508412
TRINITY_GG_4632_c45_g1	-1.21074536082402	-1.21074536082402	-1.21074536082402	1.7414017987955	1.03566272642236	0.855171557254195
TRINITY_GG_5768_c0_g1	-2.57372746731659	-2.41927387463672	-2.24374281755817	0.900189293993274	3.00717173690915	3.32938312860907
TRINITY_GG_75975_c0_g1	-0.851566170558854	-0.851566170558854	-0.851566170558854	1.03205464572682	0.850648080451587	0.671995785498159
TRINITY_GG_8521_c23_g1	-0.954550462790503	-0.954550462790503	-0.954550462790503	0.640475721275351	0.39594678429363	1.82722888280253
TRINITY_GG_69467_c0_g1	-0.90081659366427	-0.90081659366427	-0.90081659366427	1.13093146920001	0.775450814601619	0.796067497191184
TRINITY_GG_102466_c0_g1	-1.38873089117015	-1.38873089117015	-1.38873089117015	2.27677558086411	2.63567744650068	-0.746260353854331
TRINITY_GG_54249_c2_g1	-1.14881830926489	-1.14881830926489	-1.14881830926489	0.482518834862593	1.6162920526147	1.34764404031738
TRINITY_GG_68881_c1_g1	-1.46957240626636	-1.25192941276579	-1.70307124586196	0.467358812487622	1.73011966777792	2.22709458462857
TRINITY_GG_80664_c3_g1	2.95806883603004	3.65092326256839	2.79413319092972	-3.2862624517028	-2.75297382071386	-3.36388901711149
TRINITY_GG_43069_c0_g1	-1.32965405514438	-1.32965405514438	-1.32965405514438	0.797649050637753	1.78371306561543	1.40760004917995
TRINITY_GG_64875_c5_g1	0.833056590839416	1.31634767366567	0.622495702499048	-0.923966655668044	-0.923966655668044	-0.923966655668044
TRINITY_GG_9136_c1_g1	-0.962826734287017	-0.962826734287017	-0.962826734287017	0.653530962709674	1.05438255574521	1.18056668440617
TRINITY_GG_97014_c0_g1	1.22769253842213	0.660338350426729	1.03473386520823	-0.974254918019028	-0.974254918019028	-0.974254918019028
TRINITY_GG_5552_c22_g1	-2.0416586637431	-2.46415717853442	-2.13127266927482	4.00529300514013	3.91814212576057	-1.28634661934837
TRINITY_GG_62796_c4_g1	-1.03115823584698	-1.03115823584698	-1.03115823584698	1.9144494673344	-0.192811499325745	1.37183673953228
TRINITY_GG_1803_c7_g1	-1.03711966813332	-1.03711966813332	-1.03711966813332	0.00412331409855793	1.45036668121521	1.6568690090862
TRINITY_GG_5048_c38_g1	-1.10217524826326	-1.10217524826326	-1.10217524826326	0.783399116108166	0.383766735149159	2.13935989353246
TRINITY_GG_92276_c0_g1	0.771547664481846	0.422940167062247	2.08625016025245	-1.09357933059885	-1.09357933059885	-1.09357933059885
TRINITY_GG_15819_c0_g1	-0.932504140281114	-0.932504140281114	-0.932504140281114	0.538943476096278	1.04018851372315	1.21838043102391
TRINITY_GG_32562_c0_g1	1.47362996351022	-0.051110076844713	1.54510302709091	-0.989207637918806	-0.989207637918806	-0.989207637918806
TRINITY_GG_67292_c5_g1	-1.44652355483263	-1.44652355483263	-1.44652355483263	1.41800929031549	0.555278687801358	2.36628268638103
TRINITY_GG_42954_c0_g1	-1.12318034356344	-1.12318034356344	-1.12318034356344	1.61060782506174	0.238026546675288	1.5209066589533
TRINITY_GG_59189_c6_g1	-1.7556621786517	-2.02947642323874	-2.02947642323874	1.73584614648721	1.74304270357381	2.33572617506816
TRINITY_GG_56484_c1_g1	-1.22847897631762	-1.22847897631762	-1.22847897631762	1.21618809052429	1.73314435196933	0.736104486459245
TRINITY_GG_58595_c70_g1	-1.01542353779534	-1.01542353779534	-1.01542353779534	1.231592511972	1.13188316098495	0.682794940429072
TRINITY_GG_82882_c0_g1	-0.937270076905069	-0.937270076905069	-0.937270076905069	0.80861261199719	1.1677374478559	0.835460170862112
TRINITY_GG_56629_c46_g1	-1.07568240969828	-1.07568240969828	-1.07568240969828	0.0955244177198624	1.39758498623136	1.73393782514361
TRINITY_GG_1516_c6_g1	-0.944554622678111	-0.944554622678111	-0.944554622678111	0.86773822219516	1.08754622048891	0.87837942535026
TRINITY_GG_83278_c0_g2	-2.33589520657411	-2.33589520657411	-2.33589520657411	1.53584989382622	3.05535697669246	2.41647874920366
TRINITY_GG_35192_c0_g1	1.39376974706178	1.78775817353305	2.38957017296814	-1.94949593079128	-1.94949593079128	-1.67210623198041
TRINITY_GG_16025_c8_g2	-1.60029500699434	-1.60029500699434	-1.60029500699434	1.05161773765145	1.99102536683343	1.75824191649813
TRINITY_GG_209_c2_g1	3.77983196260008	2.79650649471939	-0.26079537457794	-2.10518102758051	-2.10518102758051	-2.10518102758051
TRINITY_GG_57961_c0_g1	-1.04521489872154	-1.04521489872154	-1.04521489872154	0.468275846866581	1.45889696528729	1.20847188401073
TRINITY_GG_29012_c0_g1	-1.94068386720386	-1.94068386720386	-1.94068386720386	1.74042801765801	2.37016517902076	1.7114584049328
TRINITY_GG_29019_c0_g2	-0.891387424697587	-0.891387424697587	-0.891387424697587	0.37764572175765	1.08827212701824	1.20824442531687
TRINITY_GG_2671_c48_g1	-0.906732324166665	-0.906732324166665	-0.906732324166665	1.05006779388491	0.509566981313215	1.16056219730187
TRINITY_GG_56400_c67_g1	-1.32935687126418	-1.32935687126418	-1.32935687126418	1.47737962038849	0.894065678670759	1.61662531473328
TRINITY_GG_60044_c5_g1	1.29553255364467	0.36890326167313	1.2479769220086	-0.970804245775467	-0.970804245775467	-0.970804245775467
TRINITY_GG_19159_c0_g2	1.04954513543987	0.971868895852693	0.75353849983948	-0.924984177044014	-0.924984177044014	-0.924984177044014
TRINITY_GG_104517_c0_g1	-1.40038988713781	-1.40038988713781	-1.40038988713781	1.75665382300777	2.40076876895589	0.0437470694497799
TRINITY_GG_57036_c112_g2	-1.00037574606075	-1.00037574606075	-1.00037574606075	0.499406374086559	1.46612086649132	1.03559999760438
TRINITY_GG_56792_c16_g1	-1.16265629889869	-1.16265629889869	-1.16265629889869	1.66251875013804	1.69532469622888	0.130125450329154
TRINITY_GG_14132_c0_g1	1.22211814896098	2.63776417859058	0.385898410182384	-1.41526024591131	-1.41526024591131	-1.41526024591131
TRINITY_GG_63122_c4_g1	-1.05102554711289	-1.05102554711289	-1.05102554711289	1.6485260854102	-0.0553601373767838	1.55991069330527
TRINITY_GG_51585_c0_g1	-1.54332409418504	-1.54332409418504	-1.54332409418504	1.48860036961372	2.69301544498333	0.448356467958081
TRINITY_GG_84886_c3_g1	-1.44840978424224	-1.44840978424224	-1.44840978424224	2.90674747143023	1.76322546908491	-0.324743587788421
TRINITY_GG_157_c53_g1	-0.894061694339087	-0.894061694339087	-0.894061694339087	1.18215532727796	1.15103174400586	0.348998011733441
TRINITY_GG_6419_c0_g1	2.34321582972785	0.914822635976696	0.916280345548919	-1.39143960375115	-1.39143960375115	-1.39143960375115
TRINITY_GG_103878_c0_g2	-1.13580537704058	-1.13580537704058	-1.13580537704058	1.26964246666695	0.743508299270303	1.3942653651845
TRINITY_GG_97891_c0_g1	-1.5237863827758	-1.5237863827758	-1.5237863827758	2.0371730755618	1.00503494823333	1.52915112453229
TRINITY_GG_27572_c0_g8	-1.03012240252346	-1.03012240252346	-1.03012240252346	0.172138581038544	1.72647394797826	1.19175467855358
TRINITY_GG_98393_c1_g1	-1.31149135742798	-1.31149135742798	-1.31149135742798	1.50858546366953	0.949738551559065	1.47615005705535
TRINITY_GG_59325_c77_g1	-0.865861326501018	-0.865861326501018	-0.865861326501018	0.922824384112516	0.569767267551073	1.10499232783947
TRINITY_GG_24429_c1_g2	-1.08657560139775	-1.08657560139775	-1.08657560139775	0.165597811804277	2.05109185565625	1.04303713673272
TRINITY_GG_55235_c23_g3	-1.06597413192721	-1.06597413192721	-1.06597413192721	1.66954804536933	1.1281129201891	0.400261430223197
TRINITY_GG_5359_c3_g1	-1.14993062754551	-1.14993062754551	-1.14993062754551	-0.325366415455681	2.0259132951572	1.74924500293501
TRINITY_GG_62961_c7_g1	-0.95986339003812	-0.95986339003812	-0.95986339003812	0.303171015795674	1.1661182638166	1.41030089050209
TRINITY_GG_87907_c0_g1	-1.1245953389895	-1.29300442662113	-1.37434405407306	1.17754104939866	2.05366430103943	0.560738469245597
TRINITY_GG_600_c3_g1	1.63503153886936	1.41920437100889	0.51741586361242	-1.19055059116356	-1.19055059116356	-1.19055059116356
TRINITY_GG_4815_c57_g1	-1.96094444166608	-1.96094444166608	-1.62866615860915	1.35404204380243	2.47488414245738	1.7216288556815
TRINITY_GG_104951_c8_g1	1.68431386673823	0.855257669260581	1.82393027049335	-1.45450060216405	-1.45450060216405	-1.45450060216405
TRINITY_GG_11961_c1_g1	-1.70019231670629	-1.70019231670629	-1.70019231670629	0.935329924753465	2.82700316041558	1.33824386494982
TRINITY_GG_106258_c0_g1	-1.11903942364153	-1.11903942364153	-1.11903942364153	1.55202744832292	1.0499234603654	0.75516736223627
TRINITY_GG_707_c15_g4	-0.890315643065603	-0.890315643065603	-0.890315643065603	1.17491197971002	0.970051287072517	0.525983662414276
TRINITY_GG_84997_c0_g1	-1.16356900007824	-1.16356900007824	-1.16356900007824	0.781289445729301	1.19988245699348	1.50953509751194
TRINITY_GG_73135_c0_g1	0.957651132544252	1.13695220889519	1.18238086905117	-1.09232807016354	-1.09232807016354	-1.09232807016354
TRINITY_GG_4303_c33_g1	-1.28058545746403	-1.28058545746403	-1.28058545746403	1.05598358430509	1.27621178912871	1.50956099895828
TRINITY_GG_19363_c0_g1	-1.27364476978385	-1.27364476978385	-1.27364476978385	0.801545544371367	1.98094927324929	1.0384394917309
TRINITY_GG_55738_c25_g1	1.46649710730509	1.00880402477803	1.44846185831904	-1.30792099680072	-1.30792099680072	-1.30792099680072
TRINITY_GG_58104_c62_g1	-1.23270577733728	-1.23270577733728	-1.23270577733728	0.41989544025924	2.30334712290293	0.97487476884967
TRINITY_GG_104518_c3_g1	-1.7132504363365	-1.7132504363365	-1.7132504363365	1.35919841373319	2.64500515036863	1.13554774490769
TRINITY_GG_105633_c11_g1	-1.34752840028544	-1.34752840028544	-1.34752840028544	-0.414711297543593	2.27188461031249	2.18541188808743
TRINITY_GG_189_c468_g1	-0.961934178059924	-0.961934178059924	-0.961934178059924	0.540905580196007	1.43065801760623	0.914238936377536
TRINITY_GG_51482_c1_g1	-1.15578610508404	-1.15578610508404	-1.15578610508404	1.16440971618209	1.27128365012675	1.03166494894329
TRINITY_GG_40103_c0_g1	-1.34626991113775	-1.34626991113775	-1.34626991113775	-0.414208739794325	2.74669859818639	1.70631987502118
TRINITY_GG_83278_c0_g1	-2.04407546920271	-1.17153896382057	-1.62037310879674	1.04395529515101	2.15095161269227	1.64108063397675
TRINITY_GG_55030_c3_g1	-1.01785423587284	-1.01785423587284	-1.01785423587284	1.00327010416276	1.52415611966377	0.526136483792006
TRINITY_GG_58395_c15_g1	-1.19156668381277	-1.04724577777381	-1.98831931174302	1.13690343735145	1.92645802663407	1.16377030934408
TRINITY_GG_90713_c0_g1	-1.2977526874997	-1.2977526874997	-1.2977526874997	1.92844754119852	-0.0583546459331445	2.02316516723372
TRINITY_GG_102178_c0_g1	-0.987649124728843	-0.987649124728843	-0.987649124728843	1.76038267084357	0.228960944013598	0.973603759329364
TRINITY_GG_60784_c38_g1	-1.09742313125007	-1.09742313125007	-1.09742313125007	-0.231900172110102	1.51893456574662	2.00523500011367
TRINITY_GG_2800_c27_g1	-1.19857195229153	-1.19857195229153	-1.19857195229153	-0.487517630479465	1.89278937995708	2.19044410739698
TRINITY_GG_6979_c12_g1	-1.15098199062407	-1.15098199062407	-1.15098199062407	2.03218688952296	-0.431141435559803	1.85190051790905
TRINITY_GG_30145_c1_g1	-0.918080520511062	-0.918080520511062	-0.918080520511062	1.00981593321776	0.714653005439473	1.02977262287595
TRINITY_GG_13261_c0_g1	-1.30764861866329	-1.30764861866329	-1.30764861866329	1.66099513730143	1.76719929723688	0.494751421451552
TRINITY_GG_49124_c0_g1	-1.03074607237406	-1.03074607237406	-1.03074607237406	1.47132988367173	0.586082094230875	1.03482623921956
TRINITY_GG_53941_c3_g1	-0.899352775719535	-0.899352775719535	-0.899352775719535	1.44377074368232	0.319738282526661	0.934549300949628
TRINITY_GG_88477_c1_g1	-1.10128673627983	-1.10128673627983	-1.10128673627983	0.721647311748539	1.47716898549974	1.10504391159122
TRINITY_GG_101369_c0_g1	1.17551435479078	0.765199984840511	0.916632730367127	-0.952449023332805	-0.952449023332805	-0.952449023332805
TRINITY_GG_59578_c10_g1	-1.97583267571677	-1.81620348989554	-1.97583267571677	1.84271115720028	1.55573593309819	2.36942175103062
TRINITY_GG_81009_c0_g1	-1.0479419756983	-1.0479419756983	-1.0479419756983	1.15400548074286	0.758588313561271	1.23123213279075
TRINITY_GG_7113_c5_g1	-0.954476584079077	-0.954476584079077	-0.954476584079077	0.397151745023706	0.813601850937379	1.65267615627615
TRINITY_GG_12390_c1_g1	-1.26647965952373	-1.26647965952373	-1.26647965952373	0.253565364516086	1.10869882006588	2.43717479398923
TRINITY_GG_18465_c0_g1	-1.07600415905304	-1.07600415905304	-1.07600415905304	1.03802964149723	1.26995987128984	0.92002296437204
TRINITY_GG_60230_c6_g1	-1.14030033336125	-1.14030033336125	-1.14030033336125	0.426758292937949	1.38727050347157	1.60687220367422
TRINITY_GG_1480_c20_g4	-1.20802534945008	-1.20802534945008	-1.20802534945008	1.29634080116219	0.699634478403205	1.62810076878486
TRINITY_GG_14297_c1_g1	-0.923958632388754	-0.923958632388754	-0.923958632388754	1.13123702185337	0.319710448578109	1.32092842673478
TRINITY_GG_84497_c0_g1	-1.1098091922098	-1.1098091922098	-1.1098091922098	0.953003300195223	0.870581763851674	1.5058425125825
TRINITY_GG_5742_c87_g1	-1.39279924752098	-1.39279924752098	-1.39279924752098	1.87922394154007	0.768443510821534	1.53073029020133
TRINITY_GG_6446_c28_g1	0.143706323908719	2.24774450023951	1.47310124898416	-1.28818402437746	-1.28818402437746	-1.28818402437746
TRINITY_GG_95459_c1_g1	0.901157712123604	0.841384876252345	1.51812946770282	-1.08689068535959	-1.08689068535959	-1.08689068535959
TRINITY_GG_10586_c0_g2	-1.09638218527583	-1.09638218527583	-1.09638218527583	-0.252398341227505	2.97117049044603	0.570374406608971
TRINITY_GG_8709_c0_g1	1.39837895422661	1.15124959467046	0.747688482380702	-1.09910567709259	-1.09910567709259	-1.09910567709259
TRINITY_GG_52895_c0_g1	-2.06107021787028	-2.06107021787028	-2.06107021787028	1.70319100034684	1.83965170969384	2.64036794357015
TRINITY_GG_11651_c4_g1	-2.02952471345235	-2.02952471345235	-2.02952471345235	1.88005640252733	1.72108179138324	2.48743594644647
TRINITY_GG_64103_c9_g3	-1.14765161281242	-1.14765161281242	-1.14765161281242	1.76901610440763	-0.441894830762619	2.11583356479223
TRINITY_GG_95085_c0_g2	-0.935506296602418	-0.935506296602418	-0.935506296602418	1.53125131912375	0.389880118057355	0.885387452626147
TRINITY_GG_80021_c9_g1	1.20060574174133	0.389771258301646	1.93417538236303	-1.17485079413533	-1.17485079413533	-1.17485079413533
TRINITY_GG_51384_c0_g1	1.2586228367951	0.641223348116706	2.31909893702816	-1.40631504064665	-1.40631504064665	-1.40631504064665
TRINITY_GG_31059_c3_g1	-1.41566025307932	-1.41566025307932	-1.41566025307932	0.862027000654921	1.59225282856394	1.7927009300191
TRINITY_GG_100534_c0_g1	0.464451324490841	1.57500066157202	1.69638931872669	-1.24528043492985	-1.24528043492985	-1.24528043492985
TRINITY_GG_4797_c79_g1	-1.37093621423077	-1.37093621423077	-1.37093621423077	2.36415265624741	-0.30398597030614	2.05264195675103
TRINITY_GG_11150_c27_g1	0.865275469233475	1.94526243139755	0.965627302744277	-1.25872173445844	-1.25872173445844	-1.25872173445844
TRINITY_GG_73791_c0_g1	1.58743366401221	1.20137355745356	1.94107061862691	-1.70416989401836	-1.41374549015306	-1.61196245592127
TRINITY_GG_767_c0_g2	-1.65446891360634	-2.04208641103274	-1.60604222360384	1.35011069190601	2.0093344543762	1.94315240196071
TRINITY_GG_87153_c0_g1	-1.06911220790268	-1.06911220790268	-1.06911220790268	1.22925284715856	1.42145792254352	0.556625854005966
TRINITY_GG_80664_c0_g1	2.59093373816133	3.17575222225454	1.67997284559997	-3.93451003852888	-2.38749978084258	-1.12464898664439
TRINITY_GG_55795_c33_g1	0.870163044255025	3.25683785354025	3.09021297825826	-2.40573795868451	-2.40573795868451	-2.40573795868451
TRINITY_GG_2800_c10_g1	-1.78920103805017	-1.33736622918666	-2.08668595376074	2.47531218395238	1.24315522276988	1.49478581427531
TRINITY_GG_64314_c0_g2	-0.993509664133524	-0.993509664133524	-0.993509664133524	0.722383706414081	1.44265217518093	0.815493110805563
TRINITY_GG_35826_c0_g1	-1.52044412627215	-1.52044412627215	-1.52044412627215	1.74048481368473	2.46551162833536	0.355335936796342
TRINITY_GG_32757_c0_g1	-1.41082120782761	-1.41082120782761	-1.41082120782761	-0.534255149075892	2.5284994147519	2.23821935780683
TRINITY_GG_64607_c7_g3	-1.05761150382727	-1.05761150382727	-1.05761150382727	-0.21604086643175	1.95745781789038	1.43141756002317
TRINITY_GG_20963_c11_g1	-1.36360182457051	-1.36360182457051	-1.36360182457051	0.655388350814241	1.63133988560646	1.80407723729084
TRINITY_GG_16699_c1_g1	-1.60487410776154	-1.60487410776154	-1.60487410776154	1.89681979548397	1.20248081429606	1.71532171350459
TRINITY_GG_7612_c17_g2	-0.942965908799434	-0.942965908799434	-0.942965908799434	0.603496449367658	0.799040302067303	1.42636097496334
TRINITY_GG_62036_c26_g1	1.70073741624263	2.10923188065005	0.191902875872846	-1.41596002695839	-1.29295607290357	-1.29295607290357
TRINITY_GG_1415_c5_g1	-0.961754681603856	-0.961754681603856	-0.961754681603856	0.802506536613258	0.683024537659097	1.39973297053921
TRINITY_GG_16487_c0_g1	-1.63530641199913	-1.63530641199913	-1.63530641199913	2.00912674040711	2.48910444397101	0.40768805161928
TRINITY_GG_25454_c0_g1	-1.51470845123372	-1.51470845123372	-1.51470845123372	0.975091351682804	1.40634696998861	2.16268703202974
TRINITY_GG_60584_c0_g1	-1.21725891844513	-1.21725891844513	-1.21725891844513	1.2756197297606	0.927113815846845	1.44904320972796
TRINITY_GG_79588_c0_g1	-1.30022996702429	-1.30022996702429	-1.30022996702429	0.683812459072734	1.87209752463333	1.34477991736681
TRINITY_GG_58977_c4_g1	0.908174693587173	1.70697810237273	0.877669673487648	-1.16427415648252	-1.16427415648252	-1.16427415648252
TRINITY_GG_14481_c3_g1	0.432561665903581	1.02094530894618	1.71743683436692	-1.05698126973889	-1.05698126973889	-1.05698126973889
TRINITY_GG_2099_c39_g2	-1.02044615184686	-1.02044615184686	-1.02044615184686	0.897940082599492	1.24198700578449	0.921411367156584
TRINITY_GG_87093_c0_g5	-1.27634222167068	-1.27634222167068	-1.27634222167068	-0.754286472509718	2.13806396041707	2.4452491771047
TRINITY_GG_1798_c4_g1	2.36098839540269	0.902121204957279	-0.0228196762850565	-1.0800966413583	-1.0800966413583	-1.0800966413583
TRINITY_GG_45034_c0_g1	-1.19563771938966	-1.19563771938966	-1.19563771938966	1.00254208736053	1.61747647195663	0.966894598851802
TRINITY_GG_68204_c1_g1	0.370770249762732	0.664385256376009	2.0113111679731	-1.01548889137061	-1.01548889137061	-1.01548889137061
TRINITY_GG_9950_c0_g1	-1.29512248675118	-1.29512248675118	-1.29512248675118	0.864183767889988	1.2219011853134	1.79928250705015
TRINITY_GG_6198_c0_g3	-1.359125308032	-1.359125308032	-1.359125308032	1.11518093225641	0.801149523376598	2.16104546846298
TRINITY_GG_54549_c0_g1	-1.74795566045052	-1.74795566045052	-1.74795566045052	0.954701882940393	1.545267662532	2.74389743587916
TRINITY_GG_96034_c0_g1	-0.999951000708454	-0.999951000708454	-0.999951000708454	-0.0476174343387683	2.08172948794788	0.965740948516251
TRINITY_GG_10225_c4_g2	-1.19256081022149	-1.19256081022149	-1.19256081022149	1.48731333752514	1.68694892439519	0.403420168744135
TRINITY_GG_74051_c0_g2	-2.21048660871361	-2.21048660871361	-2.21048660871361	1.97363496464935	2.44446441560664	2.21336044588483
TRINITY_GG_61082_c3_g2	-1.77334417298878	-1.77334417298878	-1.77334417298878	-1.5248093368501	3.12674977125586	3.71809208456058
TRINITY_GG_53913_c34_g3	-0.935706556941116	-0.935706556941116	-0.935706556941116	1.11670933721002	0.836179021574249	0.854231312039078
TRINITY_GG_53899_c105_g2	-0.892201809230539	-0.892201809230539	-0.892201809230539	1.35024826444716	0.605027319557067	0.721329843687388
TRINITY_GG_27324_c0_g1	-1.3296738292041	-1.3296738292041	-1.3296738292041	-0.456254325769239	3.01494165575355	1.43033415762797
TRINITY_GG_34927_c0_g1	-0.943870226919192	-0.943870226919192	-0.943870226919192	0.817840557444152	0.682335256033846	1.33143486727958
TRINITY_GG_7805_c6_g1	-1.01165828377529	-1.01165828377529	-1.01165828377529	1.10736581936698	-0.108620013662377	2.03622904562126
TRINITY_GG_94453_c0_g1	1.48732131361218	2.8131178907648	0.608098847839363	-1.63617935073878	-1.63617935073878	-1.63617935073878
TRINITY_GG_59282_c10_g1	-0.210356424646617	1.36647280442747	2.50943981067249	-1.22185206348445	-1.22185206348445	-1.22185206348445
TRINITY_GG_36247_c0_g2	-1.00744509498305	-1.00744509498305	-1.00744509498305	1.13627483611187	0.546406873198074	1.33965357563922
TRINITY_GG_119_c184_g1	-0.970955418346259	-0.970955418346259	-0.970955418346259	0.230051047709834	1.78350455527922	0.899310652049724
TRINITY_GG_74097_c2_g1	-1.66834910158793	-1.66834910158793	-1.66834910158793	2.31778874251129	0.763808585722621	1.92344997652988
TRINITY_GG_33872_c0_g1	-1.28644164532976	-1.28644164532976	-1.28644164532976	0.612347151781799	1.75900132543141	1.48797645877606
TRINITY_GG_7233_c4_g1	-0.967823806704089	-0.967823806704089	-0.967823806704089	1.33989614259598	0.876963543374971	0.686611734141311
TRINITY_GG_93303_c0_g1	-1.39240952370457	-1.39240952370457	-1.39240952370457	1.1236056232991	1.60144595599753	1.45217699181707
TRINITY_GG_54697_c35_g1	-0.990720423743964	-0.990720423743964	-0.990720423743964	0.314374586922733	1.32542531854939	1.33236136575977
TRINITY_GG_6414_c24_g1	-1.73093329194776	-1.73093329194776	-1.73093329194776	0.113854058131297	2.20960935615075	2.86933646156124
TRINITY_GG_5491_c0_g3	-1.19741912661385	-1.35057591467527	-1.35057591467527	1.47846177399387	1.49240291711306	0.927706264857462
TRINITY_GG_104035_c0_g1	-2.38321306807325	-2.12994496908612	-2.5960839011256	-2.33325841499978	4.01761517295548	5.42488518032927
TRINITY_GG_64225_c5_g1	-1.12770930122784	-1.12770930122784	-1.12770930122784	0.808504599778564	1.07893392275555	1.49568938114942
TRINITY_GG_4901_c18_g1	-1.73332237052826	-1.55063007301207	-1.73332237052826	2.05692836830697	1.57381467167665	1.38653177408498
TRINITY_GG_29898_c2_g1	4.10026948278943	0.400811468144719	1.73305062493631	-2.39929682346364	-1.62818300688558	-2.20665174552124
TRINITY_GG_59522_c3_g1	-0.984973358267341	-0.984973358267341	-0.984973358267341	0.955757201917521	0.364958015092774	1.63420485779173
TRINITY_GG_85895_c0_g1	1.28078891636659	0.393061790829286	1.1317500061445	-0.935200237780127	-0.935200237780127	-0.935200237780127
TRINITY_GG_24991_c4_g2	1.86983013855635	0.409295260848545	1.02891076339488	-1.10267872093326	-1.10267872093326	-1.10267872093326
TRINITY_GG_66477_c1_g1	-1.00605001364106	-1.00605001364106	-1.00605001364106	0.360761759486068	1.35571834577809	1.30166993565901
TRINITY_GG_6595_c48_g2	-1.27146935191824	-1.27146935191824	-1.27146935191824	2.20257724740106	1.4503407529958	0.161490055357865
TRINITY_GG_62191_c22_g1	-1.02298492234613	-1.02298492234613	-1.02298492234613	1.27596659412192	1.46321457022197	0.329773602694505
TRINITY_GG_13695_c4_g1	-1.03851218193788	-1.03851218193788	-1.03851218193788	1.37562335104657	0.849013088803706	0.890900105963371
TRINITY_GG_96956_c0_g1	2.78237701713064	1.76033953674747	-0.409749360751918	-1.37765573104207	-1.37765573104207	-1.37765573104207
TRINITY_GG_104518_c0_g1	-2.55426664552799	-2.55426664552799	-2.55426664552799	2.65697922693234	3.05782041066752	1.9480002989841
TRINITY_GG_20543_c0_g1	-1.09929868950433	-1.09929868950433	-1.09929868950433	1.23784149045153	0.885837377863678	1.17421720019778
TRINITY_GG_61831_c2_g1	-0.917469625806331	-0.917469625806331	-0.917469625806331	1.24602910647655	1.08072587734692	0.425653893595521
TRINITY_GG_5343_c40_g1	-1.11864917814152	-1.11864917814152	-1.11864917814152	1.23664905520644	1.10569985906119	1.01359862015692
TRINITY_GG_102123_c0_g1	-1.06236538390605	-1.06236538390605	-1.06236538390605	1.50785464872041	0.308914670116606	1.37032683288112
TRINITY_GG_66678_c0_g1	-1.25776529067427	-1.25776529067427	-1.25776529067427	-0.618070057274692	2.65890242654578	1.73246350275174
TRINITY_GG_31065_c0_g1	-0.971632853886453	-0.971632853886453	-0.971632853886453	1.35835179587197	0.223084609007147	1.33346215678024
TRINITY_GG_1785_c138_g1	-1.45098076465453	-1.45098076465453	-1.45098076465453	0.291456680721737	2.32058793535001	1.74089767789183
TRINITY_GG_63983_c3_g3	-1.10699179116127	-1.10699179116127	-1.10699179116127	0.589447229494486	1.08898566748132	1.64254247650799
TRINITY_GG_69041_c2_g1	-1.55202499645196	-1.55202499645196	-1.55202499645196	1.08604884072876	2.05252081991676	1.51750532871035
TRINITY_GG_15204_c5_g1	1.68137546573704	0.661325545895719	1.31243964952695	-1.21838022038657	-1.21838022038657	-1.21838022038657
TRINITY_GG_41798_c155_g1	-0.934750977498395	-0.934750977498395	-0.934750977498395	1.81628419916947	0.585294046541423	0.402674686784293
TRINITY_GG_104230_c20_g1	-1.31238773059602	-1.31238773059602	-1.31238773059602	1.23061314680641	1.62552157510612	1.08102846987553
TRINITY_GG_83823_c4_g1	-1.3051346543349	-1.3051346543349	-1.3051346543349	1.55880379608907	0.40547894804778	1.95112121886784
TRINITY_GG_54908_c51_g2	-0.862537997605507	-0.862537997605507	-0.862537997605507	0.738683087979439	0.65800997050107	1.19092093433601
TRINITY_GG_67360_c0_g2	-0.92799851231638	-0.92799851231638	-0.92799851231638	0.671795339805862	0.534053806480053	1.57814639066322
TRINITY_GG_91742_c0_g1	-1.49078812796819	-1.49078812796819	-1.49078812796819	1.84806411117699	1.23930833762728	1.3849919351003
TRINITY_GG_10115_c7_g1	-0.959461417305112	-0.959461417305112	-0.959461417305112	1.69794993348574	0.857752506953214	0.322681811476386
TRINITY_GG_106459_c1_g2	-0.888419757971059	-0.888419757971059	-0.888419757971059	1.19019007672531	0.344854781019876	1.13021441616799
TRINITY_GG_64075_c2_g1	2.0678879553727	2.09463746190199	1.75596208532926	-1.97282916753465	-1.97282916753465	-1.97282916753465
TRINITY_GG_17712_c5_g1	1.75934255830125	0.658499108524611	0.78453871112787	-1.06746012598458	-1.06746012598458	-1.06746012598458
TRINITY_GG_99445_c39_g1	-1.54674964041179	-1.54674964041179	-1.54674964041179	1.5250130288883	1.40241173096644	1.71282416138063
TRINITY_GG_6042_c4_g1	-1.0484310771705	-1.0484310771705	-1.0484310771705	1.06959634542029	1.49605430906559	0.579642577025633
TRINITY_GG_3213_c1_g3	1.43836110596612	-0.660867142423089	2.68604946565186	-1.1545144763983	-1.1545144763983	-1.1545144763983
TRINITY_GG_87029_c0_g1	-1.15661277017388	-1.15661277017388	-1.15661277017388	0.204594120064852	0.594850950991682	2.6703932394651
TRINITY_GG_14381_c0_g1	-1.41333688663555	-1.46648083411108	-1.55868827220817	2.45110676117934	1.70854786960424	0.27885136217123
TRINITY_GG_6358_c0_g1	-1.01341490144826	-1.01341490144826	-1.01341490144826	0.317717020768939	1.04351538693441	1.67901229664144
TRINITY_GG_18808_c4_g1	0.493615576459486	2.09673172330532	1.72612353051715	-1.43882361009399	-1.43882361009399	-1.43882361009399
TRINITY_GG_54896_c40_g4	-0.905513997771479	-0.905513997771479	-0.905513997771479	0.795813259641461	1.04383416651708	0.876894567155894
TRINITY_GG_2033_c2_g2	1.9917451482736	1.68054087966264	0.468827481839467	-1.38037116992524	-1.38037116992524	-1.38037116992524
TRINITY_GG_59982_c2_g1	0.039241461237844	2.46778367934897	2.56717436570908	-1.92019088933495	-1.59956427856011	-1.55444433840084
TRINITY_GG_103275_c2_g2	-2.02599577029183	-2.02599577029183	-2.02599577029183	2.48408001152197	3.32947866578005	0.26442863357347
TRINITY_GG_24461_c0_g1	-1.32245992611799	-1.32245992611799	-1.32245992611799	1.29648345718384	1.02066359328386	1.65023272788627
TRINITY_GG_62221_c34_g1	-1.64879023674942	-1.64879023674942	-1.64879023674942	1.04497547546836	2.94019417631663	0.96120105846326
TRINITY_GG_18407_c0_g1	-0.916751493055476	-0.916751493055476	-0.916751493055476	0.729411164102418	1.53979184625699	0.481051468807014
TRINITY_GG_4893_c21_g1	1.08300675779467	1.45679828836792	0.918355859967572	-1.15272030204339	-1.15272030204339	-1.15272030204339
TRINITY_GG_99699_c2_g3	-1.12922830982785	-1.12922830982785	-1.12922830982785	0.62694101831145	2.14667269311169	0.614071218060408
TRINITY_GG_1394_c15_g2	-1.01952802579124	-1.01952802579124	-1.01952802579124	0.36396891836412	0.887747237208138	1.80686792180148
TRINITY_GG_80114_c0_g2	-1.02359883230967	-1.02359883230967	-1.02359883230967	0.645881539567761	1.41042884235393	1.0144861150073
TRINITY_GG_6169_c0_g1	-1.39722346064775	-1.5149185033175	-1.5149185033175	0.497650170185554	3.03752005193604	0.891890245161158
TRINITY_GG_81961_c0_g1	-0.0400875870062856	2.09003267945173	2.38040233123204	-1.47678247455916	-1.47678247455916	-1.47678247455916
TRINITY_GG_55559_c61_g1	-1.16319387229383	-1.16319387229383	-1.16319387229383	0.515779435560338	1.3242924770547	1.64950970426645
TRINITY_GG_54565_c37_g1	-1.12525727043308	-1.12525727043308	-1.12525727043308	0.507010945066435	1.90384218687567	0.964918679357129
TRINITY_GG_6798_c2_g1	-1.03712478822649	-1.03712478822649	-1.03712478822649	0.647245140786512	2.00709444840662	0.457034775486349
TRINITY_GG_18190_c3_g1	-1.4013596475956	-1.4013596475956	-1.4013596475956	1.18816416914364	1.86317678340342	1.15273799023974
TRINITY_GG_10978_c15_g1	-1.22702119654406	-1.22702119654406	-1.22702119654406	1.23476926635895	0.689455447893658	1.75683887537957
TRINITY_GG_54597_c5_g1	0.69662947906805	1.15277343438519	1.14200578599596	-0.997136233149733	-0.997136233149733	-0.997136233149733
TRINITY_GG_40529_c2_g1	-0.899515583421653	-0.899515583421653	-0.899515583421653	0.835139850057352	0.810216175999038	1.05319072420857
TRINITY_GG_103665_c3_g2	-0.931274395027422	-0.931274395027422	-0.931274395027422	0.926308560356726	0.833835966852163	1.03367865787338
TRINITY_GG_226_c3_g5	0.589183928019972	2.05271994499001	0.568948154184463	-1.07028400906481	-1.07028400906481	-1.07028400906481
TRINITY_GG_42478_c3_g1	-1.08312661628641	-1.08312661628641	-1.08312661628641	0.828756673119386	1.46777404836112	0.952849127378721
TRINITY_GG_62044_c4_g1	-1.18418163905592	-1.18418163905592	-1.18418163905592	0.839783351744122	0.621936156979705	2.09082540844395
TRINITY_GG_57403_c5_g1	-1.18494408360703	-1.18494408360703	-1.18494408360703	0.526110238205035	1.58419289943614	1.44452911317992
TRINITY_GG_4844_c18_g1	-1.18112134270888	-1.18112134270888	-1.18112134270888	1.16171781776017	1.48245099270864	0.899195217657833
TRINITY_GG_29703_c0_g1	2.23778331503333	1.92789400140583	0.154850308939601	-1.44017587512625	-1.44017587512625	-1.44017587512625
TRINITY_GG_18905_c3_g2	-0.947090674907143	-0.947090674907143	-0.947090674907143	0.632572222108864	1.19564949720894	1.01305030540363
TRINITY_GG_21985_c0_g2	2.24484271162286	0.590887389740742	0.57732853709227	-1.13768621281862	-1.13768621281862	-1.13768621281862
TRINITY_GG_67672_c0_g1	-1.11686397657557	-1.11686397657557	-1.11686397657557	0.80419144464676	2.70127078423527	-0.154870299155317
TRINITY_GG_47130_c0_g1	-1.25614321682042	-1.25614321682042	-1.25614321682042	1.18241579010325	0.578972398437796	2.00704146192022
TRINITY_GG_70595_c0_g1	-1.47381337356275	-1.47381337356275	-1.47381337356275	1.50584617815307	1.5448208005763	1.37077314195889
TRINITY_GG_55862_c58_g2	0.921349726615348	1.52638690590733	1.20170830282865	-1.21648164511711	-1.21648164511711	-1.21648164511711
TRINITY_GG_2470_c6_g2	-1.05685565368534	-1.05685565368534	-1.05685565368534	0.359984088227485	1.27456294414947	1.53601992867908
TRINITY_GG_103311_c0_g1	1.85241181129896	2.91635621619914	1.46786673874038	-1.86549447434426	-2.20383308395966	-2.16730720793455
TRINITY_GG_21537_c2_g1	-1.1759539594467	-1.1759539594467	-1.1759539594467	0.167169559955148	1.45701216546296	1.903680152922
TRINITY_GG_3063_c0_g1	2.27487529196714	3.5132683970353	2.88993718170107	-3.61267100005576	-1.39562189979362	-3.66978797085412
TRINITY_GG_6574_c0_g1	-1.27287249679339	-1.27287249679339	-1.27287249679339	1.86479496026061	0.620489713970477	1.3333328161491
TRINITY_GG_98058_c0_g2	-1.60317454927655	-1.60317454927655	-1.60317454927655	0.28357067546556	2.24932374951334	2.27662922285075
TRINITY_GG_28603_c0_g1	-1.15072071878082	-1.15072071878082	-1.15072071878082	0.39771590591522	2.29328367980228	0.761162570624972
TRINITY_GG_63325_c4_g1	1.28211719080193	1.22397559093046	0.710912127600488	-1.07233496977763	-1.07233496977763	-1.07233496977763
TRINITY_GG_2671_c55_g1	-1.01572624258874	-1.01572624258874	-1.01572624258874	0.401113499324091	1.43158845766444	1.21447677077768
TRINITY_GG_98646_c0_g1	2.30392521946138	1.12260676558121	0.979249737010917	-1.46859390735117	-1.46859390735117	-1.46859390735117
TRINITY_GG_56719_c135_g1	-1.01764820326389	-1.01764820326389	-1.01764820326389	0.0319825644607123	2.23043116482337	0.790530880507582
TRINITY_GG_8818_c44_g1	-0.13571649200056	1.81136160755053	1.72933977669933	-1.1349949640831	-1.1349949640831	-1.1349949640831
TRINITY_GG_98567_c0_g1	2.12468836613111	0.908067454093196	0.829084612462762	-1.28728014422902	-1.28728014422902	-1.28728014422902
TRINITY_GG_74638_c2_g2	-1.02876446444451	-1.02876446444451	-1.02876446444451	0.0715404413511731	1.33356514572706	1.68118780625531
TRINITY_GG_974_c208_g1	-0.941607717373896	-0.941607717373896	-0.941607717373896	1.51834842228023	0.53658754056527	0.769887189276192
TRINITY_GG_15717_c0_g2	0.267883781649059	1.83525222235548	2.47177870813575	-1.52497157071343	-1.52497157071343	-1.52497157071343
TRINITY_GG_55733_c1_g1	-0.954755004170543	-0.954755004170543	-0.954755004170543	1.06814539793954	1.76902196545289	0.0270976491191978
TRINITY_GG_148_c3_g1	-1.45764038650123	-1.45764038650123	-1.45764038650123	0.901318439331095	2.88519877396782	0.586403946204787
TRINITY_GG_2614_c57_g1	-1.14060733126294	-1.14060733126294	-1.14060733126294	0.410785636764515	0.522053924212154	2.48898243281215
TRINITY_GG_37381_c0_g1	-1.22271883992491	-1.22271883992491	-1.22271883992491	-0.624353634601261	2.42827542941315	1.86423472496283
TRINITY_GG_2522_c4_g4	-0.948563620269687	-0.948563620269687	-0.948563620269687	0.980848667631566	0.988027209554251	0.876814983623244
TRINITY_GG_46397_c3_g1	-1.15588094963176	-1.15588094963176	-1.15588094963176	0.896534944519379	0.0576218703521567	2.51348603402374
TRINITY_GG_40816_c0_g1	-1.16893116197525	-1.16893116197525	-1.16893116197525	1.06557015858696	1.27758975831794	1.16363356902085
TRINITY_GG_87332_c0_g2	2.02974675997137	1.96154441957103	1.44448234546008	-1.81192450833416	-1.81192450833416	-1.81192450833416
TRINITY_GG_55559_c3_g1	-2.95647167403547	-2.77233809594859	-3.33401374413383	2.72925179907428	4.11229305809	2.2212786569536
TRINITY_GG_22227_c11_g1	-1.36890528842763	-1.36890528842763	-1.36890528842763	0.654704926755011	1.09419397892047	2.35781695960742
TRINITY_GG_5505_c29_g1	-1.19981057076801	-1.19981057076801	-1.19981057076801	0.178146063042104	1.35821210275723	2.06307354650469
TRINITY_GG_25273_c0_g1	-1.27541278401038	-1.27541278401038	-1.27541278401038	0.41164790432951	2.14601251204717	1.26857793565447
TRINITY_GG_100561_c0_g1	4.82177196853872	5.19884320241633	-2.58189487639853	-2.412111865512	-2.52305230233516	-2.50355612670937
TRINITY_GG_3224_c99_g1	-0.987543751761912	-0.987543751761912	-0.987543751761912	1.2512431078252	1.13479765576421	0.576590491696325
TRINITY_GG_26274_c1_g1	-0.909674240088781	-0.909674240088781	-0.909674240088781	0.716531242864257	0.803141614348591	1.20934986305349
TRINITY_GG_7158_c27_g1	-1.0074689697597	-1.0074689697597	-1.0074689697597	0.150868057407402	1.41852735159138	1.45301150028031
TRINITY_GG_101138_c0_g1	-1.05103445596842	-1.05103445596842	-1.05103445596842	1.39151100013688	1.5216127223195	0.239979645448882
TRINITY_GG_77562_c34_g1	-1.64751924085881	-1.64751924085881	-1.64751924085881	1.65436101198022	2.91068715696351	0.37750955363271
TRINITY_GG_54223_c0_g1	1.91745280457817	2.16075128344908	1.48287575932003	-1.85369328244909	-1.85369328244909	-1.85369328244909
TRINITY_GG_57182_c0_g2	-0.971756024445979	-0.971756024445979	-0.971756024445979	0.663301805279235	1.02680055868435	1.22516570937435
TRINITY_GG_57822_c3_g2	-1.08533307121263	-1.08533307121263	-1.08533307121263	2.36581208733888	0.818476487366065	0.0717106389329478
TRINITY_GG_105900_c0_g1	-0.924375924255118	-0.924375924255118	-0.924375924255118	0.990188599238822	0.778281619135793	1.00465755439074
TRINITY_GG_56792_c13_g1	-0.974280351331624	-0.974280351331624	-0.974280351331624	0.244810706914573	1.5988517664704	1.0791785806099
TRINITY_GG_38201_c0_g1	-0.92894846391473	-0.92894846391473	-0.92894846391473	0.786944906632875	0.560080599935708	1.43981988517561
TRINITY_GG_47408_c0_g1	-0.948943619207101	-0.948943619207101	-0.948943619207101	0.897850540266192	0.430122780073804	1.51885753728131
TRINITY_GG_54395_c5_g1	3.15952319821729	-0.533470196191631	2.06495600841817	-1.55461412678757	-1.5588803547586	-1.57751452889765
TRINITY_GG_101424_c0_g1	-1.37640274904163	-1.37640274904163	-1.37640274904163	1.78193427812547	2.45344681080306	-0.106172841803634
TRINITY_GG_73570_c5_g1	-1.03082594490933	-1.03082594490933	-1.03082594490933	1.46972119251135	1.52793148546444	0.0948251567521929
TRINITY_GG_3476_c53_g1	2.17092242225952	1.28423581057927	1.2132218913987	-1.55612670807916	-1.55612670807916	-1.55612670807916
TRINITY_GG_15222_c0_g1	1.69941956717737	2.07937409898013	0.574705463591562	-1.54481211065446	-1.15058762211104	-1.65809939698357
TRINITY_GG_57461_c45_g1	-0.981108262653821	-0.981108262653821	-0.981108262653821	0.52122233906219	1.48329862287579	0.938803826023487
TRINITY_GG_72000_c1_g1	2.24987088873868	2.04800728076691	0.602785111999881	-1.63355442716849	-1.63355442716849	-1.63355442716849
TRINITY_GG_50266_c0_g1	-1.13287062215358	-1.13287062215358	-1.13287062215358	1.69576095953444	0.165787693410933	1.53706321351538
TRINITY_GG_9741_c1_g1	2.66741689703235	1.62338275194054	2.47140147223124	-2.25406704040138	-2.25406704040138	-2.25406704040138
TRINITY_GG_3114_c41_g1	-1.54658545905506	-1.54658545905506	-1.54658545905506	1.8089946883223	1.80955835117022	1.02120333767266
TRINITY_GG_55114_c0_g1	-0.959237385249931	-0.959237385249931	-0.959237385249931	0.292936027952095	1.93567736269997	0.64909876509773
TRINITY_GG_181_c28_g1	-0.985380873240113	-0.985380873240113	-0.985380873240113	0.514401246907199	1.15539778254268	1.28634359027046
TRINITY_GG_44940_c0_g1	-1.41113193839298	-1.41113193839298	-1.41113193839298	1.26874220935364	1.4810647720725	1.48358883375281
TRINITY_GG_3621_c49_g1	1.66648760498705	3.70078610370923	1.37499398540228	-2.20947570744358	-2.27216219126131	-2.26062979539368
TRINITY_GG_1516_c43_g1	-1.05252031375647	-1.05252031375647	-1.05252031375647	1.21021349929763	0.666444022003066	1.28090341996872
TRINITY_GG_62747_c97_g1	-1.04766181395728	-1.04766181395728	-1.04766181395728	0.745609840540802	0.761340960981805	1.63603464034923
TRINITY_GG_75289_c0_g1	1.76530971485979	-0.206376690867293	1.81764513847241	-1.12552605415497	-1.12552605415497	-1.12552605415497
TRINITY_GG_66277_c1_g1	-0.967608418394151	-0.967608418394151	-0.967608418394151	0.356049872632094	1.15373859848429	1.39303678406607
TRINITY_GG_22413_c0_g1	-0.945203151515683	-0.945203151515683	-0.945203151515683	0.762321639383925	1.03262626543627	1.04066154972685
TRINITY_GG_86106_c0_g1	-0.910789498233237	-0.910789498233237	-0.910789498233237	0.748221672964913	1.28140466705011	0.70274215468469
TRINITY_GG_54289_c0_g1	-0.916727129264753	-0.916727129264753	-0.916727129264753	0.684493956320193	1.57153078354324	0.494156647930827
TRINITY_GG_2986_c34_g1	-1.35249692185186	-1.35249692185186	-1.35249692185186	1.33119953245465	3.27060907118133	-0.544317838080393
TRINITY_GG_6714_c22_g1	-0.888857936759671	-0.888857936759671	-0.888857936759671	0.582069320715456	1.19894432221742	0.885560167346142
TRINITY_GG_55632_c25_g1	-1.18312520452062	-1.18312520452062	-1.18312520452062	1.55109666170016	0.981339294867986	1.01693965699369
TRINITY_GG_90531_c0_g1	-1.09723936763307	-1.09723936763307	-1.09723936763307	1.80174285912829	0.652509411231427	0.837465832539493
TRINITY_GG_42253_c2_g1	2.01152239999026	0.735156432501099	0.381215582825986	-1.04263147177245	-1.04263147177245	-1.04263147177245
TRINITY_GG_57848_c2_g1	-1.20379061702487	-1.20379061702487	-1.20379061702487	0.940908408129267	1.8021482594898	0.868315183455547
TRINITY_GG_39445_c0_g1	2.46797033865389	-0.21187080394601	1.18023079191322	-1.14544344220703	-1.14544344220703	-1.14544344220703
TRINITY_GG_32543_c0_g1	-1.49571124638498	-1.49571124638498	-1.49571124638498	2.57545074690428	1.49015345485755	0.421529537393106
TRINITY_GG_37218_c1_g1	-1.09592633103556	-1.09592633103556	-1.09592633103556	0.562170874315807	1.385372610512	1.34023550827889
TRINITY_GG_69797_c1_g1	-0.973818256003925	-0.973818256003925	-0.973818256003925	0.649580426373339	1.08864888749678	1.18322545414166
TRINITY_GG_38151_c2_g1	-1.27747925239444	-1.27747925239444	-1.27747925239444	-0.710907611767682	2.28005337525622	2.26329199369479
TRINITY_GG_66760_c3_g3	-1.55255663087646	-1.55255663087646	-1.55255663087646	0.937756769425653	1.53456671277474	2.185346410429
TRINITY_GG_7696_c0_g1	-1.23502596289436	-1.23502596289436	-1.23502596289436	0.100685947426104	1.2662857863493	2.33810615490767
TRINITY_GG_55358_c7_g1	-1.09115462813095	-1.09115462813095	-1.09115462813095	0.974417683462676	0.557310814896368	1.7417353860338
TRINITY_GG_11432_c12_g1	-0.976382758359199	-0.976382758359199	-0.976382758359199	0.470402803783924	0.667473431415526	1.79127203987815
TRINITY_GG_19118_c1_g3	-1.25265748699	-1.25265748699	-1.25265748699	0.463674993297983	1.85385834427625	1.44043912339578
TRINITY_GG_48858_c1_g1	-1.16884387482119	-1.16884387482119	-1.16884387482119	1.1870181315081	-0.569526081122965	2.88903957407843
TRINITY_GG_43816_c0_g1	-1.03776638512273	-1.03776638512273	-1.03776638512273	0.88937155384577	0.418514096387991	1.80541350513444
TRINITY_GG_8803_c0_g1	0.494273818023981	0.246931695150768	2.42276234118251	-1.05465595145242	-1.05465595145242	-1.05465595145242
TRINITY_GG_58306_c26_g1	-0.953502176093069	-0.953502176093069	-0.953502176093069	0.93791701075301	1.33012332451397	0.592466193012224
TRINITY_GG_9063_c2_g1	-0.987564177120941	-0.987564177120941	-0.987564177120941	1.04981804488214	0.796102003786888	1.11677248269379
TRINITY_GG_98142_c0_g2	2.05944371064316	1.51007143511336	0.819451067315661	-1.46298873769073	-1.46298873769073	-1.46298873769073
TRINITY_GG_87332_c0_g1	2.63491249040327	1.91461132997172	1.00356465865245	-1.85102949300915	-1.85102949300915	-1.85102949300915
TRINITY_GG_89925_c1_g1	-0.937803420586536	-0.937803420586536	-0.937803420586536	0.515845845456755	1.35409477546014	0.943469640842712
TRINITY_GG_27669_c1_g2	-1.07333027323232	-1.07333027323232	-1.07333027323232	0.478062694795131	2.36002982701703	0.381898297884815
TRINITY_GG_3718_c3_g1	-1.15209016891225	-1.15209016891225	-1.15209016891225	0.799870559868879	1.41837276211379	1.23802718475408
TRINITY_GG_23712_c0_g1	-0.947795546435586	-0.947795546435586	-0.947795546435586	0.906200100740808	0.375286243068147	1.5619002954978
TRINITY_GG_35596_c0_g1	-1.32623970798882	-1.32623970798882	-1.32623970798882	1.98657065703962	-1.12209899120859	3.11424745813542
TRINITY_GG_57751_c67_g2	-0.916496215540947	-0.916496215540947	-0.916496215540947	0.563251718825278	0.902354345354486	1.28388258244308
TRINITY_GG_10747_c0_g1	-1.09581791796138	-1.09581791796138	-1.09581791796138	0.836999184780466	1.7722761619539	0.678178407149789
TRINITY_GG_2671_c20_g2	-1.133513914402	-1.133513914402	-1.133513914402	0.430132355082062	2.18248697171965	0.787922416404296
TRINITY_GG_43477_c2_g3	0.974490201212889	0.933066533708442	0.883869817492082	-0.930475517471138	-0.930475517471138	-0.930475517471138
TRINITY_GG_119_c222_g1	-1.21439145362756	-1.21439145362756	-1.21439145362756	1.01704095482041	-0.00837344960666164	2.63450685566893
TRINITY_GG_3110_c8_g1	-1.51724862375824	-1.51724862375824	-1.51724862375824	2.44798155961389	0.630058075022058	1.47370623663876
TRINITY_GG_86294_c0_g1	-1.09726229935548	-1.09726229935548	-1.09726229935548	0.872118465586124	1.09335256085401	1.32631587162631
TRINITY_GG_58197_c19_g1	-1.37416512066581	-1.37416512066581	-1.37416512066581	1.22610463284319	1.40404345573227	1.49234727342198
TRINITY_GG_60388_c80_g1	-1.07137710001709	-1.07137710001709	-1.07137710001709	1.05361266996157	1.19345954845069	0.967059081639016
TRINITY_GG_3949_c4_g1	-1.22092422035575	-1.22092422035575	-1.22092422035575	1.20211603300576	-0.316343785434432	2.77700041349592
TRINITY_GG_1270_c64_g1	-0.997269638816211	-0.997269638816211	-0.997269638816211	1.35633595252191	0.219961077404458	1.41551188652226
TRINITY_GG_8965_c30_g1	-1.15812601828435	-1.15812601828435	-1.15812601828435	1.6692865561145	0.990157344218824	0.814934154519731
TRINITY_GG_63113_c28_g1	-0.977448509708681	-0.977448509708681	-0.977448509708681	0.452836763269099	1.00330800952234	1.47620075633461
TRINITY_GG_104518_c2_g1	-2.23065970548652	-2.23065970548652	-2.23065970548652	2.20796583260186	3.01901317207813	1.46500011177957
TRINITY_GG_90354_c1_g1	-1.36007887566509	-1.36007887566509	-1.36007887566509	1.15467462277467	1.29160430496702	1.63395769925358
TRINITY_GG_73451_c1_g1	-1.50326894631126	-1.50326894631126	-1.50326894631126	1.38620459621985	2.11590926974781	1.00769297296612
TRINITY_GG_3347_c14_g3	-0.876696366870981	-0.876696366870981	-0.876696366870981	1.2121236664276	0.93682832242683	0.481137111758509
TRINITY_GG_63032_c3_g1	-1.12697385365853	-1.12697385365853	-1.12697385365853	0.63090280608937	1.64279788559092	1.10722086929529
TRINITY_GG_14101_c0_g1	-1.01448266472874	-1.01448266472874	-1.01448266472874	0.898550335223403	1.81739457646293	0.327503082499877
TRINITY_GG_4694_c13_g1	-0.960284726772628	-0.960284726772628	-0.960284726772628	0.738822657851373	0.929188815758481	1.21284270670803
TRINITY_GG_103582_c0_g1	-1.51530666872559	-1.51530666872559	-1.51530666872559	1.99400913324224	0.240008235319504	2.31190263761504
TRINITY_GG_7385_c63_g1	-0.993786303831444	-0.993786303831444	-0.993786303831444	0.300172675197251	1.0054921682511	1.67569406804598
TRINITY_GG_56391_c14_g1	-1.67199203321597	-1.67199203321597	-1.67199203321597	0.899442082660541	2.01864854539972	2.09788547158764
TRINITY_GG_60806_c0_g1	0.789715836019227	0.759741258623298	1.25796453388688	-0.935807209509801	-0.935807209509801	-0.935807209509801
TRINITY_GG_4380_c82_g1	-1.16081427162033	-1.16081427162033	-1.16081427162033	1.77351350669504	0.491786945976186	1.21714236218978
TRINITY_GG_44084_c0_g1	1.2950277394191	1.22296732197766	0.534045960671402	-1.01734700735605	-1.01734700735605	-1.01734700735605
TRINITY_GG_1002_c18_g1	1.64235139662134	1.02136917346724	1.46886462311713	-1.37752839773523	-1.37752839773523	-1.37752839773523
TRINITY_GG_94164_c0_g1	-1.69955185235998	-1.69955185235998	-1.69955185235998	1.44905691784524	2.15364540241037	1.49595323682434
TRINITY_GG_9753_c1_g1	0.816289750637934	0.957275630644138	1.24392019099216	-1.00582852409141	-1.00582852409141	-1.00582852409141
TRINITY_GG_101845_c0_g1	2.30197169667916	0.316494388617764	0.434039103439144	-1.01750172957869	-1.01750172957869	-1.01750172957869
TRINITY_GG_4947_c0_g1	-1.62636008378259	-1.62636008378259	-1.62636008378259	1.47847975398559	1.87851450561588	1.5220859917463
TRINITY_GG_104636_c0_g1	-1.14102264446775	-1.14102264446775	-1.14102264446775	2.09133112327128	-0.0535598032174125	1.38529661334939
TRINITY_GG_42329_c2_g1	-1.62970988154562	-1.62970988154562	-1.62970988154562	1.02082493076916	2.21527827513699	1.65302643873072
TRINITY_GG_75439_c0_g1	-1.09682141744971	-1.09682141744971	-1.09682141744971	0.866282737285837	1.19360298641559	1.23057852864771
TRINITY_GG_10586_c0_g1	-1.67959633868767	-1.44167718098084	-1.74033549654535	0.887738157650786	2.90973971237564	1.06413114618743
TRINITY_GG_73451_c0_g1	-1.6239113668637	-1.6239113668637	-1.6239113668637	0.997847489846029	2.2996181708586	1.57426843988648
TRINITY_GG_9462_c9_g1	-1.20225058265114	-1.20225058265114	-1.20225058265114	0.847728620056652	0.385114408285321	2.37390871961145
TRINITY_GG_70454_c3_g1	-0.958219688542951	-0.958219688542951	-0.958219688542951	1.53132324709952	0.945975359694923	0.397360458834408
TRINITY_GG_6972_c41_g5	-1.08675828988453	-1.08675828988453	-1.08675828988453	0.840379649083972	1.52370555529663	0.896189665272994
TRINITY_GG_11139_c0_g1	-1.7183582553135	-1.7183582553135	-1.7183582553135	1.06216182772572	2.37351079998835	1.71940213822643
TRINITY_GG_104738_c10_g1	-1.31220329151475	-1.31220329151475	-1.31220329151475	0.513989244721854	0.756811386400433	2.66580924342195
TRINITY_GG_11137_c0_g1	-1.04470107009019	-1.04470107009019	-1.04470107009019	1.72655068178796	0.53157918753117	0.875973340951432
TRINITY_GG_99783_c10_g1	-1.13809493367395	-1.13809493367395	-1.13809493367395	0.992506516116615	1.48811054927909	0.933667735626143
TRINITY_GG_90618_c2_g3	-1.18554151060393	-1.18554151060393	-1.18554151060393	-0.0612133756017263	3.1329922610436	0.484845646369906
TRINITY_GG_1480_c25_g1	-0.915239805556921	-0.915239805556921	-0.915239805556921	0.992420022296368	1.31126872425176	0.442030670122638
TRINITY_GG_2782_c14_g1	-1.20039702913148	-1.20039702913148	-1.20039702913148	0.897887766591944	1.98340704972296	0.719896271079528
TRINITY_GG_76277_c0_g1	1.90695402377421	0.620743148058956	0.707395537861967	-1.07836423656504	-1.07836423656504	-1.07836423656504
TRINITY_GG_2957_c10_g1	0.796887350733425	1.26698659637669	1.30634390132263	-1.12340594947758	-1.12340594947758	-1.12340594947758
TRINITY_GG_989_c8_g1	-1.21646620411872	-1.21646620411872	-1.21646620411872	1.7714003448685	1.41324011782683	0.464758149660837
TRINITY_GG_54644_c24_g1	-0.967212120620702	-0.967212120620702	-0.967212120620702	0.682173408560814	1.28556683090748	0.93389612239381
TRINITY_GG_14285_c0_g2	-1.04044049528331	-1.04044049528331	-1.04044049528331	1.05007423460494	1.34912631647941	0.722120934765578
TRINITY_GG_8158_c12_g2	-1.32208184942159	-1.39862340429458	-1.48803832512832	0.640998687034589	2.88654166571518	0.681203226094718
TRINITY_GG_97257_c0_g1	-0.901236470180457	-0.901236470180457	-0.901236470180457	1.39712858488078	0.72496901277258	0.581611812888008
TRINITY_GG_1176_c33_g1	-1.41161971799552	-1.41161971799552	-1.41161971799552	1.31934623386456	1.33490803912267	1.58060488099934
TRINITY_GG_12214_c10_g1	-1.39763463665542	-1.39763463665542	-1.39763463665542	1.2600053685524	1.34394021076338	1.58895833065048
TRINITY_GG_73738_c2_g1	-1.51362100419544	-1.51362100419544	-1.51362100419544	0.827226072854974	1.90807357698485	1.8055633627465
TRINITY_GG_94042_c1_g2	-1.25856143567281	-1.25856143567281	-1.25856143567281	1.46761584388189	1.4396570425516	0.868411420584952
TRINITY_GG_4426_c31_g2	-1.08739266354586	-1.08739266354586	-1.08739266354586	0.774959535986163	0.715834372889071	1.77138408176234
TRINITY_GG_100120_c0_g1	1.43699045084211	0.792098140955655	1.34346085080785	-1.19084981420187	-1.19084981420187	-1.19084981420187
TRINITY_GG_82924_c1_g2	-1.13230791328473	-1.13230791328473	-1.13230791328473	0.778808393093493	0.877397558998941	1.74071778776175
TRINITY_GG_44712_c0_g1	2.74164026822628	2.46484325461411	2.71991587835608	-2.64213313373216	-2.64213313373216	-2.64213313373216
TRINITY_GG_1776_c2_g1	-1.14499164518946	-1.14499164518946	-1.14499164518946	0.234074754091442	1.11292414613476	2.08797603534219
TRINITY_GG_61638_c0_g1	-1.20182931595876	-1.20182931595876	-1.20182931595876	1.08888996681219	-0.268256677697736	2.78485465876183
TRINITY_GG_3018_c49_g1	-1.18096376694853	-1.18096376694853	-1.18096376694853	1.03160557190228	1.46266157315119	1.04862415579212
TRINITY_GG_5136_c41_g1	-1.1201049013016	-1.1201049013016	-1.1201049013016	1.13750922874794	1.77926410697438	0.443541368182467
TRINITY_GG_58683_c18_g1	-1.10722401627098	-1.10722401627098	-1.10722401627098	-0.168373679264917	-0.06738375173919	3.55742947981705
TRINITY_GG_43517_c5_g3	-1.81797024570317	-1.81797024570317	-1.81797024570317	1.70659497537403	2.05495698794806	1.69235877378741
TRINITY_GG_85193_c0_g1	1.7329078476781	1.48439833482331	2.20032963845127	-1.80587860698422	-1.80587860698422	-1.80587860698422
TRINITY_GG_104133_c1_g1	2.20482600870412	1.26614790238199	0.751251653738345	-1.40740852160815	-1.40740852160815	-1.40740852160815
TRINITY_GG_6116_c3_g1	2.65243695340848	-0.138738041593692	2.18533373131199	-1.56634421437559	-1.56634421437559	-1.56634421437559
TRINITY_GG_1980_c49_g1	1.66231357486837	1.68474023181402	0.824296440341199	-1.3904500823412	-1.3904500823412	-1.3904500823412
TRINITY_GG_6539_c19_g1	-1.29381600120794	-1.29381600120794	-1.29381600120794	0.83117376877072	1.60748536074681	1.4427888741063
TRINITY_GG_95048_c1_g2	-1.72483144349701	-1.72483144349701	-1.72483144349701	1.64561186132429	1.83673909326935	1.69214337589739
TRINITY_GG_47791_c1_g1	-1.48090517081018	-1.48090517081018	-1.48090517081018	-0.528571604440489	3.24227109681735	1.72901602005367
TRINITY_GG_70097_c0_g1	-0.882858050641605	-0.882858050641605	-0.882858050641605	0.42106878583909	0.924496871415999	1.30300849466973
TRINITY_GG_60456_c20_g1	-0.973237355234678	-0.973237355234678	-0.973237355234678	0.277724218298541	1.32893544450607	1.31305240289942
TRINITY_GG_56671_c167_g1	-0.852726771372613	-0.852726771372613	-0.852726771372613	0.841484836395278	1.03635732722554	0.680338150497025
TRINITY_GG_3378_c51_g1	-1.1080732984688	-1.1080732984688	-1.1080732984688	0.507813775447253	1.04183636906612	1.77456975089304
TRINITY_GG_61484_c9_g1	-0.995778824623738	-0.995778824623738	-0.995778824623738	1.04054866719403	0.981684286615729	0.965103520061458
TRINITY_GG_30842_c2_g1	-0.972783665822584	-0.972783665822584	-0.972783665822584	1.24568754492068	1.10889682283375	0.563766629713326
TRINITY_GG_6808_c0_g1	-1.65037012196608	-1.65037012196608	-1.65037012196608	1.99152266713775	1.99878544068257	0.960802258077925
TRINITY_GG_74741_c0_g1	-1.37723052490587	-1.37723052490587	-1.37723052490587	0.933981929729161	2.70427954321505	0.493430101773409
TRINITY_GG_57145_c1_g1	-1.90539101122291	-1.90539101122291	-1.90539101122291	-0.130551251395582	3.29945397456856	2.54727031049575
TRINITY_GG_66139_c1_g2	-0.867117687503642	-0.867117687503642	-0.867117687503642	0.655942374291607	1.00393738758299	0.941473300636333
TRINITY_GG_96224_c0_g1	0.894433160412904	1.14345198544908	1.31544862475193	-1.11777792353797	-1.11777792353797	-1.11777792353797
TRINITY_GG_1861_c0_g1	-0.944580096553398	-0.944580096553398	-0.944580096553398	0.924896537412003	0.495308951066381	1.41353480118181
TRINITY_GG_73367_c0_g1	-1.32769582651825	-1.32769582651825	-1.32769582651825	1.30991441970703	1.13435649227818	1.53881656756955
TRINITY_GG_9138_c0_g2	-1.0010457864593	-1.0010457864593	-1.0010457864593	0.756830873288597	0.925712745527165	1.32059374056214
TRINITY_GG_27855_c2_g1	2.82501453406698	0.86245363540768	0.746857731381541	-1.47810863361873	-1.47810863361873	-1.47810863361873
TRINITY_GG_16590_c0_g1	-1.07766665186405	-1.07766665186405	-1.07766665186405	1.24973329423337	1.08163960277712	0.901627058581676
TRINITY_GG_2449_c54_g1	-1.39911059292619	-1.39911059292619	-1.39911059292619	-0.238190404745082	2.29287015767709	2.14265202584655
TRINITY_GG_62536_c0_g5	-1.02503970540648	-1.02503970540648	-1.02503970540648	0.268919273622211	0.892201078371602	1.91399876422564
TRINITY_GG_66702_c0_g2	2.34995646205605	-0.765438609027019	2.01388099804282	-1.19946628369062	-1.19946628369062	-1.19946628369062
TRINITY_GG_105714_c0_g1	-0.888624364140887	-0.888624364140887	-0.888624364140887	0.635940856936313	1.15472014073628	0.875212094750065
TRINITY_GG_54792_c0_g1	-1.35127742759741	-1.35127742759741	-1.35127742759741	0.860357825729738	2.12224974955935	1.07122470750315
TRINITY_GG_87352_c0_g2	-1.30214914430171	-1.30214914430171	-1.30214914430171	0.781234443408369	1.13561124923821	1.98960174025856
TRINITY_GG_9468_c39_g1	-1.2862368035003	-1.2862368035003	-1.2862368035003	1.39228587338319	1.40641356653523	1.06001097058248
TRINITY_GG_26513_c0_g2	-1.01485741591257	-1.01485741591257	-1.01485741591257	0.483904049759283	0.743445761219332	1.81722243675909
TRINITY_GG_5789_c1_g1	-1.12998793798184	-1.12998793798184	-1.12998793798184	0.817491207984837	0.72958411883541	1.84288848712527
TRINITY_GG_872_c53_g2	0.671703436407097	0.682291294297828	1.91985465471551	-1.09128312847348	-1.09128312847348	-1.09128312847348
TRINITY_GG_104567_c15_g2	0.67759154206946	1.07470849912501	1.38363474827849	-1.04531159649099	-1.04531159649099	-1.04531159649099
TRINITY_GG_23060_c11_g1	-1.17580227783343	-1.17580227783343	-1.17580227783343	0.792104092456721	1.95430490082541	0.780997840218151
TRINITY_GG_23548_c3_g1	-2.52003379175897	-2.52003379175897	-2.52003379175897	2.59770280258893	3.0821676984384	1.88023087424957
TRINITY_GG_62034_c6_g1	-1.16265030392779	-1.16265030392779	-1.16265030392779	1.18047321547406	2.21613873400632	0.0913389623029948
TRINITY_GG_6621_c39_g1	-1.21309647305471	-1.21309647305471	-1.21309647305471	1.68646588709998	1.35444897458903	0.598374557475123
TRINITY_GG_58683_c31_g1	1.63956520277387	1.30032080717542	2.82246274462809	-1.92078291819246	-1.92078291819246	-1.92078291819246
TRINITY_GG_6540_c0_g1	-1.22110467199712	-1.22110467199712	-1.22110467199712	0.393840694939755	1.20784167277237	2.06163164827923
TRINITY_GG_5768_c5_g1	-1.97293176772569	-1.97293176772569	-1.97293176772569	-1.51980932112988	3.64985219843043	3.78875242587652
TRINITY_GG_105882_c0_g1	-1.13271452809968	-1.13271452809968	-1.13271452809968	1.63663407137818	0.00806412768311815	1.75344538523773
TRINITY_GG_53937_c87_g1	-1.09871282738233	-1.09871282738233	-1.09871282738233	1.28450760598333	0.600394557241673	1.41123631892198
TRINITY_GG_69715_c1_g1	1.10293533997096	0.0916495324244492	1.74369501636412	-0.97942662958651	-0.97942662958651	-0.97942662958651
TRINITY_GG_58395_c0_g4	-1.09618258460204	-1.09618258460204	-1.09618258460204	0.558711172871287	1.56328535248275	1.16655122845207
TRINITY_GG_332_c47_g2	-0.998925478111892	-0.998925478111892	-0.998925478111892	1.07146384977951	0.798917588953649	1.12639499560252
TRINITY_GG_28316_c0_g1	-1.16733018477768	-1.16733018477768	-1.16733018477768	0.222236626985042	1.94653697470501	1.333216952643
TRINITY_GG_63262_c0_g1	-1.22327905091442	-1.22327905091442	-1.22327905091442	0.792147152695188	1.20218025385094	1.67550974619713
TRINITY_GG_7414_c3_g1	1.11349590685952	0.768424295433552	1.06334002818544	-0.981753410159505	-0.981753410159505	-0.981753410159505
TRINITY_GG_54729_c1_g1	-1.04977469181774	-1.04977469181774	-1.04977469181774	1.95903486350185	0.564699591019961	0.625589620931406
TRINITY_GG_94564_c1_g1	-1.93228985749988	-1.93228985749988	-1.93228985749988	1.73548875460698	2.55924260430445	1.5021382135882
TRINITY_GG_57896_c0_g3	-1.60700697300989	-1.60700697300989	-1.60700697300989	2.21826985704497	0.612703666538885	1.99004739544582
TRINITY_GG_1514_c13_g2	-1.0562270916798	-1.0562270916798	-1.0562270916798	1.01106742978873	1.40031624763267	0.757297597618008
TRINITY_GG_8998_c40_g1	-0.926782500595964	-0.926782500595964	-0.926782500595964	0.938740458543999	1.10390670347518	0.737700339768718
TRINITY_GG_99621_c9_g1	-1.25541110057298	-1.25541110057298	-1.25541110057298	2.50054466897798	0.502465559174912	0.763223073566066
TRINITY_GG_3224_c184_g1	-1.06853473900472	-1.06853473900472	-1.06853473900472	0.667420615007546	0.912952628793543	1.62523097321306
TRINITY_GG_22493_c2_g1	-1.18355966161445	-1.18355966161445	-1.18355966161445	0.719478608498461	1.30546940223599	1.52573097410891
TRINITY_GG_9146_c33_g1	-1.00722995847612	-1.00722995847612	-1.00722995847612	0.152399227345108	2.41028504440897	0.459005603674285
TRINITY_GG_53947_c43_g1	-1.00603195598317	-1.00603195598317	-1.00603195598317	1.31416386528296	0.90508435039505	0.798847652271503
TRINITY_GG_92786_c1_g1	-1.26990844314033	-1.26990844314033	-1.26990844314033	2.11938301886664	-0.00507179467255514	1.69541410522692
TRINITY_GG_59493_c42_g1	-0.863348743078706	-0.863348743078706	-0.863348743078706	1.12069368301832	0.663220917419078	0.806131628798721
TRINITY_GG_59020_c6_g1	-1.04427048021635	-1.04427048021635	-1.04427048021635	1.35298486537807	1.24733307781421	0.532493497456773
TRINITY_GG_31025_c0_g1	4.06947578952031	3.97755707898729	-1.84743992344225	-2.06653098168845	-2.06653098168845	-2.06653098168845
TRINITY_GG_72829_c0_g1	-1.14851141164543	-1.14851141164543	-1.14851141164543	0.57482870860574	1.32812949702409	1.54257602930646
TRINITY_GG_23965_c0_g1	-1.50832431445384	-1.50832431445384	-1.50832431445384	0.653240941943191	2.17795208735361	1.69377991406472
TRINITY_GG_46105_c0_g1	-0.894811545809519	-0.894811545809519	-0.894811545809519	1.24694820150438	0.454553731784694	0.982932704139483
TRINITY_GG_16072_c0_g1	-1.81909353874362	-1.81909353874362	-1.81909353874362	1.55051253128822	2.49197356351198	1.41479452143066
TRINITY_GG_4892_c5_g3	-1.93000597910544	-1.93000597910544	-1.93000597910544	1.22525752491939	1.91437967389713	2.65038073849982
TRINITY_GG_91040_c0_g1	2.49241410607537	3.12248929118357	1.45527442147186	-2.45186425169568	-2.26590228689022	-2.35241128014489
TRINITY_GG_54347_c91_g1	-0.961117579882237	-0.961117579882237	-0.961117579882237	1.14824297952199	0.18096904973529	1.55414071038943
