bleached_44_01	bleached_44_02	non-bleached_44_01	bleached_44_03	non-bleached_44_02	non-bleached_44_03	non-bleached_k4_01	non-bleached_k4_02	bleached_k4_01	bleached_k4_02	non-bleached_k4_03	bleached_k4_03
TRINITY_GG_102362_c0_g1	2.11649319590272	0.454893560222526	1.027110832694	-0.93191738624969	0.646296779222764	2.27862733570582	-0.93191738624969	-0.93191738624969	-0.93191738624969	-0.93191738624969	-0.93191738624969	-0.93191738624969
TRINITY_GG_47031_c1_g1	3.62419898071845	1.48228484619085	-1.52867397588139	3.28813049895149	3.83477748119032	-1.52867397588139	-1.52867397588139	-1.52867397588139	-1.52867397588139	-1.52867397588139	-1.52867397588139	-1.52867397588139
TRINITY_GG_10023_c21_g2	-0.819798864452427	-0.819798864452427	-0.819798864452427	-0.819798864452427	-0.819798864452427	-0.819798864452427	2.52800850345819	0.660983259951554	2.38528080129741	0.629102086692701	-0.464782600232877	-0.819798864452427
TRINITY_GG_8161_c11_g2	-0.714273599333042	-0.714273599333042	-0.714273599333042	-0.714273599333042	-0.714273599333042	-0.714273599333042	-0.714273599333042	2.09781383583804	1.06519625796213	1.23955035460812	0.648056010838526	-0.0507012639155198
TRINITY_GG_25843_c5_g1	0.478772662316316	0.420056546657136	-0.54341757731775	0.381062415041272	1.62490353842197	0.899127878787554	-0.54341757731775	-0.54341757731775	-0.54341757731775	-0.54341757731775	-0.54341757731775	-0.54341757731775
TRINITY_GG_18422_c2_g2	-1.10850397955209	-1.10850397955209	-1.10850397955209	-1.10850397955209	-1.10850397955209	-1.10850397955209	2.74808339574915	2.39916382473806	2.15573217149146	-1.10850397955209	1.56505244443806	-1.10850397955209
TRINITY_GG_98433_c0_g1	-1.21725380630645	-1.21725380630645	-1.21725380630645	-1.21725380630645	-1.21725380630645	-1.21725380630645	-1.21725380630645	2.25705243398195	2.53420991485911	2.06296018950417	-1.21725380630645	2.88380791210636
TRINITY_GG_9894_c4_g1	-1.80345293732547	-1.98792028603598	-1.27576426470546	-0.949924658047701	-1.91290407974147	-1.99542596278407	-0.936446273608815	-0.527225319129511	2.39279027027844	2.69879826893211	2.57865568728589	3.71881955488205
TRINITY_GG_89716_c1_g1	1.77356813780899	1.15861039181291	0.418942660733876	0.782673368423147	-0.811875181127208	1.54933170911152	-0.811875181127208	-0.811875181127208	-0.811875181127208	-0.811875181127208	-0.811875181127208	-0.811875181127208
TRINITY_GG_57730_c25_g1	2.36325739449444	0.141891345840422	-0.173430939716672	2.27718960032387	0.903248120177399	0.115161422035239	-0.731829835389939	-0.947930033622231	-0.791443406504723	-1.05396357421477	-1.07467742668418	-1.02747266673886
TRINITY_GG_77468_c0_g1	-1.58746925208666	-1.58746925208666	-1.58746925208666	-1.58746925208666	-1.58746925208666	-1.58746925208666	3.24212664709085	-0.445382622469131	3.79747850487426	0.981292530711247	2.97312343491532	-1.02382298260259
TRINITY_GG_77516_c1_g1	-0.566008436971117	-0.133049029695011	0.232249495673383	1.3180033006124	1.17729109091714	1.36756420128991	-0.566008436971117	-0.566008436971117	-0.566008436971117	-0.566008436971117	-0.566008436971117	-0.566008436971117
TRINITY_GG_6205_c57_g1	-0.95404072593085	-0.95404072593085	-0.95404072593085	-0.95404072593085	-0.95404072593085	-0.95404072593085	1.19521863956877	2.338741023297	1.85393236154686	0.569521230126163	0.720871826977156	-0.95404072593085
TRINITY_GG_55600_c50_g1	1.20378757076012	0.784628923897759	0.74639377400864	-0.506385177519544	0.531348449926971	0.278537524043317	-0.506385177519544	-0.506385177519544	-0.506385177519544	-0.506385177519544	-0.506385177519544	-0.506385177519544
TRINITY_GG_62853_c25_g1	1.48085065773737	1.53516979768633	0.363309731644294	0.800084481154751	1.36378066197029	1.77144225282878	-1.25163563529258	-1.16213748445347	-1.25163563529258	-1.25163563529258	-1.25163563529258	-1.14595755739804
TRINITY_GG_103263_c0_g1	0.836889921256544	0.373067916085402	1.2049139236892	1.45203570566593	0.152434935627949	0.216424435748443	-0.758997541530891	-0.494745157540425	-0.720523393716255	-0.840456586183447	-0.651038293394971	-0.770005865707479
TRINITY_GG_105093_c4_g1	0.17373781404332	-0.595187521520431	0.302440152759119	2.75346982385442	0.789414936130324	0.147249923855834	-0.595187521520431	-0.595187521520431	-0.595187521520431	-0.595187521520431	-0.595187521520431	-0.595187521520431
TRINITY_GG_57691_c0_g1	-0.0721903512697879	1.16484884603106	0.727639965753597	-0.5861863306368	0.0909836081814446	2.19202224576129	-0.5861863306368	-0.5861863306368	-0.5861863306368	-0.5861863306368	-0.5861863306368	-0.5861863306368
TRINITY_GG_18826_c40_g1	-0.658895625162408	-0.658895625162408	-0.658895625162408	-0.658895625162408	-0.658895625162408	-0.658895625162408	1.96824424580314	1.53708183348018	0.622654268204234	0.363294614471658	0.120994414177639	-0.658895625162408
TRINITY_GG_34629_c0_g1	-1.47543440734867	-1.47543440734867	-1.47543440734867	-1.47543440734867	-1.47543440734867	-1.47543440734867	1.64259301524212	1.30990689135651	2.11325024984336	0.975051052512448	1.27324149644527	1.53856373869233
TRINITY_GG_4825_c0_g1	0.50439418900995	0.512881968803157	2.46579894369737	1.23282177171976	-1.15692893791633	2.59069692599442	-1.15976609721986	-0.714865342841535	-1.07698842143541	-1.14142351709806	-0.940216425652241	-1.11640505706122
TRINITY_GG_6783_c76_g1	-0.70415787802548	-0.70415787802548	-0.70415787802548	-0.70415787802548	-0.70415787802548	-0.70415787802548	1.00425010545812	0.939236575454412	0.625826771732941	0.719689176572954	-0.70415787802548	1.64010251695994
TRINITY_GG_48412_c0_g1	-0.82943202573476	-0.82943202573476	-0.82943202573476	-0.82943202573476	-0.82943202573476	-0.82943202573476	0.959671191766621	0.506851362129672	0.0281509296493877	2.02635839054006	0.559033071548394	0.896527208774427
TRINITY_GG_60163_c11_g1	-0.870543851489582	-0.870543851489582	-0.870543851489582	-0.870543851489582	-0.870543851489582	-0.870543851489582	0.738738328426987	1.00759291513737	-0.870543851489582	1.61668521831465	1.73779229885808	0.992998199689997
TRINITY_GG_2149_c68_g1	2.26771198940544	1.47336802821422	0.611480902345976	1.97768882804932	0.142754157264535	0.863936111832063	-1.74732272534999	-1.37552305804761	-0.557284143222078	-0.687923177273326	-1.22081995517684	-1.7480669580417
TRINITY_GG_29365_c2_g1	3.06899320135989	2.60771998064247	3.0208300313502	2.24353731411105	-1.36763506593295	-1.36763506593295	-1.36763506593295	-1.36763506593295	-1.36763506593295	-1.36763506593295	-1.36763506593295	-1.36763506593295
TRINITY_GG_4037_c20_g1	-0.612377010707623	-0.612377010707623	-0.612377010707623	-0.612377010707623	-0.612377010707623	-0.612377010707623	0.891989139904649	0.256309754614512	0.321950767607747	-0.612377010707623	0.357003754233985	2.45938565859247
TRINITY_GG_7231_c1_g1	-0.601161708630327	0.673249060687511	0.348933385543359	2.13457707328202	-0.16713403396673	1.21850647486613	-0.601161708630327	-0.601161708630327	-0.601161708630327	-0.601161708630327	-0.601161708630327	-0.601161708630327
TRINITY_GG_6316_c79_g1	-0.459257437058439	-0.459257437058439	-0.459257437058439	-0.459257437058439	-0.459257437058439	-0.459257437058439	-0.0082441941144657	1.31389495995561	-0.147754321590169	0.908672704373444	0.118956728414016	0.570018745312193
TRINITY_GG_55463_c0_g1	1.00292447819798	0.439023593004653	0.190070037385805	1.34941092643703	2.12258949258135	0.686413575355594	-1.00350399363169	-1.31297211974226	-1.20702236957735	-0.228293811513621	-1.40358604216308	-0.635053766334402
TRINITY_GG_69397_c0_g1	0.249838552498126	-0.552561487616713	0.596047282588507	1.66807802526014	0.508177670240965	0.845788882729251	-0.552561487616713	-0.552561487616713	-0.552561487616713	-0.552561487616713	-0.552561487616713	-0.552561487616713
TRINITY_GG_6728_c2_g1	-1.5931177513181	-1.28412692704765	-0.404751517753311	-1.36301829068254	-1.94882570799645	-1.79618888072136	1.92909101410283	1.37300096363938	1.39034174173433	1.14924709032209	1.51067505876996	1.03767320695082
TRINITY_GG_101043_c0_g1	0.527723130878498	2.0417668194169	0.281894376047487	1.21084987328521	1.08041061722272	1.57904747674116	-1.120282048932	-1.120282048932	-1.120282048932	-1.120282048932	-1.120282048932	-1.120282048932
TRINITY_GG_59050_c38_g1	-0.621149479363038	-0.621149479363038	-0.621149479363038	-0.621149479363038	-0.621149479363038	-0.621149479363038	1.17959514457374	0.810206042210479	0.893351556911247	-0.621149479363038	0.818207699111219	0.646685912734578
TRINITY_GG_19463_c2_g1	4.59416993520602	3.23299768014285	2.43153530549041	1.90226389333962	1.09111822510883	-2.52610419278594	-2.01076789111486	-1.78521822924839	-1.23570564663464	-1.60337990626258	-1.16099191883878	-2.92991725440253
TRINITY_GG_40736_c1_g1	-1.38322243423857	-1.38322243423857	-1.38322243423857	-1.38322243423857	-1.38322243423857	-1.38322243423857	0.485859319461359	0.479129765293448	2.77793968832487	-1.38322243423857	3.73824891895971	2.20137934763063
TRINITY_GG_10986_c27_g1	-0.695600649927195	-0.940277306937891	-0.0688895310772493	-1.64645944235546	-0.939685674761919	-1.73544994788889	1.072982456843	1.0551873710833	0.603530019953335	1.2112638875567	1.01406008784839	1.06933872966388
TRINITY_GG_3476_c13_g3	0.106028746315083	1.2261066427576	-0.688075152244665	0.599397142874402	1.65163235520393	1.23336117856163	-0.688075152244665	-0.688075152244665	-0.688075152244665	-0.688075152244665	-0.688075152244665	-0.688075152244665
TRINITY_GG_106683_c0_g1	1.42877663570907	0.320407065939575	0.537063117726878	1.78299264791686	-0.13894106581706	0.813447077219692	-0.790624246449169	-0.790624246449169	-0.790624246449169	-0.790624246449169	-0.790624246449169	-0.790624246449169
TRINITY_GG_73345_c0_g1	2.28421601067393	0.624260552496637	0.10864081085719	1.5467868503791	0.313275835295856	0.756205407734308	-0.938897577906171	-0.938897577906171	-0.938897577906171	-0.938897577906171	-0.938897577906171	-0.938897577906171
TRINITY_GG_86402_c0_g1	-1.12671772915547	3.08343731744967	1.33297617382777	-1.12671772915547	1.86060313677378	2.73672520519257	-1.12671772915547	-1.12671772915547	-1.12671772915547	-1.12671772915547	-1.12671772915547	-1.12671772915547
TRINITY_GG_6828_c38_g1	-0.594299089521631	-0.594299089521631	-0.594299089521631	-0.594299089521631	-0.594299089521631	-0.594299089521631	0.553007609258662	0.722425932057118	0.676528826032033	-0.594299089521631	1.28540667676066	0.922724582542949
TRINITY_GG_15499_c1_g1	-0.555116723834743	-0.555116723834743	-0.555116723834743	-0.555116723834743	-0.555116723834743	-0.555116723834743	-0.555116723834743	-0.0862727808601054	1.23398649366664	0.359447799659197	1.1202475889144	1.25840796546307
TRINITY_GG_62529_c0_g2	-0.770292189000462	-0.770292189000462	-0.770292189000462	-0.770292189000462	-0.770292189000462	-0.770292189000462	-0.770292189000462	-0.582524441954437	1.8314043274805	1.50382034878331	0.0952307701395021	2.54411431855436
TRINITY_GG_61879_c1_g1	-1.41772524833102	3.11846244844062	4.35399756904906	0.29303250613631	2.49174656231484	-0.247347067980977	-1.3901162392838	-1.30717244594111	-2.12463828132996	-2.21745177862557	-0.263140939848625	-1.28964708459978
TRINITY_GG_9707_c18_g1	2.54132853372789	0.887349242489277	0.921188341167439	0.68574862275788	0.365635178785142	1.69792976143146	-1.20036293396476	-1.23034580018048	-1.0915313312782	-1.14764321085023	-1.19895060390494	-1.23034580018048
TRINITY_GG_105918_c0_g1	2.07376494411887	1.06010697112899	1.69930692901068	1.51357254265787	2.0497541330317	2.82387030217842	-1.87006263702109	-1.87006263702109	-1.87006263702109	-1.87006263702109	-1.87006263702109	-1.87006263702109
TRINITY_GG_47283_c0_g1	1.01474662523684	1.92211167248101	1.64119031207288	1.24104060814076	-0.930486497898055	0.694316267354892	-0.930486497898055	-0.930486497898055	-0.930486497898055	-0.930486497898055	-0.930486497898055	-0.930486497898055
TRINITY_GG_55935_c27_g1	-0.448950680278525	-0.448950680278525	-0.448950680278525	-0.448950680278525	-0.448950680278525	-0.448950680278525	0.109806750095237	0.383736836161007	0.250600952244564	0.784323858712409	1.08211881244743	0.0831168720105055
TRINITY_GG_79511_c1_g1	-0.619160009774033	-1.26816730454514	-1.01302419815675	-0.846400020277649	-1.05023863360354	-1.34523324481728	1.05914712740151	0.69251511292407	1.50616921429563	1.8767143807577	-0.589357798329176	1.59703537412467
TRINITY_GG_4124_c6_g1	3.00071480070713	0.730259404463382	0.572730192061083	2.70900864564749	0.6611085827875	0.0281326676581486	-1.78452663869535	-0.956385717071186	-1.11021314182607	-1.57389878993614	-0.949837159901757	-1.32709284589423
TRINITY_GG_54382_c0_g2	0.401846555640148	0.71963139754909	0.799153676300158	-0.511186444311993	1.30889037678552	0.348783103909033	-0.511186444311993	-0.511186444311993	-0.511186444311993	-0.511186444311993	-0.511186444311993	-0.511186444311993
TRINITY_GG_3102_c0_g1	-0.4829310595416	-0.4829310595416	-0.4829310595416	-0.4829310595416	-0.4829310595416	-0.4829310595416	0.774683070507941	-0.20792401204173	1.37942113999042	0.209496138548108	0.0107162744336105	0.731193745811248
TRINITY_GG_50562_c0_g1	2.85556578438527	-1.25170360920727	3.36388924730369	4.45899263832428	-0.664818796355085	-1.25170360920727	-1.25170360920727	-1.25170360920727	-1.25170360920727	-1.25170360920727	-1.25170360920727	-1.25170360920727
TRINITY_GG_8818_c7_g1	1.15981109476704	0.609458579100444	0.861412162811264	0.356312252774103	0.786461298530831	1.73601483268685	-1.41689793064301	-0.843178593767342	-0.581455910433749	-0.454808087769094	-0.913978419610261	-1.29915127844707
TRINITY_GG_17668_c0_g1	-0.553724097432431	-0.553724097432431	-0.553724097432431	-0.553724097432431	-0.553724097432431	-0.553724097432431	0.685062762154686	0.677093744428652	1.39711754011672	-0.553724097432431	0.274907484255588	0.841887151071372
TRINITY_GG_62722_c2_g1	-0.566581616169322	-0.566581616169322	-0.566581616169322	-0.566581616169322	-0.566581616169322	-0.566581616169322	-0.0117472202751296	1.1650361066713	0.381271527217694	-0.0345140638802915	1.24817386664055	0.651269480641809
TRINITY_GG_46098_c1_g2	1.05086103760665	1.23103851103616	0.945080960922241	1.10399932244702	0.138087028492666	-0.638438122929247	-0.638438122929247	-0.638438122929247	-0.638438122929247	-0.638438122929247	-0.638438122929247	-0.638438122929247
TRINITY_GG_104891_c0_g2	-0.392778081740082	-0.392778081740082	-0.392778081740082	-0.392778081740082	-0.392778081740082	-0.392778081740082	0.153190287365211	-0.145458146760262	0.458421256853212	0.809482901821921	1.18929613965625	-0.108263948495837
TRINITY_GG_69133_c0_g1	-0.88890055956253	1.56869373229388	0.978600591359864	0.720381620354039	0.640170740266581	2.31445723266335	-0.88890055956253	-0.88890055956253	-0.88890055956253	-0.88890055956253	-0.88890055956253	-0.88890055956253
TRINITY_GG_22214_c1_g1	2.37708684014263	0.118873619737371	0.326708908635174	0.783062811609102	1.13252111619088	-0.676893328045022	-0.676893328045022	-0.676893328045022	-0.676893328045022	-0.676893328045022	-0.676893328045022	-0.676893328045022
TRINITY_GG_56112_c21_g1	-0.626299200661892	0.912735502308862	-0.425920402677865	1.52296016483773	1.34160716962826	1.03271197053626	-0.626299200661892	-0.626299200661892	-0.626299200661892	-0.626299200661892	-0.626299200661892	-0.626299200661892
TRINITY_GG_16262_c0_g1	2.33012894404564	1.72475733870162	0.86895235932388	4.29086584333967	1.46442195408857	0.168427397488104	-1.11109948461395	-0.552634420613035	-3.24178791078135	-1.89302864976821	-0.201222047332243	-3.84778132387869
TRINITY_GG_65363_c0_g3	1.85877184647054	1.91046702654405	-0.0616929895697279	0.917703129693331	0.691018650736206	-0.759466809124914	-0.759466809124914	-0.759466809124914	-0.759466809124914	-0.759466809124914	-0.759466809124914	-0.759466809124914
TRINITY_GG_56707_c56_g1	-0.634731510822398	-0.634731510822398	-0.634731510822398	-0.634731510822398	-0.634731510822398	-0.634731510822398	0.755936174737269	0.593625443378651	0.981626186174293	2.30411882618367	-0.192186054717094	-0.634731510822398
TRINITY_GG_80226_c0_g2	-0.31501046157142	0.514099200690037	1.11024404174779	0.404674815827569	0.763398314656097	2.89352976461873	-0.895155945994801	-0.895155945994801	-0.895155945994801	-0.895155945994801	-0.895155945994801	-0.895155945994801
TRINITY_GG_5300_c42_g1	-1.54122850406644	-1.54122850406644	-1.54122850406644	-1.54122850406644	-1.54122850406644	-1.54122850406644	2.31077033304601	2.09580204389859	1.79476917332258	2.54028156405448	-1.54122850406644	2.0469764141434
TRINITY_GG_1978_c78_g2	0.534498373823921	-0.663367017529817	0.238899551553254	1.10386401949406	1.51932527998637	1.24698189785111	-0.663367017529817	-0.663367017529817	-0.663367017529817	-0.663367017529817	-0.663367017529817	-0.663367017529817
TRINITY_GG_38835_c0_g1	-0.610496282933187	0.591137578236464	1.04942827546919	1.28131171810225	0.86718104463212	0.48441536409228	-0.610496282933187	-0.610496282933187	-0.610496282933187	-0.610496282933187	-0.610496282933187	-0.610496282933187
TRINITY_GG_75615_c1_g1	-0.648756578869749	-0.648756578869749	-0.648756578869749	-0.648756578869749	-0.648756578869749	-0.648756578869749	0.910000851504014	-0.648756578869749	0.379105196484761	2.0769845776342	0.187975501589387	0.987229924875875
TRINITY_GG_76233_c0_g1	2.91582673255248	0.548929142454051	0.547398681212024	2.37755833903135	0.384992628598134	-0.195429056066442	-1.38765180351308	-0.665718191735399	-0.524569900147415	-1.18384581259294	-1.1255936377567	-1.69189712203606
TRINITY_GG_61691_c41_g1	-0.548102965222495	-0.548102965222495	-0.548102965222495	-0.548102965222495	-0.548102965222495	-0.548102965222495	0.965893014144518	1.26624236974073	0.243502759482057	-0.548102965222495	0.649762426131243	0.71132018705892
TRINITY_GG_15279_c0_g1	-0.693733698818703	-0.693733698818703	-0.693733698818703	-0.693733698818703	-0.693733698818703	-0.693733698818703	1.89363129211776	0.582465166213539	-0.487090474835307	1.38008653447297	0.713890976747906	0.0794186981953499
TRINITY_GG_12058_c2_g1	0.668001028920483	1.78082085925479	0.760365047069143	0.776752834289025	-0.428668777320875	-0.359238369398903	-0.53300543713561	-0.53300543713561	-0.53300543713561	-0.53300543713561	-0.53300543713561	-0.53300543713561
TRINITY_GG_63475_c0_g1	-0.812183002888192	-0.812183002888192	-0.812183002888192	-0.812183002888192	-0.812183002888192	-0.812183002888192	0.0565037624339435	0.400697563456193	3.98363588430489	0.834440505588391	0.410003304433921	-0.812183002888192
TRINITY_GG_62083_c1_g1	-1.29193763173505	-0.877706633012503	-0.332641048029584	-0.533630005756954	-1.2948072399231	-1.23399028252577	0.996200111716274	0.23115684269353	0.185429569036402	1.17399467397412	1.16501602518504	1.81291561837759
TRINITY_GG_70587_c0_g1	-0.979034060084903	-0.979034060084903	-0.979034060084903	-0.979034060084903	-0.979034060084903	-0.979034060084903	1.48118426858237	1.48013522651405	-0.979034060084903	2.5595041035449	2.17525749575076	-0.842842673797759
TRINITY_GG_890_c13_g2	0.734894259625567	-1.01571224521003	0.825053092113849	0.990765318861179	2.81646890253213	1.74280414333745	-1.01571224521003	-1.01571224521003	-1.01571224521003	-1.01571224521003	-1.01571224521003	-1.01571224521003
TRINITY_GG_2742_c8_g1	-1.70612098086699	-1.51121832433606	-0.825986627650555	-0.572057254106629	-1.50548765129599	-0.540584408788307	-0.0498305087334354	1.3527398445995	2.54504597312652	-0.0196523600684109	2.09334873432461	0.739803563795755
TRINITY_GG_29473_c6_g1	8.73002774590782	-0.999099781691445	2.50073389907545	-1.1116342239128	-1.20793190593533	-1.20283403829565	-0.700782785720561	-1.15405166520937	-1.14791513940741	-1.24020830895908	-1.25069115283468	-1.21561264301695
TRINITY_GG_77111_c5_g1	4.07440254943846	2.57258588357415	2.08549284869525	1.70926159311818	1.96976923952118	-2.11393314646	-2.19830237241663	-1.72243272891735	-0.985903060133188	-1.62755373091517	-1.26023012155983	-2.50315695394505
TRINITY_GG_27615_c2_g2	-1.89112540010806	-0.723909087483433	-1.72040469237406	-2.06203569606294	-1.20608609781228	-0.983948299674672	2.30467257323221	2.29695142511999	0.731311806031759	2.06570276575037	0.173487602841739	1.01538310053937
TRINITY_GG_105106_c0_g1	1.00514700276828	-1.96843655156743	0.507328112310669	3.62134386629912	3.73897134739502	5.0752132988785	-2.53544282668429	-2.34296934494083	-2.56316116327836	-1.01361269011979	-2.05926218469403	-1.46511886636685
TRINITY_GG_103599_c0_g1	-0.734187142175672	-0.734187142175672	-0.734187142175672	-0.734187142175672	-0.734187142175672	-0.734187142175672	1.47931567780824	0.855096964495577	1.503376576142	1.04947903873216	0.252041738051727	-0.734187142175672
TRINITY_GG_78087_c0_g1	0.444352018316464	1.27534963316248	0.606214952019983	-0.522078448989834	0.495130841042389	0.833501698387525	-0.522078448989834	-0.522078448989834	-0.522078448989834	-0.522078448989834	-0.522078448989834	-0.522078448989834
TRINITY_GG_63599_c0_g1	-1.26957465903686	-1.65182222319803	-0.671579594163352	-2.25784006621892	-2.10752608320518	-2.30402080505139	1.96318358514659	2.294675133034	1.08714690718102	0.29694217436348	3.08506871746007	1.53534691368856
TRINITY_GG_25355_c1_g1	-0.65280326114139	-0.65280326114139	-0.65280326114139	-0.65280326114139	-0.65280326114139	-0.65280326114139	-0.0289363992886918	0.843403404782094	0.761332271843061	0.798209981802583	0.922993114187692	0.619817193521602
TRINITY_GG_2742_c1_g1	-0.70962480232555	-0.889457706401097	-0.919032455908081	-1.15558850014317	-1.29221219511692	-2.40237482964298	-1.01911187013705	1.79380025314452	2.36396811598879	-1.05567648194976	2.93725622812704	2.34805424436427
TRINITY_GG_54096_c35_g1	-0.598775664213078	-0.598775664213078	-0.598775664213078	-0.598775664213078	-0.598775664213078	-0.598775664213078	0.228230345425899	0.781399647528947	-0.598775664213078	1.3054193840248	0.694006085014768	1.18237418749713
TRINITY_GG_53871_c354_g1	-0.557821637882156	-0.557821637882156	-0.557821637882156	-0.557821637882156	-0.557821637882156	-0.557821637882156	0.808430625817408	-0.557821637882156	0.0669811273707909	1.27648506508075	0.887905065467828	0.864949581438318
TRINITY_GG_3606_c5_g2	0.519059640216873	1.23731297412091	0.598626897535192	0.605063592637374	0.672920679882506	0.567204723783086	-0.700031418029323	-0.700031418029323	-0.700031418029323	-0.700031418029323	-0.700031418029323	-0.700031418029323
TRINITY_GG_92112_c0_g1	-0.593546887479783	-1.03136398658619	-0.927688346659718	-0.562267720991925	-1.27875105395625	-2.38367449321544	-0.763395879594563	1.61046449867162	2.50919795967509	0.0311001003604621	1.87549915238955	1.51442665738715
TRINITY_GG_65313_c0_g1	-1.17992708049136	-1.17992708049136	-1.17992708049136	-1.17992708049136	-1.17992708049136	-1.17992708049136	2.7260976383036	-1.17992708049136	3.51350411960044	1.37195802298036	-0.741634228912215	1.38956401146735
TRINITY_GG_53857_c5_g1	-1.3893422513519	-0.86798700524987	-1.36049807242108	-1.66038383539606	-1.16864648338358	-1.38395704524507	0.557630710810221	0.290616763305005	1.98076150071822	1.31945662158266	1.22322992357513	2.45911917305632
TRINITY_GG_42708_c1_g3	0.391040732117301	1.56939549339866	-0.157838562749777	0.106297557563588	1.3921703381055	-0.0232435982376816	-0.546303660032931	-0.546303660032931	-0.546303660032931	-0.546303660032931	-0.546303660032931	-0.546303660032931
TRINITY_GG_85494_c2_g4	-0.571983320671753	-0.571983320671753	-0.571983320671753	-0.571983320671753	-0.571983320671753	-0.571983320671753	1.61515097080278	0.338749341231159	0.545711721998001	0.758001329086668	-0.261643200059603	0.435929760971512
TRINITY_GG_1918_c122_g3	-0.34462030056054	-0.34462030056054	-0.34462030056054	-0.34462030056054	-0.34462030056054	-0.34462030056054	-0.116879224721412	0.908158650967644	0.638692570506581	0.504177880683649	0.0743791648707259	0.0591927610560499
TRINITY_GG_55735_c6_g3	1.45004665159027	1.78666012003198	2.05300351753394	2.93409472179103	-1.49518647154463	2.24250028986523	-1.49518647154463	-1.49518647154463	-1.49518647154463	-1.49518647154463	-1.49518647154463	-1.49518647154463
TRINITY_GG_87946_c0_g1	2.02426753064228	0.487640610022534	0.586964437191827	1.38240603770593	0.797340996379813	0.0340911763945266	-1.34626655059547	-0.598916938531268	-0.863950098415613	-0.702410360820747	-0.713472241398025	-1.08769459857578
TRINITY_GG_41978_c4_g3	-0.603013933877202	0.746917439482912	0.913001213126462	2.28314597946021	0.530549591863903	-0.252516686793069	-0.603013933877202	-0.603013933877202	-0.603013933877202	-0.603013933877202	-0.603013933877202	-0.603013933877202
TRINITY_GG_20185_c36_g1	1.47070432481777	0.953708056847605	-0.00961127982592735	0.423422648746762	0.42788689689136	-0.0881728242831	-0.529656303865745	-0.529656303865745	-0.529656303865745	-0.529656303865745	-0.529656303865745	-0.529656303865745
TRINITY_GG_76395_c0_g1	2.57603148838402	0.225523602701255	0.15149446463114	1.49090723377156	0.962923188008852	1.70528106946912	-1.18536017449432	-1.18536017449432	-1.18536017449432	-1.18536017449432	-1.18536017449432	-1.18536017449432
TRINITY_GG_16694_c1_g1	-1.595842051837	-1.63634141411675	-1.26121263627454	-0.209585881391954	-1.04814991913144	-1.40153392467196	-0.381315645253304	1.47081825223208	2.26009095163151	1.12917655389359	1.83681944668599	0.837076268233773
TRINITY_GG_4176_c19_g1	-0.603593812198252	-0.603593812198252	-0.603593812198252	-0.603593812198252	-0.603593812198252	-0.603593812198252	0.76209872499928	1.55893850604321	0.689187937029594	-0.603593812198252	-0.171703463912072	1.38663498122776
TRINITY_GG_7495_c1_g1	2.25750012102561	1.25728383594215	0.263861681087416	3.47777278672149	2.03741128578768	0.491662566466001	-1.1094229050987	-0.889110187073699	-1.79610612349062	-2.42001651249575	-0.1060799785063	-3.46475657036527
TRINITY_GG_39910_c0_g1	3.39256249456254	2.46748817337367	-1.25705296450087	2.68301979627275	-1.25705296450087	1.51335325179797	-1.25705296450087	-1.25705296450087	-1.25705296450087	-1.25705296450087	-1.25705296450087	-1.25705296450087
TRINITY_GG_57857_c0_g1	-0.728713247104013	-0.728713247104013	-0.728713247104013	-0.728713247104013	-0.728713247104013	-0.728713247104013	-0.728713247104013	-0.235065913128803	-0.321632471653512	2.77844710201351	0.994189891456436	1.88505412104046
TRINITY_GG_10442_c4_g1	-0.304202389889418	-1.23220540676599	-0.0513376163286998	-2.6041879318961	-2.72329914378378	-2.68185442548643	2.04423409634537	1.65477654263375	0.10298306000975	1.98638421110918	1.65657630031286	2.15213270373951
TRINITY_GG_24219_c0_g1	-0.809590860615696	-0.809590860615696	-0.809590860615696	-0.809590860615696	-0.809590860615696	-0.809590860615696	-0.165273082278119	1.94871231651621	-0.809590860615696	0.955519501263889	1.41815021522343	1.51002707358447
TRINITY_GG_103175_c21_g1	-0.601417933827119	-0.601417933827119	-0.601417933827119	-0.601417933827119	-0.601417933827119	-0.601417933827119	-0.601417933827119	1.18810266977319	0.83847111379266	0.658005218454296	0.683688317234134	0.841658217535554
TRINITY_GG_15015_c0_g1	-1.02913869361315	-1.02913869361315	0.735122524603969	2.99411665868716	2.00806779356532	2.49580257204872	-1.02913869361315	-1.02913869361315	-1.02913869361315	-1.02913869361315	-1.02913869361315	-1.02913869361315
TRINITY_GG_991_c24_g1	-0.492856183066113	-0.492856183066113	-0.492856183066113	-0.492856183066113	-0.492856183066113	-0.492856183066113	0.847421221700142	1.0211397963009	-0.00228605261991111	-0.0344741789100994	0.569956309338909	0.555380002586735
TRINITY_GG_6717_c101_g1	-0.399478681079654	-0.399478681079654	-0.399478681079654	-0.399478681079654	-0.399478681079654	-0.399478681079654	0.146489688025639	0.148464630210697	1.02919972886858	-0.0176415971736062	0.91840420174976	0.171955434796855
TRINITY_GG_63864_c27_g1	-0.653555677353267	-0.653555677353267	-0.653555677353267	-0.653555677353267	-0.653555677353267	-0.653555677353267	0.816330298921197	1.49016425374165	-0.653555677353267	0.772977460763406	0.462809079338518	1.03260864870809
TRINITY_GG_6717_c39_g2	0.273455873082601	1.43723460440389	0.658706824765135	-0.423303398688585	0.780671389018129	1.78463786635032	-0.831916135028646	-0.842753331834372	-0.602791573427276	-0.840036391218032	-0.555225890175221	-0.838679837247947
TRINITY_GG_21050_c0_g1	-0.667722812921219	-0.667722812921219	-0.667722812921219	-0.667722812921219	-0.667722812921219	-0.667722812921219	1.4043829875592	0.346632480055851	1.85709311543629	0.660539215688194	0.405411891708997	-0.667722812921219
TRINITY_GG_17727_c19_g1	1.4875338902689	2.88659734701447	-1.16529674531982	-1.16529674531982	2.16167196626808	2.78657075900709	-1.16529674531982	-1.16529674531982	-1.16529674531982	-1.16529674531982	-1.16529674531982	-1.16529674531982
TRINITY_GG_92150_c0_g1	0.657423331797335	-0.596565934433452	0.440464796511515	1.78693100972191	0.893490690030859	0.397651712972542	-0.596565934433452	-0.596565934433452	-0.596565934433452	-0.596565934433452	-0.596565934433452	-0.596565934433452
TRINITY_GG_61025_c0_g1	-0.668118155010275	-0.740988472405428	-1.55244119001203	-1.45757837215242	-1.21091314454775	-0.893129523779427	1.48511056681239	1.40041317595572	0.211471276487013	1.43524548370049	0.644604928990693	1.34632342596103
TRINITY_GG_57730_c12_g1	2.93209181576658	0.264350006635222	0.3192434047229	2.39599260810132	0.875569106834703	0.120376099333174	-1.44635898805266	-1.27982412482453	-0.749151779604332	-0.980199804301662	-1.02458091615383	-1.42750742845687
TRINITY_GG_42379_c11_g1	-0.528517976528844	-0.528517976528844	-0.528517976528844	-0.528517976528844	-0.528517976528844	-0.528517976528844	0.100022342733916	0.400515502117012	0.255567166205913	1.68653930437573	0.658616314945692	0.0698472287948005
TRINITY_GG_55463_c1_g1	2.6422581860292	-0.646955540033483	1.79926691252293	1.95361324142786	3.3263701313026	1.42898319864179	-1.62244504016521	-1.95996999010359	-1.97573730596191	-1.44004890674458	-1.78888386582928	-1.71645102108633
TRINITY_GG_60877_c10_g1	-0.597032149638436	-0.597032149638436	-0.597032149638436	-0.597032149638436	-0.597032149638436	-0.597032149638436	0.356046802974071	1.32020863413965	0.523983251322929	1.45433995208259	0.524646406949816	-0.597032149638436
TRINITY_GG_15528_c0_g1	0.352860744317936	0.889314685186683	1.00283706266303	3.35719412293602	1.13373972507691	1.23330958936004	-1.23775246635776	-1.27267324689645	-0.240408874843283	-1.67669568578287	-2.10692339601712	-1.43480225964314
TRINITY_GG_55397_c93_g1	0.959373457129149	0.281521626006854	0.309417504968583	0.0592759020156834	0.416702678124432	0.561474202338406	-0.431294228430518	-0.431294228430518	-0.431294228430518	-0.431294228430518	-0.431294228430518	-0.431294228430518
TRINITY_GG_54007_c0_g1	2.00954385490818	1.51934469227936	0.711560130861886	2.27643616621431	0.523183150713207	-0.0744624650197836	-0.328733609803884	-1.80688556475032	-0.894291715231412	-1.25356137558248	-1.47240397047532	-1.20972929411375
TRINITY_GG_6138_c59_g1	-0.696343498171519	-0.873029558003275	-0.970812371160101	-2.00917226065003	-2.44459180297195	-1.92491518680271	1.19374754795292	1.9228401792703	0.462045856233122	2.00430716297376	1.97591840461973	1.36000552670976
TRINITY_GG_5637_c4_g1	-1.20129606572384	-1.20129606572384	-1.20129606572384	-1.20129606572384	-1.20129606572384	-1.20129606572384	3.003783600026	-0.844025590044276	-1.20129606572384	0.688177476807273	2.5292352085069	3.03190176477095
TRINITY_GG_5842_c10_g2	-0.5469239179276	-0.5469239179276	-0.5469239179276	-0.5469239179276	-0.5469239179276	-0.5469239179276	0.803573329156533	1.06424846211641	0.797336477057818	0.51173892145096	0.651570235711483	-0.5469239179276
TRINITY_GG_88216_c0_g1	4.0703269747395	1.89313739671736	-1.51108453412143	2.41548425695059	3.5321287152363	-1.3334856047937	-1.51108453412143	-1.51108453412143	-1.51108453412143	-1.51108453412143	-1.51108453412143	-1.51108453412143
TRINITY_GG_22167_c0_g1	1.23233387904923	1.66447489868162	-0.643243970378286	1.93361771788301	0.671848917605203	2.13551219270036	-1.66276288541401	-0.176295772339936	-1.94805922694954	-0.663779703292978	-1.43940273192369	-1.10424331562097
TRINITY_GG_62491_c0_g1	-0.96927888807677	-0.96927888807677	-0.96927888807677	-0.96927888807677	-0.96927888807677	-0.96927888807677	2.06193984253395	-0.737846479628804	1.37185294078369	2.42578391144081	-0.96927888807677	1.66322200140775
TRINITY_GG_63599_c7_g1	-0.552386953563338	-1.26758733904588	-0.539133244735192	-0.919664035625574	-1.36327068710119	-1.07864375077304	1.0333585566972	0.972876655212585	0.950942442658168	0.99929939228352	1.96030526066766	-0.196096296674911
TRINITY_GG_57137_c9_g2	-0.467306945463869	-0.467306945463869	-0.467306945463869	-0.467306945463869	-0.467306945463869	-0.467306945463869	0.609252149667736	0.459451586522596	0.322630923516326	0.433414982100246	1.01450862815399	-0.0354165971776881
TRINITY_GG_23546_c6_g1	1.35274562259576	-0.544882051683789	1.03719216971254	0.098512401796103	0.548678124478549	0.777046043203573	-0.544882051683789	-0.544882051683789	-0.544882051683789	-0.544882051683789	-0.544882051683789	-0.544882051683789
TRINITY_GG_47815_c0_g1	-1.01994065054131	-1.01994065054131	-1.01994065054131	-1.01994065054131	-1.01994065054131	-1.01994065054131	1.12279952157477	1.54419359291693	1.54492524454662	-1.01994065054131	1.76078938593507	1.1668768088158
TRINITY_GG_62083_c3_g1	-0.533186297088232	-0.533186297088232	-0.533186297088232	-0.533186297088232	-0.533186297088232	-0.533186297088232	0.539948407541983	-0.311618508549823	0.603661307104649	0.237431349567971	0.659639106464159	1.47005612040045
TRINITY_GG_59156_c16_g1	-0.542632581374372	1.13137602724285	0.767707539237778	0.318925838197657	0.785054782801675	0.795363882140644	-0.542632581374372	-0.542632581374372	-0.542632581374372	-0.542632581374372	-0.542632581374372	-0.542632581374372
TRINITY_GG_53936_c198_g2	0.870372075034043	0.939378720645343	-0.753494786818655	1.21772685503585	1.76352888524593	0.483456971769425	-0.753494786818655	-0.753494786818655	-0.753494786818655	-0.753494786818655	-0.753494786818655	-0.753494786818655
TRINITY_GG_4467_c4_g2	0.344322684822427	1.39266221909389	1.30679173288664	-0.673599223174835	0.509093074341355	1.16232485107954	-0.673599223174835	-0.673599223174835	-0.673599223174835	-0.673599223174835	-0.673599223174835	-0.673599223174835
TRINITY_GG_84986_c0_g1	1.09331000472694	-0.711156638005839	0.341259256145299	2.02717886584509	-0.0267867089928325	1.54313504831638	-0.711156638005839	-0.711156638005839	-0.711156638005839	-0.711156638005839	-0.711156638005839	-0.711156638005839
TRINITY_GG_96573_c0_g1	-0.473196989600332	-1.09973859407289	-0.609133218203306	-0.987566521376624	-0.809631854140094	-0.697134625134472	0.259771425960502	1.31736078213386	0.802964204572198	0.600108450255695	0.861504681470522	0.834692258134936
TRINITY_GG_2742_c5_g1	-0.944288169253133	-0.944288169253133	-0.944288169253133	-0.944288169253133	-0.944288169253133	-0.944288169253133	0.00206840238050121	1.03354124769882	1.80610395189221	0.535459765113092	2.09010364557122	0.198452002862949
TRINITY_GG_34261_c0_g5	-0.736456592156583	-0.736456592156583	-0.736456592156583	-0.736456592156583	-0.736456592156583	-0.736456592156583	1.67496965356988	-0.103257905782579	-0.589801370037118	0.251228085410178	1.47580145204615	1.70979963773298
TRINITY_GG_45597_c0_g1	1.15139060697327	1.00720316694457	0.520996677005109	1.8001116883535	-1.01853439446904	2.65003862200685	-1.01853439446904	-1.01853439446904	-1.01853439446904	-1.01853439446904	-1.01853439446904	-1.01853439446904
TRINITY_GG_18232_c1_g1	-0.801147993007827	-0.801147993007827	-0.515449867049702	-0.801147993007827	-0.801147993007827	-0.732133315092647	0.570689624322593	0.0964796812717233	0.829723390004749	1.03921452565061	0.981260571919546	0.934807361004437
TRINITY_GG_61947_c15_g1	0.192738157174683	1.56955015913517	0.635117505266295	0.339579545503954	0.147039993293302	0.872649061951102	-0.626112403720751	-0.626112403720751	-0.626112403720751	-0.626112403720751	-0.626112403720751	-0.626112403720751
TRINITY_GG_76658_c10_g2	0.520751458873802	1.82948513891626	0.890141354895826	-0.540679141623946	0.05577899793504	0.488597040746686	-0.540679141623946	-0.540679141623946	-0.540679141623946	-0.540679141623946	-0.540679141623946	-0.540679141623946
TRINITY_GG_36810_c0_g1	-0.617168198703868	-0.617168198703868	-0.617168198703868	-0.617168198703868	-0.617168198703868	-0.617168198703868	-0.617168198703868	0.581325954935216	0.972115907967382	1.5121148182411	0.581954443309733	0.672666266473642
TRINITY_GG_80505_c2_g1	0.138018669543803	-0.68083189135163	1.1404701485379	0.541972669693631	0.968553637829885	1.97680811385619	-0.68083189135163	-0.68083189135163	-0.68083189135163	-0.68083189135163	-0.68083189135163	-0.68083189135163
TRINITY_GG_13033_c3_g1	0.367606520720313	1.55721636012483	0.219164923286004	1.1522870604677	0.786370953203003	-0.583235116828835	-0.583235116828835	-0.583235116828835	-0.583235116828835	-0.583235116828835	-0.583235116828835	-0.583235116828835
TRINITY_GG_8825_c72_g1	-0.48932832596298	-0.48932832596298	-0.48932832596298	-0.48932832596298	-0.48932832596298	-0.48932832596298	0.101393444046861	0.980036727741864	1.15959723349014	0.87580426748955	-0.0898837613735222	-0.0909779556170151
TRINITY_GG_106275_c6_g1	1.51376950225884	1.31873387689145	0.592777376698629	0.457759116338288	1.42891679464187	-0.758850952404154	-0.758850952404154	-0.758850952404154	-0.758850952404154	-0.758850952404154	-0.758850952404154	-0.758850952404154
TRINITY_GG_69890_c0_g1	-0.747193529716669	-0.747193529716669	-0.747193529716669	-0.747193529716669	-0.747193529716669	-0.747193529716669	0.731519472725053	0.706982363469133	0.777371691360531	-0.747193529716669	1.98094467370226	1.03353650675971
TRINITY_GG_2980_c11_g1	-0.820800853298984	-0.820800853298984	-0.820800853298984	-0.820800853298984	-0.820800853298984	-0.820800853298984	0.228132791898938	1.33591934635283	-0.820800853298984	0.70125489586198	1.8448193107674	1.63547962821174
TRINITY_GG_66498_c0_g2	-0.85660095111265	-0.85660095111265	-0.85660095111265	-0.85660095111265	-0.600798114509932	-0.85660095111265	-0.344626969330849	0.891001279162294	0.780313629243228	1.04257467936786	1.07659396884778	1.43794628278287
TRINITY_GG_63258_c9_g1	-0.675586880848942	-0.675586880848942	-0.675586880848942	-0.675586880848942	-0.675586880848942	-0.675586880848942	-0.675586880848942	0.112681202017895	0.687864576222771	3.13742466775668	0.704588430893083	0.08654928905217
TRINITY_GG_14680_c0_g2	-0.933657060523606	-0.933657060523606	-0.933657060523606	-0.933657060523606	-0.933657060523606	-0.933657060523606	1.58462627724651	0.777397261288461	1.74035154809362	-0.933657060523606	1.08355222950862	1.34967210752804
TRINITY_GG_1572_c55_g1	0.196301118154577	-0.549581570747682	0.139270173118199	0.296811450104678	1.80487058983188	1.40981766402444	-0.549581570747682	-0.549581570747682	-0.549581570747682	-0.549581570747682	-0.549581570747682	-0.549581570747682
TRINITY_GG_56612_c11_g1	-0.648618630860142	0.241244250505037	0.857780200667312	0.984114895090393	1.34197324172744	1.11521782803081	-0.648618630860142	-0.648618630860142	-0.648618630860142	-0.648618630860142	-0.648618630860142	-0.648618630860142
TRINITY_GG_63831_c34_g2	0.761550912208454	1.12237692097349	-0.702594544482732	1.21807986655889	0.880443079313932	0.93571103232436	-0.702594544482732	-0.702594544482732	-0.702594544482732	-0.702594544482732	-0.702594544482732	-0.702594544482732
TRINITY_GG_2742_c16_g2	-0.800158230178101	-0.82482028441237	-0.933998539837451	-1.17644861351515	-1.17644861351515	-1.17644861351515	0.460929781357142	1.20011961191056	1.63070019452812	0.290309002211019	2.60889268519003	-0.102628380223481
TRINITY_GG_63388_c2_g1	-0.794760962756504	-0.794760962756504	-0.794760962756504	-0.794760962756504	-0.794760962756504	-0.794760962756504	1.32426314038577	0.915852639626173	-0.794760962756504	0.866532593098803	1.58513720076819	0.871541165416591
TRINITY_GG_56958_c37_g1	-0.768715729117227	-0.768715729117227	-0.768715729117227	-0.768715729117227	-0.768715729117227	-0.768715729117227	2.37124484042823	0.765345873303892	0.53287191748596	0.585736431462335	1.12581104114017	-0.768715729117227
TRINITY_GG_102185_c0_g3	-0.932403181269442	-0.932403181269442	-0.932403181269442	-0.932403181269442	-0.932403181269442	-0.932403181269442	0.899068751578257	1.05564521621375	0.891346179038831	2.12105575067208	1.55970637138317	-0.932403181269442
TRINITY_GG_1218_c65_g1	1.42289390489068	2.32014995619893	1.03303634759938	1.82573535935668	-0.452456440390229	1.88773269928866	-1.47972408349325	-2.44348056289343	0.0111039033900302	-1.74106551627039	-1.06857382366348	-1.31535174401357
TRINITY_GG_20372_c0_g3	1.14005618343868	-0.555046802201804	0.545258103593882	1.13066913378885	0.635251989424791	0.434092205166429	-0.555046802201804	-0.555046802201804	-0.555046802201804	-0.555046802201804	-0.555046802201804	-0.555046802201804
TRINITY_GG_12668_c10_g1	1.52383795421377	-0.690908568468628	0.694246328415716	0.961233703668036	0.0584111561054526	1.59863083687742	-0.690908568468628	-0.690908568468628	-0.690908568468628	-0.690908568468628	-0.690908568468628	-0.690908568468628
TRINITY_GG_75209_c0_g1	2.51326415570832	1.25700517526731	-0.0484360699750011	1.8079207525566	0.918796274756662	-0.129595717909771	-0.827547651725405	-0.624426986878073	-0.46772576505853	-1.55551265660099	-1.43550179507279	-1.40823971506833
TRINITY_GG_5115_c57_g1	-0.57127332592881	-0.57127332592881	-0.57127332592881	-0.57127332592881	-0.57127332592881	-0.57127332592881	-0.57127332592881	0.567541142973471	1.48114256822233	0.470670504041357	0.829264603654918	0.650294462609599
TRINITY_GG_14511_c30_g1	0.6170250109854	0.170461006152613	-0.00896137621827725	0.791086383613038	-0.0996845466322033	1.04588840709362	-0.419302480832365	-0.419302480832365	-0.419302480832365	-0.419302480832365	-0.419302480832365	-0.419302480832365
TRINITY_GG_42277_c11_g2	-0.661925282324747	-0.661925282324747	-0.661925282324747	-0.661925282324747	-0.661925282324747	-0.661925282324747	1.19406441498373	1.06490593470775	-0.661925282324747	-0.0305881381972661	1.40983738697534	0.995257377803676
TRINITY_GG_8608_c4_g1	1.79254811990607	1.32840775142703	-0.443080128587067	1.62806975689189	1.15777048384293	0.701541297243973	-1.2972025467856	-0.918401196642478	-1.24419710896955	-0.735445174868516	-1.01938608683046	-0.950625166628216
TRINITY_GG_69904_c0_g1	1.11322038469054	0.930591383854248	2.35221639600507	1.70757862638632	2.40837096145657	1.67506254749353	-1.78418398764279	-1.67886921876222	-1.8766601747757	-2.84942518240173	0.119536346044514	-2.11743808234834
TRINITY_GG_543_c1_g1	-0.515785166876163	-1.24202770428391	-0.60072339917666	-1.51280355088774	-1.63892533817785	-0.510368621970688	0.284302929332886	0.936351292496612	0.329707243512261	0.870511549795423	2.3209223016829	1.27883846455293
TRINITY_GG_45003_c0_g1	1.82118387678593	2.09563384414384	1.64645103214791	-1.05930574990189	0.680974232770996	1.17089726346453	-1.05930574990189	-1.05930574990189	-1.05930574990189	-1.05930574990189	-1.05930574990189	-1.05930574990189
TRINITY_GG_6116_c2_g1	1.34949089049542	1.21538542256668	1.07958068622632	1.17942758727081	-1.03345297907357	2.41028626695578	-1.03345297907357	-1.03345297907357	-1.03345297907357	-1.03345297907357	-1.03345297907357	-1.03345297907357
TRINITY_GG_3055_c1_g1	-1.06051205757276	-1.06051205757276	-1.06051205757276	-1.06051205757276	-1.06051205757276	-1.06051205757276	-1.06051205757276	0.79746893755481	2.26487435708701	0.0424819357505635	2.18376614100538	2.13499303161156
TRINITY_GG_83396_c0_g1	4.29938206352167	4.02857517173491	1.94647877527197	2.44447224505846	1.55466397931433	-1.05754855581503	-2.25758709721499	-2.12926300023945	-2.10379052809425	-2.56611815648464	-1.35064448541635	-2.80862041163663
TRINITY_GG_83273_c0_g1	2.18807354857125	3.40115282433371	-1.02262701405855	-1.02262701405855	2.07042603395718	0.521363705606296	-1.02262701405855	-1.02262701405855	-1.02262701405855	-1.02262701405855	-1.02262701405855	-1.02262701405855
TRINITY_GG_64132_c15_g1	-0.56479309854635	-0.56479309854635	-0.56479309854635	-0.56479309854635	-0.56479309854635	-0.56479309854635	0.991023056515289	0.284805912605101	-0.16316263196161	-0.0168497872559999	1.14096368350345	1.15197835787187
TRINITY_GG_33128_c0_g1	-0.930866024602277	-0.930866024602277	-0.930866024602277	-0.930866024602277	-0.930866024602277	-0.930866024602277	1.68854698599566	0.99816745404358	0.714835633976558	1.04732960507937	0.960164243238646	0.176152225279843
TRINITY_GG_4392_c85_g1	1.10488321500232	0.246365571263436	0.215730436521325	1.26468187789904	1.15854426465368	-0.570029337905686	-0.570029337905686	-0.570029337905686	-0.570029337905686	-0.570029337905686	-0.570029337905686	-0.570029337905686
TRINITY_GG_13612_c0_g2	-0.642337464177441	-0.642337464177441	-0.642337464177441	-0.642337464177441	-0.642337464177441	-0.642337464177441	-0.642337464177441	-0.0914367995299172	1.44817726571081	0.741159479977925	1.20164637987089	1.19681592321238
TRINITY_GG_62402_c5_g1	0.290312186875384	0.752430111319951	1.55799471872271	-0.521980657997887	0.515752969448628	0.537374619618534	-0.521980657997887	-0.521980657997887	-0.521980657997887	-0.521980657997887	-0.521980657997887	-0.521980657997887
TRINITY_GG_53764_c0_g1	-0.699061089765528	-0.699061089765528	-0.699061089765528	-0.699061089765528	-0.699061089765528	-0.699061089765528	0.187684134976581	0.923400777617202	-0.699061089765528	0.674447925752479	1.53942008170923	1.56847470830321
TRINITY_GG_62853_c32_g1	3.05004616910469	1.81028229228893	1.87601543440136	1.43987485767775	-0.0419009815792595	1.75998990199566	-1.74234069972035	-1.18260417528737	-1.74234069972035	-1.74234069972035	-1.74234069972035	-1.74234069972035
TRINITY_GG_62221_c82_g1	-0.742384243699406	-0.742384243699406	-0.742384243699406	-0.742384243699406	-0.742384243699406	-0.742384243699406	1.41918101269763	0.404270978420059	1.23654353268199	1.66931315982146	0.467381022274697	-0.742384243699406
TRINITY_GG_16262_c3_g1	2.80381110638381	1.435639416289	0.851696868233019	3.4596818869529	2.15826395786656	0.561065135048817	-1.20819680663188	-1.53996076390827	-2.07083850266813	-2.08791255630655	-1.08216060556453	-3.28108913569476
TRINITY_GG_47032_c2_g2	4.33112724701068	1.49522891287497	-1.47746374112929	3.068504627976	2.92484914117268	-1.47746374112929	-1.47746374112929	-1.47746374112929	-1.47746374112929	-1.47746374112929	-1.47746374112929	-1.47746374112929
TRINITY_GG_6728_c95_g1	-1.22607746631704	-1.62598622230122	-0.858011399177478	-0.902576951610922	-2.10107110525001	-1.03136893861994	1.45093700585626	1.11367541743239	1.30042283944763	0.919342197294181	2.47418070843661	0.486533914809526
TRINITY_GG_1292_c0_g1	-1.00574695564106	-1.00574695564106	-1.00574695564106	-1.00574695564106	-1.00574695564106	-1.00574695564106	2.34460884381897	2.23502529943555	0.278174816666556	0.818002404667211	1.36441732489915	-1.00574695564106
